seq_score,occurence
49.71,1.0
53.04,1.0
59.13,1.0
59.44,1.0
62.09,1.0
62.32,1.0
64.08,1.0
64.44,1.0
64.46,1.0
65.12,1.0
65.38,1.0
65.88,1.0
66.0,1.0
66.19,1.0
66.25,1.0
66.7,1.0
66.76,1.0
66.93,1.0
67.3,1.0
68.03,1.0
68.2,1.0
68.5,1.0
68.66,1.0
68.84,1.0
68.96,1.0
68.99,1.0
69.35,1.0
69.48,1.0
69.76,1.0
69.97,1.0
70.09,1.0
70.58,1.0
70.94,1.0
71.02,1.0
71.03,1.0
71.1,1.0
71.34,1.0
71.5,1.0
71.53,1.0
71.63,1.0
72.09,2.0
72.93,1.0
73.05,1.0
73.33,1.0
73.76,1.0
73.87,1.0
74.06,1.0
74.12,1.0
74.43,1.0
74.86,1.0

