read_length,mapped,occurence
110,1,1
116,1,1
150,0,7
151,0,22
151,1,1
152,0,9
153,0,3
154,0,7
155,0,4
156,0,4
156,1,1
157,0,8
157,1,1
158,0,8
159,0,14
159,1,2
160,0,27
161,0,47
162,0,69
162,1,1
163,0,18
164,0,3
165,0,9
165,1,1
166,0,6
167,0,3
167,1,1
168,0,3
168,1,1
169,0,12
169,1,3
170,0,7
171,0,6
172,0,3
172,1,3
173,0,8
173,1,3
174,0,5
174,1,1
175,0,8
175,1,7
176,0,8
176,1,16
177,0,33
177,1,69
178,0,8
178,1,7
179,0,8
179,1,4
180,0,4
181,0,7
181,1,5
182,0,5
182,1,9
183,0,3
183,1,5
184,0,4
184,1,8
185,0,1
185,1,15
186,0,5
186,1,69
187,0,5
187,1,9
188,0,7
188,1,1
189,0,2
190,0,4
190,1,6
191,0,1
191,1,3
192,0,2
192,1,2
193,0,2
193,1,2
194,0,1
195,0,3
195,1,3
196,0,3
197,0,2
198,0,3
198,1,1
199,0,4
199,1,1
200,0,1
200,1,1
201,1,4
202,0,4
202,1,4
203,0,2
203,1,2
204,0,4
204,1,7
205,0,3
205,1,1
206,0,4
206,1,6
207,0,2
207,1,2
208,0,6
209,0,7
209,1,2
210,0,5
210,1,2
211,0,2
211,1,1
212,0,4
212,1,5
213,0,7
213,1,5
214,0,15
214,1,9
215,0,3
215,1,3
216,0,5
216,1,12
217,0,7
217,1,23
218,0,5
218,1,49
219,0,7
219,1,351
220,0,3
220,1,51
221,0,6
221,1,27
222,0,6
222,1,29
223,0,6
223,1,24
224,0,4
224,1,55
225,0,12
225,1,108
226,0,15
226,1,590
227,0,7
227,1,91
228,0,10
228,1,34
229,0,5
229,1,25
230,0,3
230,1,14
231,0,3
231,1,10
232,1,3
233,0,1
233,1,6
234,0,1
234,1,4
235,0,1
235,1,5
236,0,2
236,1,6
237,1,4
238,0,1
238,1,3
239,0,3
239,1,3
240,0,1
240,1,10
241,1,4
242,1,6
243,0,2
243,1,8
244,0,5
244,1,6
245,1,7
246,0,2
246,1,22
247,0,3
247,1,15
248,0,4
248,1,6
249,0,1
249,1,23
250,0,7
250,1,22
251,0,7
251,1,31
252,0,7
252,1,68
253,0,9
253,1,20
254,0,12
254,1,16
255,0,19
255,1,14
256,0,10
256,1,15
257,0,49
257,1,20
258,0,89
258,1,23
259,0,208
259,1,42
260,0,43
260,1,50
261,0,12
261,1,64
262,0,13
262,1,72
263,0,6
263,1,215
264,0,3
264,1,236
265,0,5
265,1,233
266,0,2
266,1,256
267,0,4
267,1,182
268,0,1
268,1,173
269,1,239
270,0,4
270,1,292
271,0,5
271,1,386
272,0,5
272,1,674
273,0,6
273,1,948
274,0,5
274,1,1495
275,0,8
275,1,2081
276,0,2
276,1,4442
277,0,6
277,1,15756
278,0,5
278,1,2783
279,0,2
279,1,1048
280,0,3
280,1,641
281,0,4
281,1,311
282,0,1
282,1,167
283,0,4
283,1,93
284,0,4
284,1,42
285,0,4
285,1,43
286,0,4
286,1,22
287,0,10
287,1,12
288,0,6
288,1,14
289,0,4
289,1,9
290,0,3
290,1,3
291,0,4
291,1,7
292,1,5
293,0,4
293,1,3
294,0,2
294,1,3
295,0,1
295,1,3
296,0,2
296,1,1
297,0,1
297,1,4
298,0,1
298,1,2
299,0,5
299,1,3
300,0,1
300,1,7
301,1,2
302,0,1
302,1,3
303,0,3
303,1,6
304,0,6
304,1,9
305,0,1
305,1,8
306,1,5
307,0,3
307,1,5
308,0,2
308,1,7
309,0,5
309,1,7
310,0,3
310,1,10
311,0,1
311,1,15
312,0,4
312,1,25
313,0,2
313,1,41
314,0,3
314,1,29
315,0,6
315,1,22
316,0,4
316,1,39
317,0,6
317,1,69
318,0,6
318,1,26
319,0,4
319,1,15
320,0,8
320,1,8
321,0,10
321,1,2
322,0,12
322,1,4
323,0,15
323,1,2
324,0,21
324,1,3
325,0,17
325,1,1
326,0,24
326,1,2
327,0,40
327,1,4
328,0,38
329,0,70
329,1,1
330,0,93
330,1,1
331,0,145
332,0,206
332,1,1
333,0,272
333,1,1
334,0,419
335,0,587
336,0,991
336,1,1
337,0,1650
338,0,481
338,1,2
339,0,220
339,1,3
340,0,120
341,0,60
341,1,1
342,0,42
342,1,3
343,0,19
344,0,18
344,1,1
345,0,6
345,1,1
346,0,10
346,1,3
347,0,6
347,1,1
348,0,2
348,1,3
349,0,1
350,0,2
350,1,2
351,1,2
352,0,1
352,1,1
353,0,2
353,1,2
354,0,2
354,1,3
355,1,2
356,0,2
356,1,2
357,0,3
357,1,3
358,0,2
358,1,1
359,0,3
360,0,3
360,1,1
361,0,3
362,0,7
362,1,2
363,0,5
363,1,1
364,0,5
364,1,1
365,0,4
365,1,1
366,0,4
367,0,3
368,0,4
368,1,1
369,0,5
369,1,1
370,0,6
371,0,12
372,0,17
372,1,1
373,0,27
374,0,8
375,0,12
376,0,12
377,0,15
377,1,2
378,0,9
379,0,4
380,0,3
381,0,3
381,1,1
382,0,1
383,0,3
383,1,2
384,0,6
384,1,2
385,0,3
385,1,1
386,1,1
387,0,2
387,1,1
388,0,4
388,1,1
389,0,3
389,1,1
390,0,4
391,0,4
391,1,1
392,0,3
393,0,1
394,0,3
395,0,1
396,0,4
397,0,6
398,0,1
398,1,1
399,0,3
400,0,1
400,1,1
401,0,1
403,0,1
404,0,5
404,1,1
405,0,1
406,0,4
407,0,2
407,1,1
408,0,2
408,1,2
409,0,3
410,0,10
410,1,1
411,0,8
412,0,30
413,0,14
414,0,23
415,0,61
416,0,11
417,0,6
418,0,3
418,1,1
419,0,7
420,0,7
421,0,2
422,1,1
423,0,3
424,0,3
425,0,3
427,0,2
428,0,3
428,1,2
429,0,2
429,1,1
430,0,1
430,1,1
431,0,5
432,0,13
433,0,7
433,1,1
434,0,6
434,1,3
435,0,3
435,1,1
436,0,2
437,0,2
437,1,1
439,0,3
440,0,3
440,1,1
441,0,2
444,0,1
445,1,1
446,0,3
447,0,3
447,1,3
448,0,1
449,0,2
450,0,1
451,0,2
452,1,1
453,0,1
454,0,1
455,0,3
456,0,2
457,1,1
458,0,2
459,0,2
459,1,1
460,0,2
461,0,3
461,1,1
462,0,2
463,0,1
464,0,3
464,1,1
465,1,1
467,0,2
468,1,1
469,0,1
470,0,1
470,1,2
471,0,2
472,0,2
472,1,1
473,0,1
475,0,2
476,0,4
477,0,1
477,1,1
478,0,2
480,0,1
480,1,2
481,0,2
482,0,2
483,0,2
483,1,1
485,0,2
489,0,1
490,0,4
491,0,3
492,0,1
493,0,1
493,1,1
494,0,1
495,0,1
496,0,1
497,0,2
497,1,1
498,0,2
501,0,1
502,0,1
502,1,1
503,0,1
505,0,3
505,1,1
506,0,2
507,0,2
507,1,1
508,0,1
509,0,1
510,0,1
511,0,1
512,1,1
514,0,5
516,0,2
516,1,2
519,0,3
520,0,1
521,1,1
523,0,1
524,0,2
525,0,3
525,1,1
528,0,1
529,1,1
530,1,1
531,0,2
533,0,3
535,1,3
536,0,2
536,1,1
537,0,1
539,0,1
539,1,1
540,0,1
541,0,2
541,1,2
542,1,1
544,0,2
545,0,1
545,1,2
546,0,3
546,1,4
547,1,1
548,0,1
548,1,1
549,0,3
549,1,2
550,0,3
550,1,7
551,0,2
551,1,3
552,1,5
553,0,2
553,1,9
554,0,2
554,1,5
555,0,2
555,1,9
556,0,4
556,1,2
557,1,2
558,0,1
559,0,3
559,1,1
560,0,1
560,1,1
561,0,1
561,1,1
562,0,2
563,0,1
564,0,1
564,1,1
565,0,1
566,0,1
567,0,3
568,1,1
569,0,1
570,0,1
571,0,1
572,1,1
573,0,2
575,0,1
575,1,1
576,0,1
577,1,2
578,0,1
578,1,1
579,0,2
580,0,4
582,0,2
582,1,2
583,0,1
583,1,1
586,0,2
588,0,3
589,1,2
591,1,1
592,1,2
593,0,2
593,1,1
594,0,1
595,0,3
595,1,1
596,1,1
597,0,1
597,1,1
598,0,1
600,1,1
601,0,1
602,1,1
603,0,3
603,1,3
604,0,1
605,0,1
605,1,1
606,1,1
607,0,2
607,1,2
608,1,2
609,1,1
610,0,3
610,1,3
611,0,1
611,1,3
612,1,2
613,1,4
614,0,2
614,1,2
617,1,2
618,1,1
619,0,1
619,1,1
620,0,2
621,0,1
622,0,1
624,0,2
630,0,1
630,1,1
631,0,1
632,1,1
633,0,2
633,1,1
634,0,1
635,0,6
635,1,1
636,0,2
637,0,1
637,1,2
638,0,3
639,0,1
640,0,1
641,0,1
641,1,1
642,0,2
642,1,2
644,0,2
645,0,1
647,0,3
647,1,1
648,1,1
649,1,1
650,0,3
651,0,1
651,1,1
652,0,1
653,1,2
654,0,1
655,0,1
657,0,1
662,1,1
663,0,1
665,0,1
667,0,2
669,0,2
672,0,3
674,0,2
676,0,2
677,0,1
678,1,1
679,0,1
682,0,1
684,0,1
687,0,1
689,0,1
690,0,1
691,1,1
693,0,2
694,1,1
695,0,2
696,1,1
698,1,1
700,0,1
703,0,2
704,0,3
705,0,1
709,0,1
710,0,1
711,0,1
711,1,1
712,0,1
719,0,2
720,1,1
721,0,1
722,0,2
723,0,2
724,0,1
725,1,1
727,0,1
728,0,1
731,0,2
732,0,1
733,0,1
734,0,2
735,0,2
736,0,1
739,1,1
743,0,1
745,0,1
746,0,3
747,0,1
752,0,1
753,0,2
755,0,1
756,1,1
758,0,4
759,0,2
760,0,4
760,1,1
761,0,1
762,0,2
763,0,4
764,0,5
765,0,4
766,0,3
767,0,4
767,1,1
768,0,20
768,1,1
769,0,20
770,0,17
771,0,13
772,1,1
773,0,6
774,0,1
775,0,1
776,0,2
777,0,4
778,0,1
779,0,1
780,0,1
780,1,1
781,0,1
786,0,1
787,0,1
790,1,2
792,1,1
793,0,1
795,0,2
796,1,1
800,0,1
802,1,1
804,0,2
805,0,1
806,0,2
808,0,1
809,0,1
810,0,1
811,0,1
812,0,1
814,0,2
815,0,1
816,1,1
820,0,1
821,0,1
822,0,1
826,0,1
827,0,1
830,0,2
831,1,1
833,0,1
838,0,1
838,1,1
839,0,1
844,0,1
846,0,1
847,0,1
849,0,1
850,0,2
851,0,1
856,0,3
857,0,2
858,0,1
859,0,1
859,1,1
860,0,1
860,1,1
865,1,1
866,0,1
866,1,1
869,0,1
869,1,1
871,1,1
872,0,1
873,0,1
875,0,1
876,0,2
877,0,1
883,0,1
884,1,1
886,0,1
887,0,2
887,1,1
890,0,1
892,0,1
897,0,1
898,0,1
900,0,2
902,0,1
905,0,2
906,1,1
907,0,1
909,0,1
915,0,1
916,0,1
916,1,1
917,0,1
917,1,1
919,0,3
921,1,1
922,0,1
924,1,1
925,1,1
927,0,2
928,1,2
929,0,1
930,0,1
930,1,1
933,1,1
934,1,1
935,0,1
935,1,1
936,0,1
936,1,4
937,1,1
938,1,4
939,0,1
939,1,2
940,0,1
941,1,4
942,0,2
942,1,2
943,0,1
946,0,2
947,0,1
948,0,1
949,0,1
951,0,1
952,0,1
953,0,1
954,0,1
955,0,1
955,1,1
956,0,1
957,0,1
958,0,1
960,0,1
961,0,1
964,0,1
968,0,1
969,1,1
970,0,1
970,1,1
973,0,2
974,0,1
975,1,1
980,0,1
981,0,1
982,0,1
984,0,1
986,0,1
987,0,1
991,1,2
996,0,1
997,0,1
1002,0,2
1005,0,2
1006,0,1
1008,0,1
1009,0,1
1010,1,1
1011,0,1
1013,0,4
1014,0,1
1017,0,2
1018,0,1
1019,0,2
1022,0,1
1023,0,1
1028,0,1
1028,1,1
1029,0,2
1031,0,1
1031,1,1
1032,0,1
1034,0,1
1035,1,1
1036,0,1
1037,0,1
1038,1,1
1041,1,1
1043,0,2
1046,0,1
1048,0,1
1049,0,1
1051,0,1
1052,0,1
1053,1,1
1054,1,1
1055,0,2
1057,1,1
1062,1,1
1072,0,1
1073,0,1
1074,0,1
1075,0,3
1076,0,1
1077,0,2
1080,0,1
1083,0,1
1085,0,1
1086,1,1
1087,0,1
1087,1,1
1088,0,1
1088,1,1
1091,0,1
1098,0,1
1100,0,1
1102,0,1
1104,0,1
1104,1,1
1105,0,1
1106,0,1
1107,0,1
1111,0,3
1112,0,1
1113,0,1
1116,0,1
1119,0,1
1120,1,1
1121,0,1
1128,0,1
1133,0,2
1134,0,1
1135,0,1
1142,0,1
1142,1,1
1144,0,1
1145,0,1
1146,0,3
1149,0,1
1152,0,1
1154,0,1
1159,0,1
1161,1,1
1162,0,1
1164,0,1
1166,1,1
1169,1,1
1172,0,2
1175,0,2
1177,0,1
1178,0,1
1184,0,1
1186,0,1
1187,0,2
1188,0,1
1189,0,1
1195,0,1
1198,0,1

