GC_content,occurence
35.58,1.0
37.71,1.0
37.8,1.0
38.32,1.0
39.43,1.0
39.77,1.0
40.66,1.0
40.77,1.0
40.83,1.0
40.88,1.0
41.06,1.0
41.22,1.0
41.25,1.0
41.38,1.0
41.41,1.0
41.48,1.0
41.82,1.0
41.87,1.0
41.92,1.0
42.0,1.0
42.01,1.0
42.26,1.0
42.41,2.0
42.42,1.0
42.45,1.0
42.86,2.0
42.94,1.0
43.07,1.0
43.12,1.0
43.14,1.0
43.26,1.0
43.34,1.0
43.42,1.0
43.43,1.0
43.48,1.0
43.58,1.0
43.64,1.0
43.71,1.0
43.73,1.0
43.75,1.0
43.78,1.0
43.87,1.0
43.89,1.0
43.93,1.0
43.95,2.0
43.97,1.0
44.0,1.0
44.03,1.0
44.08,3.0
44.11,1.0
44.12,3.0
44.13,1.0
44.16,1.0
44.19,1.0
44.2,1.0
44.25,1.0
44.27,1.0
44.3,1.0
44.32,1.0
44.37,1.0
44.38,1.0
44.42,1.0
44.44,1.0
44.5,2.0
44.53,1.0
44.59,3.0
44.62,1.0
44.65,3.0
44.67,3.0
44.68,2.0
44.7,1.0
44.71,1.0
44.74,1.0
44.77,2.0
44.81,2.0
44.83,3.0
44.85,1.0
44.9,1.0
44.94,3.0
44.97,1.0
44.98,1.0
45.0,1.0
45.02,1.0
45.03,2.0
45.06,1.0
45.08,1.0
45.1,2.0
45.13,2.0
45.14,3.0
45.16,2.0
45.18,1.0
45.2,2.0
45.22,1.0
45.24,3.0
45.25,1.0
45.26,1.0
45.28,1.0
45.29,1.0
45.3,1.0
45.33,2.0
45.34,2.0
45.35,1.0
45.36,2.0
45.39,3.0
45.4,2.0
45.41,1.0
45.45,4.0
45.49,1.0
45.51,1.0
45.54,3.0
45.56,4.0
45.61,2.0
45.62,1.0
45.63,1.0
45.66,1.0
45.67,1.0
45.7,1.0
45.71,2.0
45.73,1.0
45.74,1.0
45.76,1.0
45.78,1.0
45.81,4.0
45.83,3.0
45.85,1.0
45.86,1.0
45.87,1.0
45.88,2.0
45.9,1.0
45.91,1.0
45.92,1.0
45.93,2.0
45.95,1.0
45.96,3.0
45.97,1.0
45.98,1.0
46.0,2.0
46.02,3.0
46.03,3.0
46.05,1.0
46.06,2.0
46.07,2.0
46.1,1.0
46.11,2.0
46.12,1.0
46.14,1.0
46.15,2.0
46.2,5.0
46.22,1.0
46.23,1.0
46.24,4.0
46.25,2.0
46.26,1.0
46.27,2.0
46.29,4.0
46.31,3.0
46.32,2.0
46.33,7.0
46.34,1.0
46.35,1.0
46.36,1.0
46.38,1.0
46.39,2.0
46.4,1.0
46.41,4.0
46.43,4.0
46.45,4.0
46.46,3.0
46.47,3.0
46.49,1.0
46.5,1.0
46.51,4.0
46.52,2.0
46.53,3.0
46.54,1.0
46.55,2.0
46.56,1.0
46.57,4.0
46.58,3.0
46.59,4.0
46.6,3.0
46.61,2.0
46.62,1.0
46.63,4.0
46.65,1.0
46.67,4.0
46.69,1.0
46.7,4.0
46.71,5.0
46.72,1.0
46.73,2.0
46.74,4.0
46.75,6.0
46.76,1.0
46.77,3.0
46.78,3.0
46.82,6.0
46.83,1.0
46.84,6.0
46.85,1.0
46.86,5.0
46.88,7.0
46.89,3.0
46.9,1.0
46.91,5.0
46.93,2.0
46.94,1.0
46.95,4.0
46.97,1.0
46.98,1.0
46.99,3.0
47.0,2.0
47.02,6.0
47.03,5.0
47.06,6.0
47.09,7.0
47.1,2.0
47.12,4.0
47.13,8.0
47.14,2.0
47.15,1.0
47.16,6.0
47.17,1.0
47.18,3.0
47.19,2.0
47.2,1.0
47.21,1.0
47.22,4.0
47.23,2.0
47.24,4.0
47.25,5.0
47.26,1.0
47.27,3.0
47.28,2.0
47.29,2.0
47.31,7.0
47.32,4.0
47.33,4.0
47.34,9.0
47.35,3.0
47.37,15.0
47.38,1.0
47.39,3.0
47.4,7.0
47.42,3.0
47.43,9.0
47.44,6.0
47.45,5.0
47.46,8.0
47.47,8.0
47.49,1.0
47.5,6.0
47.51,2.0
47.52,4.0
47.53,4.0
47.54,3.0
47.55,1.0
47.56,6.0
47.57,6.0
47.59,2.0
47.6,6.0
47.62,8.0
47.63,1.0
47.64,2.0
47.65,6.0
47.66,1.0
47.67,5.0
47.68,7.0
47.69,1.0
47.7,4.0
47.71,3.0
47.72,4.0
47.73,9.0
47.74,11.0
47.75,2.0
47.76,3.0
47.77,4.0
47.78,4.0
47.79,1.0
47.8,9.0
47.81,3.0
47.83,7.0
47.85,6.0
47.86,6.0
47.87,6.0
47.88,9.0
47.89,7.0
47.9,11.0
47.91,2.0
47.92,2.0
47.93,5.0
47.94,3.0
47.95,13.0
47.96,5.0
47.97,1.0
47.98,3.0
47.99,1.0
48.0,26.0
48.01,3.0
48.02,5.0
48.03,9.0
48.04,5.0
48.05,8.0
48.06,3.0
48.07,1.0
48.08,15.0
48.09,2.0
48.1,12.0
48.11,8.0
48.12,16.0
48.13,5.0
48.14,1.0
48.15,14.0
48.16,3.0
48.17,11.0
48.18,5.0
48.19,6.0
48.2,3.0
48.21,7.0
48.22,4.0
48.23,3.0
48.24,17.0
48.25,4.0
48.26,20.0
48.28,14.0
48.29,10.0
48.3,6.0
48.31,9.0
48.32,4.0
48.33,8.0
48.34,11.0
48.35,8.0
48.36,3.0
48.37,10.0
48.39,18.0
48.4,10.0
48.41,13.0
48.42,4.0
48.43,10.0
48.44,14.0
48.45,11.0
48.46,3.0
48.47,12.0
48.48,14.0
48.5,20.0
48.51,7.0
48.52,9.0
48.53,9.0
48.54,22.0
48.55,17.0
48.56,5.0
48.57,13.0
48.58,7.0
48.59,5.0
48.6,4.0
48.61,1.0
48.62,8.0
48.63,8.0
48.64,3.0
48.65,8.0
48.66,11.0
48.67,12.0
48.68,17.0
48.69,5.0
48.7,19.0
48.71,3.0
48.72,19.0
48.73,18.0
48.74,6.0
48.75,8.0
48.76,6.0
48.77,20.0
48.78,13.0
48.79,10.0
48.8,12.0
48.81,10.0
48.82,23.0
48.83,5.0
48.84,27.0
48.85,12.0
48.86,11.0
48.87,4.0
48.88,7.0
48.89,7.0
48.9,7.0
48.91,8.0
48.92,6.0
48.93,1.0
48.94,11.0
48.95,12.0
48.96,8.0
48.97,16.0
48.98,10.0
48.99,10.0
49.0,12.0
49.01,28.0
49.02,23.0
49.03,36.0
49.04,31.0
49.05,6.0
49.06,15.0
49.07,16.0
49.08,23.0
49.09,14.0
49.1,12.0
49.11,21.0
49.12,35.0
49.13,19.0
49.14,19.0
49.15,15.0
49.16,6.0
49.17,21.0
49.18,9.0
49.19,8.0
49.2,8.0
49.21,20.0
49.22,10.0
49.23,8.0
49.24,8.0
49.25,22.0
49.26,5.0
49.27,12.0
49.28,23.0
49.29,12.0
49.3,9.0
49.31,9.0
49.32,4.0
49.33,15.0
49.34,17.0
49.35,12.0
49.36,22.0
49.37,20.0
49.38,43.0
49.39,21.0
49.4,36.0
49.41,29.0
49.42,39.0
49.43,39.0
49.44,21.0
49.45,14.0
49.46,22.0
49.47,15.0
49.48,18.0
49.49,17.0
49.5,21.0
49.51,24.0
49.52,22.0
49.53,10.0
49.54,8.0
49.55,24.0
49.56,14.0
49.57,15.0
49.58,18.0
49.59,10.0
49.6,9.0
49.61,5.0
49.62,11.0
49.63,3.0
49.64,9.0
49.65,9.0
49.66,7.0
49.67,20.0
49.68,34.0
49.69,47.0
49.7,35.0
49.71,70.0
49.72,32.0
49.73,30.0
49.74,52.0
49.75,28.0
49.76,42.0
49.77,27.0
49.78,23.0
49.79,26.0
49.8,10.0
49.81,16.0
49.82,22.0
49.83,3.0
49.84,16.0
49.85,7.0
49.86,5.0
49.87,9.0
49.88,4.0
49.9,5.0
49.91,1.0
50.0,686.0
50.11,1.0
50.12,2.0
50.13,8.0
50.14,6.0
50.15,9.0
50.16,25.0
50.17,17.0
50.18,24.0
50.19,18.0
50.2,19.0
50.21,53.0
50.22,38.0
50.23,29.0
50.24,65.0
50.25,53.0
50.26,62.0
50.27,29.0
50.28,34.0
50.29,114.0
50.3,63.0
50.31,68.0
50.32,82.0
50.33,66.0
50.34,15.0
50.35,8.0
50.36,20.0
50.37,12.0
50.38,17.0
50.39,11.0
50.4,21.0
50.41,21.0
50.42,33.0
50.43,18.0
50.44,23.0
50.45,27.0
50.46,22.0
50.47,18.0
50.48,32.0
50.49,38.0
50.5,29.0
50.51,33.0
50.52,47.0
50.53,40.0
50.54,48.0
50.55,25.0
50.56,31.0
50.57,81.0
50.58,85.0
50.59,69.0
50.6,60.0
50.61,33.0
50.62,76.0
50.63,89.0
50.64,71.0
50.65,67.0
50.66,64.0
50.67,57.0
50.68,21.0
50.69,18.0
50.7,26.0
50.71,15.0
50.72,60.0
50.73,47.0
50.74,33.0
50.75,40.0
50.76,25.0
50.77,20.0
50.78,32.0
50.79,66.0
50.8,32.0
50.81,32.0
50.82,26.0
50.83,60.0
50.84,32.0
50.85,40.0
50.86,41.0
50.87,113.0
50.88,149.0
50.89,59.0
50.9,40.0
50.91,33.0
50.92,58.0
50.93,65.0
50.94,67.0
50.95,32.0
50.96,106.0
50.97,95.0
50.98,68.0
50.99,64.0
51.0,14.0
51.01,29.0
51.02,28.0
51.03,48.0
51.04,66.0
51.05,69.0
51.06,43.0
51.07,21.0
51.08,43.0
51.09,46.0
51.1,45.0
51.11,30.0
51.12,27.0
51.13,34.0
51.14,36.0
51.15,103.0
51.16,156.0
51.17,19.0
51.18,100.0
51.19,53.0
51.2,59.0
51.21,68.0
51.22,87.0
51.23,93.0
51.24,30.0
51.25,74.0
51.26,32.0
51.27,129.0
51.28,82.0
51.29,27.0
51.3,93.0
51.31,45.0
51.32,67.0
51.33,52.0
51.34,50.0
51.35,56.0
51.36,28.0
51.37,30.0
51.38,31.0
51.39,19.0
51.4,29.0
51.41,20.0
51.42,19.0
51.43,56.0
51.44,75.0
51.45,147.0
51.46,160.0
51.47,46.0
51.48,73.0
51.49,40.0
51.5,77.0
51.51,10.0
51.52,87.0
51.53,108.0
51.54,38.0
51.55,90.0
51.56,68.0
51.57,94.0
51.58,48.0
51.59,36.0
51.6,51.0
51.61,72.0
51.62,15.0
51.63,54.0
51.64,28.0
51.65,44.0
51.66,38.0
51.67,60.0
51.68,23.0
51.69,94.0
51.7,18.0
51.71,62.0
51.72,148.0
51.73,9.0
51.74,111.0
51.75,38.0
51.76,84.0
51.77,35.0
51.78,53.0
51.79,114.0
51.8,29.0
51.81,92.0
51.82,32.0
51.83,74.0
51.84,21.0
51.85,105.0
51.86,12.0
51.87,60.0
51.88,74.0
51.89,38.0
51.9,55.0
51.91,39.0
51.92,79.0
51.93,27.0
51.94,52.0
51.95,44.0
51.96,45.0
51.97,44.0
51.98,59.0
51.99,16.0
52.0,69.0
52.01,19.0
52.02,89.0
52.03,26.0
52.04,63.0
52.05,67.0
52.06,39.0
52.07,67.0
52.08,56.0
52.09,15.0
52.1,61.0
52.11,29.0
52.12,69.0
52.13,29.0
52.14,21.0
52.15,78.0
52.16,44.0
52.17,105.0
52.18,1.0
52.19,42.0
52.2,64.0
52.21,27.0
52.22,53.0
52.23,40.0
52.24,40.0
52.25,26.0
52.26,55.0
52.27,39.0
52.28,41.0
52.29,28.0
52.3,35.0
52.31,30.0
52.32,27.0
52.33,49.0
52.34,22.0
52.35,37.0
52.36,44.0
52.37,3.0
52.38,81.0
52.39,2.0
52.4,40.0
52.41,46.0
52.42,24.0
52.43,35.0
52.44,54.0
52.45,29.0
52.46,26.0
52.47,37.0
52.48,32.0
52.49,21.0
52.5,41.0
52.51,21.0
52.52,19.0
52.53,40.0
52.54,22.0
52.55,25.0
52.56,24.0
52.57,17.0
52.58,22.0
52.59,25.0
52.6,27.0
52.61,26.0
52.62,8.0
52.63,59.0
52.64,4.0
52.65,19.0
52.66,33.0
52.67,25.0
52.68,25.0
52.69,34.0
52.7,15.0
52.71,29.0
52.72,21.0
52.73,47.0
52.74,24.0
52.75,17.0
52.76,37.0
52.77,14.0
52.78,14.0
52.79,29.0
52.8,24.0
52.81,16.0
52.82,17.0
52.83,7.0
52.84,16.0
52.85,18.0
52.86,6.0
52.87,21.0
52.88,17.0
52.89,14.0
52.9,16.0
52.91,19.0
52.92,14.0
52.93,1.0
52.94,51.0
52.96,14.0
52.97,27.0
52.98,23.0
52.99,9.0
53.0,17.0
53.01,22.0
53.02,18.0
53.03,9.0
53.04,12.0
53.05,20.0
53.06,12.0
53.07,8.0
53.08,4.0
53.09,16.0
53.1,8.0
53.11,12.0
53.12,18.0
53.13,4.0
53.14,19.0
53.15,18.0
53.16,18.0
53.17,11.0
53.18,12.0
53.19,11.0
53.2,9.0
53.21,12.0
53.22,11.0
53.23,18.0
53.24,7.0
53.25,17.0
53.26,10.0
53.27,7.0
53.28,3.0
53.29,18.0
53.3,8.0
53.31,12.0
53.33,29.0
53.36,7.0
53.37,15.0
53.38,6.0
53.39,13.0
53.4,5.0
53.41,5.0
53.42,11.0
53.43,5.0
53.44,1.0
53.45,5.0
53.46,3.0
53.47,4.0
53.48,11.0
53.49,7.0
53.5,4.0
53.51,8.0
53.52,2.0
53.53,12.0
53.54,7.0
53.55,15.0
53.56,7.0
53.57,7.0
53.58,1.0
53.59,38.0
53.6,5.0
53.61,7.0
53.62,7.0
53.63,4.0
53.64,8.0
53.65,6.0
53.66,5.0
53.67,3.0
53.68,3.0
53.69,4.0
53.7,10.0
53.71,2.0
53.72,13.0
53.73,3.0
53.74,1.0
53.75,6.0
53.76,3.0
53.77,4.0
53.78,6.0
53.79,4.0
53.8,7.0
53.81,5.0
53.82,1.0
53.83,1.0
53.85,15.0
53.86,1.0
53.87,3.0
53.88,4.0
53.89,2.0
53.9,15.0
53.91,3.0
53.92,2.0
53.93,2.0
53.94,1.0
53.95,7.0
53.96,4.0
53.97,8.0
53.98,1.0
53.99,5.0
54.0,4.0
54.01,4.0
54.02,3.0
54.04,4.0
54.05,3.0
54.07,2.0
54.08,6.0
54.09,1.0
54.1,2.0
54.11,3.0
54.12,2.0
54.13,1.0
54.14,3.0
54.15,3.0
54.17,3.0
54.18,1.0
54.19,10.0
54.2,2.0
54.22,2.0
54.23,1.0
54.24,1.0
54.25,7.0
54.26,3.0
54.28,1.0
54.3,3.0
54.31,2.0
54.32,1.0
54.34,3.0
54.35,1.0
54.36,1.0
54.37,4.0
54.39,4.0
54.4,3.0
54.41,1.0
54.42,1.0
54.43,1.0
54.44,4.0
54.46,4.0
54.48,1.0
54.49,1.0
54.5,3.0
54.55,7.0
54.59,3.0
54.6,2.0
54.61,1.0
54.62,1.0
54.68,2.0
54.69,2.0
54.71,1.0
54.73,1.0
54.74,2.0
54.75,1.0
54.76,1.0
54.77,1.0
54.78,1.0
54.79,3.0
54.82,2.0
54.84,1.0
54.85,2.0
54.9,1.0
54.91,1.0
54.97,1.0
55.06,2.0
55.07,1.0
55.14,1.0
55.17,2.0
55.19,3.0
55.21,1.0
55.25,1.0
55.26,2.0
55.31,1.0
55.32,1.0
55.33,1.0
55.36,1.0
55.42,1.0
55.43,2.0
55.46,1.0
55.49,1.0
55.59,1.0
55.6,1.0
55.62,2.0
55.84,1.0
55.85,1.0
55.94,1.0
55.98,1.0
56.01,1.0
56.13,2.0
56.15,1.0
56.17,1.0
56.18,1.0
56.25,1.0
56.28,1.0
56.39,1.0
56.46,1.0
56.48,1.0
56.49,1.0
56.61,1.0
56.65,1.0
56.7,1.0
56.89,1.0
56.93,1.0
56.97,1.0
57.03,1.0
57.06,1.0
57.14,2.0
57.37,1.0
57.47,1.0
57.56,1.0
57.67,1.0
58.12,1.0
58.14,1.0
58.27,1.0
58.37,1.0
58.72,1.0
58.79,1.0
58.99,1.0
59.07,1.0
59.18,1.0
59.19,1.0
59.21,1.0
59.25,1.0
59.35,1.0
59.54,1.0
59.57,1.0
59.72,2.0
59.74,1.0
59.83,1.0
59.89,1.0
60.0,1.0
60.83,1.0
60.98,1.0
61.11,1.0
61.62,1.0
61.78,1.0
62.1,1.0
62.15,1.0
62.24,1.0
62.56,1.0
62.66,1.0
62.83,1.0
63.03,1.0
63.58,1.0
63.7,1.0
63.76,1.0
64.13,1.0
64.51,1.0
64.52,1.0
64.93,1.0
64.99,1.0
65.09,1.0
65.89,1.0
67.23,1.0

