GC_content,mapped,occurence
28.42,0.0,1.0
28.55,0.0,1.0
28.62,0.0,1.0
28.96,0.0,1.0
29.08,0.0,1.0
29.14,0.0,1.0
29.16,0.0,1.0
29.21,0.0,1.0
29.32,0.0,1.0
29.45,0.0,1.0
29.55,0.0,1.0
29.67,0.0,1.0
29.68,0.0,1.0
29.81,0.0,1.0
29.88,0.0,1.0
30.15,0.0,1.0
30.16,0.0,1.0
30.34,0.0,1.0
30.48,0.0,1.0
30.54,0.0,1.0
30.77,0.0,1.0
30.95,0.0,1.0
31.18,0.0,1.0
31.3,0.0,2.0
31.34,0.0,1.0
31.42,0.0,1.0
31.46,0.0,1.0
31.49,0.0,2.0
31.5,0.0,1.0
31.52,0.0,1.0
31.72,0.0,1.0
31.95,0.0,1.0
32.13,0.0,2.0
32.4,0.0,1.0
32.83,0.0,1.0
32.98,0.0,1.0
33.03,0.0,1.0
33.19,0.0,1.0
33.22,0.0,1.0
33.5,0.0,1.0
33.66,0.0,1.0
33.76,0.0,1.0
33.85,0.0,1.0
33.9,0.0,1.0
33.94,0.0,1.0
34.08,0.0,1.0
34.12,0.0,1.0
34.15,0.0,2.0
34.19,0.0,1.0
34.2,0.0,2.0
34.31,0.0,1.0
34.38,0.0,1.0
34.42,0.0,1.0
34.46,0.0,1.0
34.58,0.0,1.0
34.63,0.0,1.0
34.67,0.0,1.0
34.85,0.0,1.0
34.95,0.0,1.0
34.97,0.0,1.0
34.98,0.0,1.0
35.11,0.0,1.0
35.17,0.0,1.0
35.18,0.0,1.0
35.35,0.0,1.0
35.38,0.0,2.0
35.4,0.0,1.0
35.53,0.0,1.0
35.54,0.0,1.0
35.58,0.0,1.0
35.67,0.0,1.0
35.7,0.0,1.0
35.87,0.0,1.0
35.92,0.0,1.0
35.94,0.0,1.0
35.97,0.0,2.0
36.12,0.0,2.0
36.2,0.0,2.0
36.36,0.0,4.0
36.39,0.0,1.0
36.4,0.0,2.0
36.42,0.0,1.0
36.5,0.0,1.0
36.51,0.0,1.0
36.59,0.0,1.0
36.68,0.0,1.0
36.71,0.0,1.0
36.72,0.0,1.0
36.73,0.0,2.0
36.79,0.0,1.0
36.84,0.0,1.0
37.01,0.0,1.0
37.05,0.0,1.0
37.06,0.0,1.0
37.11,0.0,1.0
37.13,1.0,1.0
37.14,0.0,1.0
37.22,0.0,1.0
37.24,0.0,1.0
37.26,0.0,1.0
37.29,0.0,2.0
37.31,0.0,1.0
37.37,0.0,2.0
37.38,0.0,1.0
37.4,0.0,1.0
37.41,0.0,2.0
37.42,0.0,1.0
37.44,0.0,1.0
37.46,0.0,1.0
37.48,0.0,1.0
37.5,0.0,1.0
37.54,0.0,2.0
37.58,0.0,1.0
37.64,0.0,1.0
37.66,0.0,1.0
37.68,0.0,1.0
37.78,0.0,2.0
37.79,0.0,1.0
37.8,0.0,1.0
37.88,0.0,1.0
37.94,0.0,1.0
37.98,0.0,1.0
37.99,0.0,1.0
38.0,0.0,1.0
38.01,0.0,1.0
38.03,0.0,2.0
38.07,0.0,2.0
38.14,0.0,3.0
38.2,0.0,1.0
38.21,0.0,1.0
38.24,0.0,1.0
38.28,0.0,1.0
38.29,0.0,1.0
38.3,0.0,2.0
38.31,0.0,4.0
38.32,0.0,1.0
38.33,0.0,1.0
38.35,0.0,3.0
38.39,0.0,1.0
38.41,0.0,1.0
38.43,0.0,1.0
38.44,0.0,1.0
38.46,0.0,1.0
38.51,0.0,1.0
38.52,0.0,1.0
38.53,0.0,1.0
38.55,0.0,1.0
38.57,0.0,1.0
38.6,0.0,2.0
38.61,0.0,1.0
38.62,0.0,1.0
38.64,0.0,2.0
38.64,1.0,1.0
38.65,0.0,3.0
38.66,0.0,1.0
38.67,0.0,2.0
38.71,0.0,1.0
38.73,0.0,2.0
38.79,0.0,1.0
38.81,0.0,1.0
38.82,0.0,1.0
38.83,0.0,2.0
38.85,0.0,1.0
38.95,0.0,9.0
38.98,0.0,1.0
39.01,0.0,1.0
39.02,0.0,2.0
39.04,0.0,2.0
39.08,0.0,3.0
39.09,0.0,3.0
39.1,0.0,1.0
39.11,0.0,1.0
39.14,0.0,1.0
39.15,0.0,1.0
39.16,0.0,3.0
39.17,0.0,1.0
39.18,0.0,3.0
39.2,0.0,2.0
39.21,0.0,1.0
39.22,0.0,2.0
39.23,0.0,2.0
39.3,0.0,8.0
39.31,0.0,1.0
39.36,0.0,3.0
39.38,0.0,2.0
39.39,0.0,1.0
39.4,0.0,2.0
39.41,0.0,6.0
39.42,0.0,2.0
39.43,0.0,2.0
39.44,0.0,7.0
39.45,0.0,3.0
39.48,0.0,1.0
39.5,0.0,1.0
39.52,0.0,3.0
39.53,0.0,1.0
39.54,0.0,3.0
39.55,0.0,1.0
39.57,0.0,1.0
39.58,0.0,4.0
39.59,0.0,1.0
39.63,0.0,2.0
39.64,0.0,3.0
39.65,0.0,11.0
39.66,0.0,1.0
39.67,0.0,2.0
39.69,0.0,1.0
39.71,0.0,3.0
39.72,0.0,1.0
39.73,0.0,2.0
39.74,0.0,1.0
39.75,0.0,2.0
39.77,0.0,2.0
39.79,0.0,4.0
39.8,0.0,2.0
39.83,0.0,1.0
39.85,0.0,1.0
39.86,0.0,3.0
39.91,0.0,1.0
39.93,0.0,1.0
40.0,0.0,6.0
40.03,0.0,2.0
40.07,0.0,6.0
40.09,0.0,1.0
40.12,0.0,1.0
40.13,0.0,1.0
40.14,0.0,1.0
40.19,0.0,2.0
40.23,0.0,1.0
40.24,0.0,1.0
40.25,0.0,1.0
40.29,0.0,2.0
40.3,0.0,1.0
40.34,0.0,2.0
40.38,0.0,1.0
40.39,0.0,1.0
40.41,0.0,1.0
40.43,0.0,2.0
40.45,0.0,1.0
40.47,0.0,1.0
40.48,0.0,2.0
40.52,0.0,1.0
40.53,0.0,1.0
40.57,0.0,4.0
40.58,0.0,2.0
40.6,0.0,1.0
40.61,0.0,2.0
40.62,0.0,2.0
40.63,0.0,1.0
40.64,0.0,2.0
40.65,0.0,2.0
40.67,0.0,2.0
40.69,0.0,2.0
40.7,0.0,1.0
40.71,0.0,1.0
40.73,0.0,2.0
40.74,0.0,1.0
40.76,0.0,3.0
40.77,0.0,2.0
40.83,0.0,1.0
40.85,0.0,1.0
40.86,0.0,2.0
40.89,0.0,1.0
40.9,0.0,1.0
40.92,0.0,1.0
40.93,0.0,2.0
40.96,0.0,2.0
40.99,0.0,1.0
41.02,0.0,1.0
41.03,0.0,2.0
41.04,0.0,1.0
41.07,0.0,1.0
41.08,0.0,1.0
41.09,0.0,1.0
41.11,0.0,1.0
41.13,0.0,1.0
41.15,0.0,1.0
41.18,0.0,1.0
41.2,0.0,1.0
41.22,0.0,1.0
41.23,0.0,1.0
41.25,0.0,2.0
41.27,0.0,2.0
41.29,0.0,1.0
41.3,0.0,1.0
41.34,0.0,1.0
41.36,0.0,1.0
41.4,0.0,6.0
41.43,0.0,1.0
41.45,0.0,1.0
41.46,0.0,1.0
41.47,0.0,1.0
41.48,0.0,1.0
41.49,0.0,2.0
41.51,0.0,1.0
41.52,0.0,1.0
41.53,0.0,3.0
41.54,0.0,1.0
41.55,0.0,2.0
41.57,0.0,1.0
41.58,0.0,1.0
41.6,0.0,2.0
41.62,0.0,2.0
41.63,0.0,3.0
41.64,0.0,1.0
41.65,0.0,1.0
41.67,0.0,2.0
41.68,0.0,1.0
41.72,0.0,5.0
41.73,0.0,1.0
41.74,1.0,1.0
41.75,0.0,1.0
41.77,0.0,1.0
41.79,0.0,2.0
41.83,0.0,2.0
41.84,0.0,2.0
41.85,0.0,1.0
41.86,0.0,1.0
41.9,0.0,2.0
41.91,0.0,1.0
41.93,0.0,2.0
41.94,0.0,2.0
41.97,0.0,2.0
41.99,0.0,1.0
42.02,0.0,1.0
42.03,0.0,1.0
42.05,0.0,1.0
42.08,0.0,1.0
42.09,0.0,1.0
42.09,1.0,1.0
42.11,0.0,2.0
42.13,0.0,3.0
42.14,0.0,3.0
42.14,1.0,1.0
42.15,0.0,1.0
42.19,0.0,2.0
42.2,0.0,2.0
42.23,0.0,1.0
42.25,0.0,1.0
42.26,0.0,1.0
42.28,0.0,1.0
42.29,0.0,2.0
42.29,1.0,1.0
42.35,0.0,1.0
42.36,0.0,1.0
42.37,0.0,3.0
42.38,0.0,1.0
42.4,0.0,1.0
42.41,0.0,2.0
42.43,0.0,1.0
42.44,0.0,1.0
42.47,0.0,1.0
42.48,0.0,3.0
42.49,0.0,1.0
42.5,0.0,1.0
42.51,0.0,2.0
42.52,0.0,1.0
42.54,0.0,1.0
42.55,0.0,1.0
42.56,0.0,1.0
42.57,0.0,1.0
42.58,0.0,3.0
42.62,0.0,2.0
42.63,0.0,3.0
42.64,0.0,2.0
42.65,0.0,1.0
42.65,1.0,1.0
42.67,0.0,3.0
42.68,0.0,1.0
42.69,0.0,1.0
42.7,0.0,1.0
42.71,0.0,1.0
42.74,0.0,1.0
42.76,0.0,1.0
42.77,0.0,1.0
42.79,0.0,1.0
42.8,0.0,2.0
42.82,0.0,2.0
42.84,0.0,1.0
42.86,0.0,1.0
42.88,0.0,2.0
42.89,0.0,1.0
42.9,0.0,1.0
42.91,0.0,1.0
42.94,0.0,1.0
42.95,0.0,1.0
42.96,0.0,3.0
42.97,0.0,1.0
42.98,0.0,2.0
42.99,0.0,2.0
43.0,0.0,1.0
43.01,0.0,1.0
43.06,0.0,3.0
43.08,0.0,1.0
43.09,0.0,2.0
43.1,0.0,2.0
43.12,0.0,2.0
43.16,0.0,1.0
43.21,0.0,1.0
43.22,0.0,1.0
43.24,0.0,1.0
43.26,0.0,1.0
43.27,0.0,1.0
43.29,0.0,2.0
43.3,0.0,4.0
43.31,0.0,3.0
43.32,0.0,3.0
43.33,0.0,1.0
43.34,0.0,3.0
43.35,0.0,2.0
43.37,0.0,2.0
43.39,0.0,3.0
43.4,0.0,2.0
43.41,0.0,1.0
43.42,0.0,1.0
43.43,0.0,1.0
43.45,0.0,2.0
43.46,0.0,1.0
43.5,0.0,1.0
43.52,0.0,1.0
43.54,0.0,2.0
43.54,1.0,1.0
43.55,0.0,4.0
43.56,0.0,1.0
43.57,0.0,2.0
43.57,1.0,1.0
43.59,0.0,1.0
43.6,0.0,1.0
43.62,0.0,2.0
43.64,0.0,2.0
43.65,0.0,1.0
43.66,0.0,2.0
43.67,0.0,2.0
43.7,0.0,1.0
43.7,1.0,1.0
43.71,0.0,2.0
43.72,0.0,3.0
43.75,0.0,1.0
43.76,0.0,1.0
43.77,0.0,2.0
43.79,0.0,2.0
43.79,1.0,1.0
43.8,0.0,2.0
43.81,0.0,3.0
43.82,0.0,2.0
43.84,0.0,1.0
43.86,0.0,1.0
43.87,0.0,1.0
43.89,0.0,2.0
43.9,0.0,2.0
43.91,0.0,2.0
43.92,0.0,4.0
43.93,0.0,1.0
43.94,0.0,1.0
43.95,0.0,3.0
43.96,0.0,2.0
43.98,0.0,4.0
43.99,0.0,1.0
44.0,0.0,3.0
44.02,0.0,2.0
44.03,0.0,1.0
44.04,0.0,1.0
44.05,0.0,1.0
44.07,0.0,2.0
44.09,0.0,3.0
44.12,0.0,2.0
44.15,0.0,3.0
44.16,0.0,2.0
44.17,0.0,1.0
44.19,0.0,4.0
44.2,0.0,2.0
44.21,0.0,1.0
44.22,0.0,1.0
44.23,0.0,1.0
44.23,1.0,1.0
44.24,0.0,1.0
44.25,0.0,1.0
44.26,0.0,1.0
44.27,0.0,1.0
44.28,0.0,1.0
44.29,0.0,1.0
44.3,0.0,1.0
44.31,0.0,2.0
44.33,0.0,2.0
44.33,1.0,1.0
44.34,0.0,3.0
44.35,0.0,1.0
44.35,1.0,1.0
44.36,0.0,1.0
44.38,0.0,2.0
44.38,1.0,1.0
44.39,0.0,1.0
44.41,0.0,2.0
44.43,0.0,1.0
44.44,0.0,3.0
44.47,0.0,1.0
44.48,1.0,1.0
44.5,0.0,1.0
44.51,0.0,4.0
44.52,0.0,4.0
44.53,0.0,2.0
44.54,0.0,2.0
44.55,0.0,3.0
44.58,0.0,2.0
44.6,0.0,2.0
44.62,0.0,2.0
44.63,0.0,1.0
44.64,0.0,1.0
44.66,0.0,2.0
44.67,0.0,1.0
44.68,0.0,4.0
44.69,0.0,1.0
44.7,0.0,2.0
44.71,0.0,2.0
44.72,0.0,1.0
44.75,0.0,2.0
44.79,0.0,1.0
44.81,0.0,2.0
44.82,0.0,1.0
44.83,0.0,1.0
44.84,0.0,1.0
44.85,0.0,1.0
44.86,0.0,2.0
44.88,0.0,1.0
44.89,0.0,1.0
44.9,0.0,1.0
44.91,0.0,1.0
44.92,0.0,1.0
44.93,0.0,2.0
44.95,0.0,1.0
44.95,1.0,1.0
44.97,0.0,1.0
44.98,0.0,2.0
44.99,0.0,3.0
45.0,0.0,1.0
45.0,1.0,1.0
45.02,0.0,4.0
45.04,0.0,1.0
45.05,0.0,3.0
45.07,0.0,1.0
45.09,0.0,3.0
45.1,0.0,1.0
45.1,1.0,1.0
45.11,0.0,2.0
45.12,0.0,1.0
45.13,0.0,3.0
45.15,0.0,2.0
45.16,0.0,2.0
45.17,0.0,1.0
45.18,0.0,1.0
45.2,0.0,1.0
45.21,0.0,2.0
45.22,0.0,1.0
45.23,0.0,1.0
45.26,0.0,1.0
45.27,0.0,1.0
45.28,0.0,2.0
45.29,0.0,1.0
45.29,1.0,1.0
45.3,0.0,1.0
45.32,0.0,1.0
45.34,0.0,3.0
45.34,1.0,1.0
45.35,0.0,2.0
45.36,0.0,2.0
45.4,0.0,2.0
45.41,0.0,2.0
45.42,0.0,2.0
45.43,0.0,1.0
45.44,0.0,1.0
45.45,0.0,1.0
45.47,0.0,1.0
45.48,0.0,1.0
45.49,0.0,1.0
45.49,1.0,1.0
45.5,0.0,1.0
45.51,0.0,1.0
45.52,0.0,2.0
45.53,0.0,1.0
45.54,0.0,3.0
45.56,0.0,1.0
45.57,0.0,1.0
45.57,1.0,1.0
45.59,0.0,1.0
45.6,0.0,2.0
45.61,0.0,1.0
45.62,0.0,4.0
45.63,0.0,1.0
45.65,0.0,1.0
45.66,0.0,2.0
45.67,0.0,1.0
45.68,1.0,1.0
45.69,0.0,2.0
45.7,0.0,1.0
45.7,1.0,2.0
45.72,0.0,2.0
45.76,0.0,1.0
45.77,0.0,1.0
45.78,0.0,3.0
45.79,0.0,3.0
45.81,0.0,3.0
45.81,1.0,1.0
45.82,0.0,3.0
45.82,1.0,1.0
45.83,0.0,2.0
45.84,0.0,1.0
45.85,0.0,1.0
45.86,0.0,1.0
45.86,1.0,1.0
45.87,0.0,1.0
45.88,0.0,1.0
45.89,0.0,1.0
45.9,0.0,2.0
45.91,0.0,4.0
45.93,0.0,1.0
45.94,0.0,1.0
45.95,1.0,1.0
45.97,0.0,2.0
45.98,0.0,2.0
46.0,0.0,1.0
46.01,0.0,4.0
46.01,1.0,1.0
46.02,0.0,1.0
46.04,0.0,1.0
46.05,0.0,1.0
46.06,0.0,1.0
46.07,0.0,1.0
46.08,0.0,3.0
46.09,0.0,1.0
46.1,0.0,5.0
46.11,0.0,3.0
46.14,0.0,1.0
46.15,0.0,3.0
46.15,1.0,3.0
46.16,0.0,1.0
46.18,0.0,2.0
46.19,0.0,1.0
46.2,0.0,1.0
46.21,0.0,1.0
46.23,0.0,1.0
46.24,0.0,1.0
46.26,0.0,1.0
46.27,0.0,1.0
46.28,0.0,1.0
46.29,0.0,1.0
46.3,0.0,2.0
46.3,1.0,1.0
46.31,0.0,2.0
46.32,0.0,2.0
46.33,0.0,1.0
46.34,0.0,2.0
46.35,0.0,1.0
46.37,1.0,1.0
46.38,0.0,5.0
46.39,0.0,3.0
46.41,0.0,3.0
46.42,0.0,2.0
46.43,0.0,3.0
46.44,0.0,2.0
46.45,0.0,2.0
46.45,1.0,2.0
46.46,0.0,1.0
46.48,0.0,1.0
46.49,0.0,1.0
46.5,0.0,3.0
46.5,1.0,2.0
46.51,0.0,1.0
46.52,0.0,6.0
46.53,0.0,6.0
46.53,1.0,1.0
46.54,0.0,1.0
46.55,0.0,2.0
46.55,1.0,1.0
46.56,0.0,2.0
46.59,0.0,1.0
46.6,0.0,2.0
46.61,0.0,1.0
46.61,1.0,1.0
46.62,0.0,1.0
46.63,0.0,2.0
46.64,0.0,2.0
46.65,0.0,5.0
46.67,0.0,4.0
46.68,1.0,1.0
46.69,0.0,2.0
46.7,0.0,1.0
46.71,0.0,1.0
46.72,0.0,4.0
46.74,0.0,1.0
46.74,1.0,1.0
46.75,1.0,1.0
46.76,0.0,2.0
46.77,0.0,2.0
46.77,1.0,1.0
46.78,0.0,1.0
46.79,1.0,1.0
46.81,0.0,3.0
46.83,0.0,2.0
46.84,0.0,1.0
46.86,0.0,3.0
46.86,1.0,1.0
46.88,0.0,1.0
46.89,0.0,6.0
46.91,0.0,1.0
46.91,1.0,1.0
46.92,0.0,2.0
46.93,0.0,4.0
46.93,1.0,1.0
46.94,0.0,4.0
46.95,0.0,1.0
46.95,1.0,1.0
46.96,1.0,2.0
46.97,0.0,1.0
46.98,0.0,2.0
46.99,0.0,4.0
47.01,0.0,1.0
47.01,1.0,2.0
47.03,0.0,2.0
47.04,0.0,4.0
47.05,0.0,2.0
47.06,0.0,9.0
47.08,0.0,1.0
47.09,0.0,2.0
47.11,1.0,3.0
47.12,0.0,2.0
47.13,0.0,2.0
47.15,0.0,2.0
47.16,0.0,1.0
47.17,1.0,1.0
47.19,0.0,2.0
47.2,0.0,1.0
47.22,0.0,1.0
47.23,0.0,3.0
47.23,1.0,1.0
47.24,0.0,1.0
47.25,0.0,3.0
47.25,1.0,1.0
47.26,0.0,2.0
47.26,1.0,1.0
47.27,0.0,1.0
47.28,0.0,2.0
47.28,1.0,2.0
47.29,0.0,2.0
47.29,1.0,1.0
47.31,0.0,2.0
47.31,1.0,3.0
47.33,0.0,1.0
47.33,1.0,1.0
47.34,0.0,1.0
47.34,1.0,3.0
47.35,0.0,2.0
47.36,0.0,1.0
47.36,1.0,1.0
47.37,0.0,4.0
47.37,1.0,2.0
47.38,0.0,2.0
47.39,0.0,1.0
47.39,1.0,1.0
47.4,0.0,1.0
47.41,0.0,5.0
47.41,1.0,1.0
47.42,0.0,2.0
47.43,0.0,4.0
47.44,0.0,5.0
47.44,1.0,1.0
47.45,0.0,1.0
47.46,1.0,18.0
47.47,0.0,3.0
47.48,0.0,2.0
47.48,1.0,1.0
47.49,0.0,2.0
47.5,0.0,3.0
47.5,1.0,1.0
47.51,0.0,2.0
47.52,0.0,1.0
47.53,0.0,1.0
47.54,0.0,2.0
47.54,1.0,7.0
47.55,0.0,1.0
47.56,0.0,1.0
47.56,1.0,1.0
47.57,0.0,1.0
47.57,1.0,1.0
47.59,0.0,1.0
47.6,0.0,1.0
47.61,0.0,2.0
47.62,0.0,4.0
47.63,0.0,1.0
47.64,0.0,2.0
47.65,0.0,3.0
47.65,1.0,2.0
47.66,0.0,1.0
47.66,1.0,1.0
47.67,0.0,1.0
47.67,1.0,4.0
47.68,0.0,1.0
47.69,0.0,3.0
47.7,0.0,2.0
47.7,1.0,2.0
47.71,0.0,2.0
47.72,0.0,2.0
47.73,0.0,1.0
47.74,0.0,3.0
47.74,1.0,1.0
47.75,0.0,1.0
47.76,0.0,1.0
47.76,1.0,1.0
47.77,0.0,1.0
47.77,1.0,1.0
47.78,0.0,5.0
47.78,1.0,1.0
47.79,0.0,1.0
47.8,0.0,5.0
47.8,1.0,1.0
47.81,0.0,2.0
47.82,0.0,2.0
47.83,0.0,3.0
47.83,1.0,8.0
47.84,0.0,1.0
47.85,0.0,2.0
47.85,1.0,1.0
47.86,1.0,1.0
47.87,0.0,1.0
47.88,0.0,1.0
47.88,1.0,1.0
47.89,0.0,3.0
47.9,0.0,3.0
47.91,0.0,1.0
47.92,0.0,3.0
47.92,1.0,2.0
47.93,0.0,3.0
47.95,0.0,3.0
47.95,1.0,1.0
47.96,0.0,4.0
47.96,1.0,1.0
47.98,0.0,2.0
47.99,0.0,1.0
47.99,1.0,1.0
48.0,1.0,2.0
48.01,0.0,1.0
48.02,0.0,1.0
48.03,1.0,1.0
48.04,0.0,1.0
48.04,1.0,1.0
48.05,0.0,1.0
48.06,1.0,2.0
48.07,0.0,2.0
48.07,1.0,1.0
48.08,0.0,3.0
48.08,1.0,1.0
48.09,0.0,2.0
48.1,0.0,1.0
48.11,0.0,2.0
48.11,1.0,1.0
48.12,1.0,2.0
48.13,0.0,2.0
48.13,1.0,2.0
48.15,0.0,3.0
48.15,1.0,7.0
48.16,0.0,3.0
48.17,0.0,3.0
48.18,0.0,3.0
48.18,1.0,1.0
48.19,0.0,2.0
48.2,0.0,5.0
48.21,0.0,2.0
48.21,1.0,4.0
48.22,0.0,2.0
48.22,1.0,1.0
48.23,0.0,1.0
48.24,0.0,1.0
48.24,1.0,1.0
48.25,1.0,2.0
48.26,0.0,1.0
48.27,0.0,1.0
48.28,0.0,1.0
48.28,1.0,1.0
48.29,0.0,2.0
48.29,1.0,1.0
48.31,0.0,1.0
48.31,1.0,1.0
48.32,0.0,1.0
48.32,1.0,1.0
48.33,0.0,2.0
48.33,1.0,1.0
48.34,0.0,3.0
48.35,0.0,2.0
48.35,1.0,2.0
48.36,0.0,5.0
48.37,0.0,2.0
48.37,1.0,3.0
48.38,0.0,2.0
48.39,0.0,3.0
48.4,0.0,2.0
48.41,1.0,1.0
48.42,1.0,2.0
48.43,0.0,4.0
48.43,1.0,2.0
48.44,0.0,1.0
48.45,0.0,1.0
48.45,1.0,1.0
48.46,0.0,2.0
48.46,1.0,1.0
48.47,0.0,1.0
48.48,0.0,2.0
48.48,1.0,1.0
48.5,0.0,3.0
48.51,0.0,5.0
48.51,1.0,2.0
48.52,0.0,3.0
48.53,0.0,2.0
48.53,1.0,1.0
48.54,0.0,1.0
48.54,1.0,1.0
48.55,0.0,3.0
48.55,1.0,2.0
48.56,1.0,2.0
48.57,0.0,2.0
48.57,1.0,2.0
48.58,0.0,1.0
48.58,1.0,1.0
48.59,0.0,2.0
48.6,0.0,4.0
48.61,0.0,1.0
48.62,0.0,3.0
48.62,1.0,3.0
48.63,0.0,2.0
48.65,0.0,3.0
48.65,1.0,2.0
48.66,0.0,1.0
48.66,1.0,1.0
48.67,0.0,3.0
48.67,1.0,3.0
48.68,0.0,2.0
48.69,0.0,1.0
48.7,1.0,3.0
48.71,0.0,2.0
48.72,0.0,2.0
48.73,0.0,2.0
48.74,0.0,2.0
48.74,1.0,1.0
48.75,0.0,3.0
48.75,1.0,2.0
48.76,0.0,3.0
48.77,0.0,1.0
48.77,1.0,2.0
48.79,0.0,1.0
48.8,0.0,1.0
48.8,1.0,1.0
48.81,0.0,1.0
48.82,0.0,2.0
48.82,1.0,1.0
48.84,0.0,1.0
48.84,1.0,3.0
48.85,0.0,3.0
48.88,0.0,1.0
48.88,1.0,1.0
48.89,0.0,1.0
48.89,1.0,1.0
48.9,0.0,2.0
48.9,1.0,1.0
48.91,0.0,1.0
48.92,0.0,1.0
48.92,1.0,1.0
48.93,0.0,1.0
48.93,1.0,1.0
48.94,0.0,4.0
48.94,1.0,3.0
48.95,0.0,1.0
48.96,1.0,1.0
48.97,0.0,3.0
48.97,1.0,3.0
48.98,1.0,1.0
48.99,1.0,1.0
49.0,0.0,4.0
49.01,0.0,4.0
49.01,1.0,1.0
49.04,0.0,2.0
49.04,1.0,3.0
49.06,0.0,3.0
49.06,1.0,3.0
49.07,0.0,4.0
49.07,1.0,2.0
49.09,0.0,1.0
49.09,1.0,4.0
49.1,0.0,1.0
49.11,0.0,1.0
49.11,1.0,4.0
49.12,0.0,2.0
49.12,1.0,21.0
49.14,1.0,2.0
49.15,0.0,2.0
49.15,1.0,2.0
49.16,0.0,2.0
49.16,1.0,3.0
49.17,1.0,3.0
49.18,0.0,1.0
49.18,1.0,3.0
49.19,0.0,1.0
49.19,1.0,2.0
49.2,0.0,2.0
49.2,1.0,3.0
49.22,0.0,1.0
49.23,0.0,1.0
49.25,0.0,2.0
49.27,0.0,4.0
49.28,0.0,1.0
49.28,1.0,1.0
49.29,0.0,1.0
49.29,1.0,1.0
49.3,0.0,1.0
49.31,0.0,1.0
49.31,1.0,1.0
49.32,0.0,1.0
49.32,1.0,1.0
49.33,0.0,1.0
49.33,1.0,1.0
49.34,0.0,2.0
49.35,0.0,2.0
49.36,0.0,2.0
49.37,1.0,1.0
49.38,1.0,2.0
49.39,1.0,2.0
49.41,0.0,3.0
49.41,1.0,1.0
49.43,0.0,4.0
49.44,0.0,1.0
49.45,0.0,1.0
49.45,1.0,1.0
49.46,0.0,2.0
49.46,1.0,1.0
49.47,0.0,2.0
49.48,0.0,1.0
49.49,0.0,3.0
49.49,1.0,1.0
49.5,0.0,1.0
49.5,1.0,3.0
49.51,0.0,3.0
49.52,0.0,2.0
49.53,1.0,1.0
49.54,0.0,3.0
49.54,1.0,5.0
49.55,0.0,3.0
49.55,1.0,23.0
49.56,0.0,1.0
49.56,1.0,8.0
49.57,1.0,2.0
49.58,0.0,1.0
49.58,1.0,2.0
49.59,0.0,4.0
49.59,1.0,2.0
49.6,0.0,3.0
49.61,0.0,1.0
49.62,0.0,1.0
49.62,1.0,1.0
49.63,1.0,1.0
49.64,0.0,3.0
49.65,0.0,1.0
49.66,0.0,1.0
49.67,0.0,2.0
49.68,0.0,1.0
49.69,0.0,5.0
49.7,0.0,1.0
49.7,1.0,2.0
49.71,0.0,5.0
49.72,0.0,2.0
49.72,1.0,3.0
49.73,0.0,1.0
49.73,1.0,1.0
49.74,0.0,1.0
49.75,0.0,3.0
49.75,1.0,1.0
49.76,0.0,3.0
49.76,1.0,1.0
49.77,0.0,3.0
49.78,0.0,1.0
49.79,0.0,3.0
49.79,1.0,4.0
49.8,0.0,6.0
49.8,1.0,4.0
49.81,0.0,5.0
49.82,0.0,1.0
49.82,1.0,2.0
49.83,0.0,4.0
49.84,0.0,1.0
49.84,1.0,1.0
49.85,0.0,1.0
49.86,1.0,1.0
49.87,1.0,2.0
49.89,0.0,4.0
49.9,0.0,2.0
49.9,1.0,1.0
49.91,0.0,1.0
49.92,0.0,1.0
49.93,0.0,2.0
49.94,1.0,1.0
49.95,1.0,1.0
50.0,0.0,18.0
50.0,1.0,34.0
50.1,0.0,1.0
50.11,0.0,2.0
50.12,0.0,1.0
50.13,0.0,3.0
50.13,1.0,2.0
50.14,0.0,2.0
50.14,1.0,1.0
50.15,1.0,1.0
50.16,1.0,1.0
50.17,0.0,2.0
50.18,0.0,2.0
50.19,0.0,1.0
50.2,0.0,2.0
50.2,1.0,2.0
50.21,0.0,1.0
50.21,1.0,5.0
50.22,0.0,2.0
50.24,0.0,2.0
50.25,0.0,1.0
50.27,0.0,1.0
50.27,1.0,2.0
50.28,0.0,1.0
50.28,1.0,1.0
50.29,0.0,1.0
50.29,1.0,1.0
50.3,0.0,1.0
50.31,0.0,3.0
50.31,1.0,1.0
50.32,0.0,4.0
50.32,1.0,2.0
50.33,0.0,3.0
50.34,1.0,1.0
50.35,1.0,2.0
50.36,0.0,3.0
50.37,0.0,2.0
50.38,0.0,3.0
50.39,1.0,2.0
50.4,0.0,2.0
50.4,1.0,1.0
50.41,1.0,1.0
50.42,0.0,2.0
50.42,1.0,6.0
50.43,0.0,1.0
50.43,1.0,3.0
50.44,1.0,3.0
50.45,0.0,3.0
50.45,1.0,3.0
50.46,1.0,3.0
50.48,0.0,2.0
50.49,1.0,1.0
50.51,0.0,5.0
50.51,1.0,1.0
50.52,0.0,2.0
50.53,0.0,3.0
50.53,1.0,1.0
50.54,1.0,1.0
50.55,0.0,1.0
50.56,1.0,1.0
50.59,0.0,1.0
50.6,0.0,5.0
50.61,0.0,2.0
50.61,1.0,1.0
50.62,0.0,1.0
50.62,1.0,1.0
50.63,0.0,2.0
50.63,1.0,1.0
50.64,0.0,3.0
50.66,0.0,2.0
50.67,0.0,1.0
50.68,0.0,3.0
50.68,1.0,1.0
50.7,0.0,2.0
50.71,0.0,1.0
50.72,0.0,2.0
50.73,1.0,1.0
50.74,1.0,2.0
50.75,0.0,4.0
50.75,1.0,1.0
50.76,0.0,2.0
50.77,0.0,2.0
50.78,0.0,2.0
50.78,1.0,2.0
50.79,0.0,1.0
50.79,1.0,3.0
50.8,0.0,2.0
50.82,0.0,2.0
50.82,1.0,1.0
50.83,0.0,4.0
50.83,1.0,2.0
50.84,0.0,1.0
50.84,1.0,2.0
50.85,0.0,3.0
50.85,1.0,1.0
50.86,0.0,2.0
50.86,1.0,1.0
50.87,0.0,3.0
50.87,1.0,1.0
50.88,0.0,4.0
50.9,0.0,2.0
50.9,1.0,1.0
50.91,1.0,2.0
50.93,0.0,2.0
50.94,0.0,1.0
50.94,1.0,1.0
50.95,0.0,2.0
50.96,0.0,3.0
50.96,1.0,1.0
50.97,1.0,1.0
50.98,0.0,4.0
50.99,1.0,1.0
51.0,0.0,3.0
51.02,1.0,1.0
51.03,0.0,1.0
51.03,1.0,4.0
51.04,0.0,2.0
51.05,1.0,2.0
51.06,0.0,1.0
51.07,0.0,3.0
51.07,1.0,2.0
51.08,0.0,2.0
51.09,0.0,1.0
51.1,0.0,5.0
51.11,0.0,2.0
51.11,1.0,1.0
51.12,0.0,2.0
51.12,1.0,2.0
51.13,0.0,1.0
51.14,0.0,2.0
51.15,0.0,1.0
51.15,1.0,2.0
51.16,0.0,4.0
51.16,1.0,1.0
51.17,0.0,2.0
51.18,1.0,1.0
51.19,0.0,2.0
51.19,1.0,2.0
51.2,0.0,1.0
51.22,0.0,1.0
51.23,0.0,1.0
51.26,0.0,1.0
51.27,0.0,2.0
51.27,1.0,1.0
51.28,0.0,2.0
51.28,1.0,1.0
51.29,0.0,1.0
51.29,1.0,1.0
51.3,0.0,3.0
51.3,1.0,2.0
51.31,1.0,1.0
51.32,0.0,1.0
51.32,1.0,2.0
51.33,0.0,1.0
51.34,0.0,3.0
51.34,1.0,1.0
51.35,0.0,3.0
51.35,1.0,3.0
51.36,0.0,1.0
51.37,0.0,1.0
51.37,1.0,6.0
51.38,0.0,1.0
51.38,1.0,1.0
51.39,0.0,1.0
51.39,1.0,2.0
51.4,0.0,1.0
51.4,1.0,2.0
51.41,0.0,1.0
51.43,1.0,1.0
51.44,0.0,2.0
51.45,0.0,2.0
51.45,1.0,1.0
51.46,0.0,3.0
51.47,0.0,4.0
51.47,1.0,1.0
51.48,0.0,1.0
51.48,1.0,1.0
51.49,0.0,1.0
51.5,0.0,1.0
51.51,0.0,1.0
51.52,0.0,2.0
51.52,1.0,1.0
51.53,0.0,1.0
51.54,0.0,1.0
51.54,1.0,6.0
51.55,0.0,1.0
51.55,1.0,1.0
51.57,0.0,2.0
51.58,0.0,5.0
51.59,0.0,2.0
51.6,0.0,2.0
51.63,0.0,1.0
51.66,0.0,2.0
51.67,0.0,4.0
51.68,0.0,3.0
51.68,1.0,1.0
51.69,0.0,3.0
51.69,1.0,3.0
51.7,0.0,2.0
51.71,0.0,1.0
51.71,1.0,11.0
51.72,0.0,3.0
51.73,0.0,2.0
51.74,0.0,2.0
51.75,0.0,2.0
51.76,0.0,2.0
51.77,0.0,3.0
51.79,0.0,1.0
51.79,1.0,1.0
51.8,0.0,1.0
51.81,0.0,1.0
51.81,1.0,2.0
51.82,0.0,2.0
51.83,0.0,1.0
51.83,1.0,2.0
51.84,0.0,2.0
51.84,1.0,1.0
51.85,0.0,1.0
51.86,0.0,4.0
51.87,1.0,2.0
51.88,0.0,1.0
51.88,1.0,1.0
51.89,0.0,2.0
51.89,1.0,4.0
51.9,0.0,3.0
51.9,1.0,1.0
51.91,0.0,1.0
51.91,1.0,1.0
51.92,0.0,1.0
51.92,1.0,1.0
51.93,0.0,2.0
51.93,1.0,1.0
51.95,1.0,1.0
51.96,0.0,1.0
51.97,0.0,1.0
51.98,0.0,1.0
51.99,0.0,2.0
51.99,1.0,2.0
52.0,1.0,1.0
52.01,1.0,1.0
52.02,0.0,2.0
52.04,0.0,2.0
52.04,1.0,1.0
52.05,0.0,2.0
52.05,1.0,5.0
52.07,0.0,3.0
52.07,1.0,2.0
52.08,1.0,2.0
52.09,0.0,3.0
52.09,1.0,1.0
52.1,0.0,2.0
52.11,0.0,2.0
52.12,0.0,1.0
52.13,0.0,4.0
52.13,1.0,1.0
52.15,0.0,1.0
52.17,1.0,2.0
52.18,0.0,1.0
52.18,1.0,1.0
52.19,0.0,1.0
52.2,0.0,1.0
52.2,1.0,1.0
52.21,0.0,1.0
52.22,0.0,2.0
52.23,0.0,4.0
52.23,1.0,2.0
52.24,0.0,2.0
52.25,1.0,3.0
52.26,0.0,4.0
52.26,1.0,1.0
52.27,0.0,1.0
52.27,1.0,1.0
52.28,1.0,1.0
52.29,0.0,1.0
52.29,1.0,2.0
52.3,0.0,1.0
52.31,0.0,2.0
52.32,0.0,1.0
52.32,1.0,1.0
52.33,0.0,1.0
52.33,1.0,2.0
52.34,1.0,1.0
52.35,0.0,1.0
52.37,0.0,1.0
52.38,0.0,2.0
52.38,1.0,2.0
52.4,0.0,2.0
52.4,1.0,2.0
52.41,1.0,1.0
52.42,0.0,2.0
52.43,0.0,1.0
52.44,0.0,2.0
52.45,1.0,1.0
52.46,0.0,2.0
52.46,1.0,1.0
52.47,0.0,1.0
52.47,1.0,1.0
52.48,0.0,1.0
52.48,1.0,1.0
52.5,0.0,2.0
52.51,1.0,1.0
52.52,0.0,1.0
52.53,0.0,2.0
52.54,0.0,1.0
52.55,1.0,1.0
52.56,0.0,3.0
52.57,0.0,2.0
52.58,0.0,1.0
52.58,1.0,1.0
52.6,0.0,2.0
52.6,1.0,1.0
52.61,1.0,1.0
52.62,0.0,1.0
52.63,0.0,4.0
52.63,1.0,3.0
52.64,1.0,1.0
52.66,1.0,1.0
52.67,0.0,2.0
52.67,1.0,1.0
52.68,1.0,1.0
52.69,0.0,1.0
52.7,0.0,3.0
52.7,1.0,1.0
52.71,0.0,2.0
52.72,0.0,2.0
52.74,1.0,1.0
52.75,0.0,1.0
52.75,1.0,1.0
52.76,0.0,2.0
52.77,1.0,1.0
52.78,1.0,1.0
52.79,0.0,1.0
52.79,1.0,1.0
52.8,0.0,1.0
52.81,0.0,1.0
52.82,0.0,2.0
52.84,0.0,1.0
52.84,1.0,1.0
52.85,1.0,1.0
52.86,0.0,3.0
52.87,0.0,1.0
52.88,0.0,2.0
52.89,1.0,2.0
52.9,0.0,1.0
52.9,1.0,1.0
52.91,1.0,1.0
52.92,0.0,1.0
52.93,0.0,1.0
52.93,1.0,2.0
52.94,0.0,2.0
52.95,0.0,2.0
52.96,0.0,1.0
52.97,0.0,1.0
52.97,1.0,1.0
52.98,0.0,3.0
52.98,1.0,2.0
52.99,0.0,2.0
53.0,0.0,1.0
53.0,1.0,2.0
53.01,0.0,1.0
53.02,0.0,2.0
53.04,0.0,2.0
53.07,0.0,1.0
53.08,1.0,1.0
53.09,1.0,1.0
53.1,0.0,1.0
53.1,1.0,3.0
53.11,0.0,3.0
53.12,0.0,1.0
53.15,1.0,2.0
53.16,0.0,2.0
53.17,0.0,2.0
53.18,0.0,2.0
53.19,1.0,1.0
53.21,0.0,3.0
53.22,0.0,1.0
53.22,1.0,5.0
53.24,0.0,1.0
53.24,1.0,1.0
53.25,0.0,6.0
53.26,0.0,1.0
53.26,1.0,1.0
53.27,0.0,1.0
53.28,0.0,1.0
53.28,1.0,1.0
53.29,0.0,2.0
53.29,1.0,1.0
53.3,1.0,2.0
53.31,0.0,1.0
53.31,1.0,1.0
53.32,1.0,1.0
53.33,0.0,2.0
53.33,1.0,4.0
53.34,0.0,1.0
53.34,1.0,1.0
53.35,1.0,1.0
53.36,0.0,1.0
53.37,1.0,1.0
53.38,0.0,2.0
53.39,0.0,1.0
53.41,0.0,1.0
53.42,0.0,2.0
53.43,0.0,1.0
53.43,1.0,1.0
53.44,0.0,2.0
53.44,1.0,1.0
53.45,0.0,1.0
53.46,0.0,2.0
53.47,0.0,4.0
53.48,1.0,1.0
53.5,0.0,1.0
53.5,1.0,1.0
53.51,0.0,2.0
53.52,0.0,1.0
53.53,1.0,4.0
53.54,0.0,2.0
53.54,1.0,1.0
53.55,0.0,1.0
53.55,1.0,1.0
53.56,0.0,1.0
53.56,1.0,1.0
53.57,0.0,2.0
53.58,0.0,3.0
53.59,0.0,2.0
53.59,1.0,1.0
53.6,0.0,1.0
53.61,0.0,1.0
53.61,1.0,1.0
53.62,0.0,2.0
53.62,1.0,1.0
53.63,0.0,2.0
53.63,1.0,1.0
53.64,0.0,2.0
53.66,0.0,1.0
53.66,1.0,1.0
53.67,0.0,2.0
53.68,0.0,2.0
53.68,1.0,1.0
53.69,0.0,2.0
53.69,1.0,1.0
53.7,0.0,3.0
53.71,0.0,3.0
53.71,1.0,1.0
53.73,0.0,3.0
53.74,0.0,1.0
53.75,1.0,3.0
53.76,0.0,1.0
53.77,0.0,1.0
53.78,0.0,2.0
53.78,1.0,1.0
53.79,0.0,1.0
53.81,1.0,1.0
53.82,0.0,1.0
53.82,1.0,1.0
53.83,0.0,2.0
53.84,0.0,1.0
53.85,0.0,8.0
53.85,1.0,2.0
53.86,0.0,1.0
53.86,1.0,1.0
53.89,0.0,1.0
53.9,0.0,1.0
53.91,0.0,1.0
53.91,1.0,1.0
53.92,1.0,2.0
53.93,0.0,2.0
53.94,1.0,1.0
53.96,0.0,1.0
53.96,1.0,1.0
53.97,1.0,1.0
53.98,0.0,2.0
53.99,0.0,1.0
54.02,0.0,2.0
54.03,0.0,3.0
54.04,0.0,1.0
54.05,0.0,4.0
54.05,1.0,1.0
54.07,0.0,2.0
54.07,1.0,2.0
54.08,0.0,1.0
54.08,1.0,2.0
54.09,0.0,1.0
54.1,0.0,1.0
54.11,0.0,2.0
54.11,1.0,2.0
54.13,0.0,2.0
54.14,1.0,1.0
54.15,0.0,1.0
54.15,1.0,1.0
54.17,0.0,1.0
54.17,1.0,1.0
54.18,0.0,1.0
54.18,1.0,1.0
54.2,0.0,2.0
54.2,1.0,2.0
54.21,0.0,1.0
54.21,1.0,1.0
54.22,0.0,2.0
54.23,1.0,1.0
54.24,0.0,1.0
54.24,1.0,1.0
54.25,1.0,1.0
54.26,1.0,1.0
54.27,0.0,2.0
54.27,1.0,1.0
54.29,0.0,1.0
54.29,1.0,2.0
54.3,0.0,1.0
54.3,1.0,1.0
54.32,1.0,1.0
54.34,1.0,1.0
54.35,1.0,1.0
54.36,0.0,1.0
54.37,0.0,2.0
54.38,0.0,1.0
54.39,0.0,3.0
54.39,1.0,3.0
54.4,1.0,1.0
54.41,1.0,1.0
54.42,1.0,1.0
54.43,0.0,1.0
54.44,0.0,1.0
54.44,1.0,1.0
54.45,0.0,2.0
54.45,1.0,1.0
54.46,1.0,1.0
54.48,1.0,1.0
54.49,0.0,4.0
54.49,1.0,1.0
54.51,1.0,1.0
54.52,0.0,1.0
54.52,1.0,1.0
54.53,0.0,1.0
54.53,1.0,1.0
54.55,0.0,4.0
54.55,1.0,1.0
54.56,0.0,1.0
54.56,1.0,1.0
54.57,1.0,1.0
54.58,0.0,1.0
54.58,1.0,3.0
54.59,0.0,2.0
54.59,1.0,2.0
54.6,0.0,1.0
54.61,0.0,1.0
54.61,1.0,1.0
54.62,0.0,1.0
54.62,1.0,1.0
54.65,0.0,1.0
54.65,1.0,1.0
54.66,0.0,1.0
54.67,0.0,1.0
54.68,1.0,2.0
54.69,1.0,1.0
54.7,1.0,1.0
54.72,0.0,1.0
54.73,0.0,1.0
54.73,1.0,2.0
54.74,1.0,1.0
54.75,0.0,1.0
54.76,0.0,1.0
54.76,1.0,1.0
54.77,0.0,2.0
54.77,1.0,1.0
54.78,0.0,2.0
54.78,1.0,1.0
54.82,0.0,1.0
54.82,1.0,2.0
54.83,0.0,1.0
54.83,1.0,1.0
54.84,1.0,2.0
54.87,0.0,1.0
54.87,1.0,3.0
54.88,0.0,4.0
54.88,1.0,2.0
54.89,1.0,1.0
54.9,0.0,1.0
54.91,0.0,1.0
54.92,1.0,1.0
54.94,0.0,2.0
54.94,1.0,1.0
54.96,1.0,1.0
54.97,0.0,1.0
54.97,1.0,2.0
54.98,0.0,1.0
54.98,1.0,2.0
54.99,0.0,1.0
55.0,0.0,2.0
55.0,1.0,1.0
55.02,0.0,2.0
55.03,0.0,2.0
55.04,0.0,2.0
55.04,1.0,1.0
55.05,0.0,1.0
55.06,0.0,1.0
55.09,1.0,1.0
55.1,0.0,2.0
55.11,0.0,1.0
55.12,0.0,2.0
55.13,1.0,1.0
55.14,0.0,1.0
55.14,1.0,1.0
55.15,0.0,1.0
55.15,1.0,1.0
55.16,1.0,2.0
55.17,0.0,1.0
55.17,1.0,1.0
55.21,0.0,2.0
55.21,1.0,1.0
55.23,1.0,1.0
55.24,0.0,1.0
55.24,1.0,3.0
55.26,0.0,1.0
55.27,1.0,1.0
55.28,0.0,2.0
55.28,1.0,1.0
55.3,0.0,1.0
55.31,1.0,1.0
55.32,1.0,1.0
55.33,1.0,1.0
55.36,0.0,1.0
55.37,0.0,2.0
55.37,1.0,2.0
55.38,0.0,1.0
55.38,1.0,1.0
55.39,0.0,1.0
55.39,1.0,1.0
55.4,0.0,1.0
55.4,1.0,1.0
55.41,0.0,2.0
55.41,1.0,1.0
55.42,0.0,1.0
55.43,0.0,2.0
55.45,0.0,1.0
55.45,1.0,1.0
55.46,0.0,1.0
55.47,0.0,1.0
55.48,0.0,1.0
55.51,1.0,2.0
55.54,0.0,1.0
55.56,0.0,1.0
55.59,1.0,1.0
55.6,0.0,1.0
55.6,1.0,1.0
55.61,1.0,2.0
55.62,0.0,1.0
55.63,0.0,1.0
55.64,0.0,1.0
55.65,0.0,1.0
55.67,0.0,1.0
55.68,1.0,1.0
55.69,0.0,1.0
55.7,0.0,3.0
55.71,0.0,2.0
55.71,1.0,1.0
55.73,1.0,3.0
55.74,1.0,1.0
55.76,0.0,2.0
55.76,1.0,1.0
55.77,0.0,1.0
55.77,1.0,1.0
55.81,0.0,3.0
55.83,0.0,1.0
55.84,0.0,1.0
55.86,1.0,1.0
55.87,1.0,1.0
55.88,0.0,1.0
55.89,1.0,1.0
55.9,0.0,1.0
55.91,1.0,1.0
55.92,0.0,1.0
55.92,1.0,2.0
55.94,0.0,2.0
55.95,1.0,1.0
55.96,0.0,2.0
55.96,1.0,1.0
55.97,1.0,1.0
55.98,0.0,3.0
56.01,0.0,5.0
56.03,1.0,2.0
56.05,0.0,1.0
56.09,0.0,2.0
56.1,0.0,2.0
56.11,1.0,1.0
56.12,0.0,1.0
56.12,1.0,2.0
56.13,1.0,1.0
56.14,0.0,1.0
56.16,0.0,1.0
56.17,1.0,1.0
56.18,0.0,1.0
56.21,1.0,1.0
56.22,0.0,1.0
56.23,0.0,2.0
56.24,0.0,1.0
56.24,1.0,1.0
56.25,1.0,2.0
56.26,1.0,2.0
56.28,0.0,1.0
56.3,0.0,1.0
56.31,0.0,1.0
56.33,1.0,1.0
56.36,0.0,1.0
56.36,1.0,1.0
56.37,1.0,1.0
56.38,1.0,1.0
56.4,0.0,1.0
56.45,1.0,1.0
56.46,1.0,1.0
56.47,0.0,1.0
56.49,0.0,1.0
56.49,1.0,1.0
56.51,1.0,1.0
56.55,0.0,1.0
56.55,1.0,1.0
56.56,0.0,1.0
56.58,1.0,1.0
56.59,0.0,1.0
56.6,0.0,1.0
56.6,1.0,1.0
56.61,1.0,1.0
56.62,0.0,1.0
56.62,1.0,1.0
56.63,0.0,1.0
56.63,1.0,1.0
56.66,0.0,1.0
56.67,0.0,1.0
56.69,0.0,1.0
56.74,0.0,1.0
56.77,0.0,1.0
56.8,0.0,1.0
56.81,1.0,1.0
56.83,1.0,1.0
56.84,0.0,1.0
56.85,1.0,1.0
56.86,0.0,2.0
56.86,1.0,1.0
56.88,1.0,1.0
56.89,0.0,1.0
56.92,1.0,1.0
56.93,0.0,1.0
56.93,1.0,1.0
56.94,1.0,1.0
56.95,0.0,1.0
56.95,1.0,1.0
56.97,0.0,2.0
57.01,1.0,1.0
57.03,0.0,1.0
57.06,0.0,1.0
57.07,0.0,1.0
57.07,1.0,1.0
57.09,0.0,1.0
57.12,0.0,2.0
57.14,0.0,1.0
57.14,1.0,2.0
57.18,0.0,1.0
57.21,0.0,2.0
57.22,1.0,1.0
57.23,0.0,2.0
57.25,1.0,1.0
57.27,0.0,1.0
57.28,0.0,2.0
57.3,0.0,1.0
57.32,0.0,1.0
57.34,0.0,2.0
57.35,0.0,1.0
57.36,0.0,1.0
57.38,0.0,1.0
57.4,1.0,1.0
57.42,0.0,1.0
57.43,0.0,1.0
57.48,0.0,2.0
57.49,0.0,2.0
57.5,1.0,1.0
57.51,1.0,1.0
57.54,0.0,1.0
57.58,0.0,1.0
57.61,0.0,1.0
57.64,1.0,1.0
57.7,0.0,1.0
57.73,1.0,1.0
57.81,0.0,1.0
57.82,1.0,1.0
57.83,0.0,1.0
57.83,1.0,2.0
57.84,1.0,1.0
57.86,0.0,1.0
57.88,0.0,1.0
57.91,0.0,1.0
57.91,1.0,1.0
57.92,0.0,1.0
57.93,0.0,1.0
57.97,1.0,1.0
58.03,0.0,1.0
58.04,1.0,1.0
58.05,0.0,1.0
58.1,0.0,1.0
58.24,0.0,1.0
58.29,0.0,2.0
58.37,0.0,1.0
58.38,0.0,1.0
58.39,1.0,1.0
58.41,0.0,1.0
58.46,0.0,3.0
58.47,0.0,1.0
58.48,0.0,1.0
58.54,1.0,1.0
58.59,0.0,1.0
58.6,0.0,1.0
58.62,0.0,1.0
58.63,0.0,1.0
58.64,0.0,1.0
58.65,1.0,1.0
58.69,0.0,1.0
58.72,0.0,2.0
58.78,0.0,1.0
58.81,0.0,1.0
58.82,1.0,1.0
58.84,0.0,1.0
58.85,0.0,1.0
58.89,0.0,1.0
58.9,0.0,1.0
58.93,0.0,1.0
58.94,0.0,1.0
58.97,0.0,1.0
58.97,1.0,1.0
59.09,0.0,1.0
59.11,0.0,1.0
59.15,0.0,1.0
59.16,1.0,1.0
59.17,0.0,1.0
59.22,0.0,1.0
59.24,0.0,1.0
59.26,0.0,1.0
59.31,0.0,1.0
59.37,0.0,1.0
59.41,1.0,1.0
59.42,0.0,1.0
59.52,0.0,1.0
59.53,0.0,1.0
59.61,0.0,2.0
59.66,0.0,2.0
59.67,0.0,1.0
59.74,0.0,1.0
59.75,0.0,1.0
59.82,1.0,1.0
59.83,0.0,1.0
59.84,0.0,2.0
59.9,0.0,1.0
59.92,0.0,2.0
59.95,0.0,1.0
60.0,0.0,2.0
60.1,1.0,1.0
60.14,0.0,2.0
60.16,0.0,1.0
60.17,0.0,1.0
60.21,1.0,1.0
60.22,0.0,2.0
60.27,0.0,1.0
60.31,0.0,1.0
60.32,0.0,2.0
60.4,0.0,1.0
60.51,0.0,1.0
60.53,1.0,1.0
60.56,0.0,1.0
60.56,1.0,1.0
60.62,1.0,1.0
60.63,0.0,1.0
60.7,0.0,1.0
60.81,0.0,1.0
60.82,0.0,1.0
60.84,0.0,1.0
60.85,0.0,1.0
60.99,1.0,1.0
61.0,0.0,1.0
61.07,0.0,2.0
61.09,0.0,1.0
61.09,1.0,1.0
61.11,1.0,1.0
61.14,1.0,1.0
61.17,0.0,1.0
61.24,0.0,1.0
61.34,0.0,1.0
61.36,0.0,1.0
61.53,0.0,1.0
61.59,0.0,1.0
61.66,1.0,1.0
61.75,0.0,1.0
61.79,0.0,1.0
61.82,0.0,1.0
61.84,0.0,1.0
61.86,0.0,1.0
61.88,1.0,1.0
61.89,0.0,1.0
61.9,1.0,1.0
61.95,0.0,1.0
61.98,0.0,1.0
61.99,0.0,1.0
62.0,0.0,1.0
62.09,0.0,1.0
62.12,0.0,1.0
62.14,1.0,1.0
62.28,1.0,1.0
62.45,0.0,2.0
62.52,0.0,1.0
62.6,1.0,1.0
62.74,0.0,1.0
62.77,0.0,1.0
62.8,0.0,1.0
62.81,0.0,1.0
62.96,0.0,1.0
63.05,0.0,1.0
63.1,0.0,1.0
63.21,0.0,1.0
63.22,0.0,1.0
63.28,1.0,1.0
63.34,0.0,1.0
63.37,0.0,1.0
63.4,0.0,1.0
63.42,0.0,1.0
63.43,0.0,1.0
63.44,0.0,1.0
63.55,0.0,1.0
63.56,0.0,1.0
63.62,0.0,1.0
63.73,0.0,1.0
63.76,0.0,1.0
63.81,0.0,1.0
63.88,0.0,1.0
63.99,0.0,1.0
64.07,0.0,1.0
64.29,1.0,1.0
64.33,0.0,1.0
64.35,0.0,1.0
64.42,0.0,1.0
64.44,1.0,1.0
64.52,0.0,1.0
64.66,0.0,1.0
64.82,0.0,1.0
64.86,0.0,1.0
64.96,0.0,1.0
64.98,0.0,1.0
65.0,0.0,1.0
65.27,0.0,1.0
65.42,0.0,1.0
66.78,0.0,1.0
66.87,0.0,1.0
66.91,0.0,1.0
67.07,1.0,1.0
67.2,0.0,1.0
67.23,0.0,1.0
67.24,0.0,1.0
67.33,1.0,1.0

