GC_content,occurence
14.29,1.0
23.5,1.0
24.5,1.0
24.62,1.0
26.08,1.0
26.19,1.0
26.29,1.0
26.36,1.0
26.65,1.0
27.3,1.0
27.31,1.0
27.6,1.0
27.63,1.0
27.66,1.0
27.67,1.0
27.69,1.0
27.72,1.0
27.73,1.0
27.76,2.0
27.8,1.0
27.81,1.0
27.83,1.0
27.84,1.0
27.85,1.0
27.88,1.0
27.94,1.0
27.96,2.0
28.0,1.0
28.02,2.0
28.09,1.0
28.27,1.0
28.4,1.0
28.64,2.0
28.73,1.0
28.78,1.0
28.81,1.0
28.83,1.0
29.01,1.0
29.13,1.0
29.25,1.0
29.32,1.0
29.34,1.0
29.37,1.0
29.4,1.0
29.43,1.0
29.47,2.0
29.54,1.0
29.61,3.0
29.62,1.0
29.63,2.0
29.68,1.0
29.69,1.0
29.73,1.0
29.77,1.0
29.83,1.0
29.84,1.0
29.96,1.0
30.05,1.0
30.08,1.0
30.1,1.0
30.12,1.0
30.13,1.0
30.16,1.0
30.19,2.0
30.2,2.0
30.21,1.0
30.23,1.0
30.25,2.0
30.26,1.0
30.31,1.0
30.37,1.0
30.42,1.0
30.45,1.0
30.5,1.0
30.51,2.0
30.52,1.0
30.54,1.0
30.63,1.0
30.67,1.0
30.72,1.0
30.85,1.0
30.9,1.0
30.92,1.0
30.94,1.0
30.99,1.0
31.0,1.0
31.07,2.0
31.08,1.0
31.09,1.0
31.21,1.0
31.3,1.0
31.34,1.0
31.35,3.0
31.36,1.0
31.38,2.0
31.39,1.0
31.41,1.0
31.42,1.0
31.45,2.0
31.48,1.0
31.49,2.0
31.5,2.0
31.52,1.0
31.55,1.0
31.56,1.0
31.57,1.0
31.61,2.0
31.62,1.0
31.63,3.0
31.68,1.0
31.69,1.0
31.73,1.0
31.76,1.0
31.83,2.0
31.87,1.0
31.88,1.0
31.93,1.0
31.94,1.0
31.96,1.0
32.01,1.0
32.04,1.0
32.05,1.0
32.06,1.0
32.08,1.0
32.12,1.0
32.14,1.0
32.17,1.0
32.19,1.0
32.27,1.0
32.3,1.0
32.38,1.0
32.39,1.0
32.42,1.0
32.43,2.0
32.49,1.0
32.5,1.0
32.51,1.0
32.54,1.0
32.6,1.0
32.63,1.0
32.64,1.0
32.65,1.0
32.67,1.0
32.72,1.0
32.76,1.0
32.87,1.0
32.9,1.0
32.92,1.0
32.93,1.0
32.95,1.0
33.01,1.0
33.02,1.0
33.03,1.0
33.06,1.0
33.09,4.0
33.1,1.0
33.12,1.0
33.14,1.0
33.15,1.0
33.17,2.0
33.18,1.0
33.2,1.0
33.23,1.0
33.27,1.0
33.29,1.0
33.33,4.0
33.4,1.0
33.41,1.0
33.42,1.0
33.44,1.0
33.46,3.0
33.48,1.0
33.53,3.0
33.54,1.0
33.55,2.0
33.57,1.0
33.58,1.0
33.65,1.0
33.68,1.0
33.72,1.0
33.73,1.0
33.74,1.0
33.79,1.0
33.8,1.0
33.81,1.0
33.82,2.0
33.88,1.0
33.89,1.0
33.95,1.0
33.98,1.0
34.02,1.0
34.03,1.0
34.08,1.0
34.1,1.0
34.12,1.0
34.14,1.0
34.21,2.0
34.26,5.0
34.27,2.0
34.29,1.0
34.31,2.0
34.32,1.0
34.33,2.0
34.35,2.0
34.37,3.0
34.38,1.0
34.39,2.0
34.4,2.0
34.42,2.0
34.43,1.0
34.52,1.0
34.54,2.0
34.55,1.0
34.58,1.0
34.59,1.0
34.6,2.0
34.62,2.0
34.63,1.0
34.66,10.0
34.7,1.0
34.72,1.0
34.75,2.0
34.76,2.0
34.77,2.0
34.78,1.0
34.79,1.0
34.82,1.0
34.84,1.0
34.85,2.0
34.87,4.0
34.9,1.0
34.92,1.0
34.93,1.0
34.94,1.0
34.97,1.0
35.0,6.0
35.02,1.0
35.03,1.0
35.04,1.0
35.06,4.0
35.07,1.0
35.08,1.0
35.09,1.0
35.14,1.0
35.17,1.0
35.18,1.0
35.23,1.0
35.25,2.0
35.27,2.0
35.29,1.0
35.3,1.0
35.31,1.0
35.32,1.0
35.36,1.0
35.38,1.0
35.39,1.0
35.4,2.0
35.45,1.0
35.48,1.0
35.5,1.0
35.51,1.0
35.52,1.0
35.54,1.0
35.55,2.0
35.57,2.0
35.59,2.0
35.62,1.0
35.63,1.0
35.66,2.0
35.67,2.0
35.7,1.0
35.76,1.0
35.77,1.0
35.79,2.0
35.84,1.0
35.85,1.0
35.86,2.0
35.87,3.0
35.91,2.0
35.93,1.0
35.94,1.0
35.98,1.0
35.99,2.0
36.0,1.0
36.02,1.0
36.04,1.0
36.05,2.0
36.07,2.0
36.11,2.0
36.14,1.0
36.16,2.0
36.2,1.0
36.23,2.0
36.25,1.0
36.26,1.0
36.27,1.0
36.29,1.0
36.32,1.0
36.33,1.0
36.36,3.0
36.38,1.0
36.39,2.0
36.4,1.0
36.41,1.0
36.42,4.0
36.45,2.0
36.46,1.0
36.47,2.0
36.48,1.0
36.49,1.0
36.51,1.0
36.53,2.0
36.54,1.0
36.56,1.0
36.59,2.0
36.6,2.0
36.61,2.0
36.63,2.0
36.64,1.0
36.69,1.0
36.7,2.0
36.73,3.0
36.74,1.0
36.76,3.0
36.79,3.0
36.8,2.0
36.82,1.0
36.83,4.0
36.84,2.0
36.85,1.0
36.86,2.0
36.87,2.0
36.9,1.0
36.91,1.0
36.92,1.0
36.93,2.0
36.95,1.0
36.96,1.0
36.97,3.0
36.99,2.0
37.0,1.0
37.01,2.0
37.04,1.0
37.06,2.0
37.09,1.0
37.13,2.0
37.15,2.0
37.17,1.0
37.18,2.0
37.19,1.0
37.22,2.0
37.23,2.0
37.24,2.0
37.28,1.0
37.29,4.0
37.3,1.0
37.32,2.0
37.33,1.0
37.34,4.0
37.35,4.0
37.36,1.0
37.37,1.0
37.38,1.0
37.4,1.0
37.41,2.0
37.42,4.0
37.43,1.0
37.44,2.0
37.45,2.0
37.47,1.0
37.49,1.0
37.5,4.0
37.52,2.0
37.54,1.0
37.58,5.0
37.6,2.0
37.63,2.0
37.64,1.0
37.65,2.0
37.66,1.0
37.67,4.0
37.69,1.0
37.7,3.0
37.72,1.0
37.73,1.0
37.74,3.0
37.75,2.0
37.77,1.0
37.78,1.0
37.79,1.0
37.82,3.0
37.84,1.0
37.85,1.0
37.87,1.0
37.88,1.0
37.89,2.0
37.9,2.0
37.91,5.0
37.93,3.0
37.94,1.0
37.95,2.0
37.97,3.0
38.0,2.0
38.01,2.0
38.02,1.0
38.03,3.0
38.05,2.0
38.06,4.0
38.09,1.0
38.1,5.0
38.11,2.0
38.12,2.0
38.13,1.0
38.14,1.0
38.16,4.0
38.18,7.0
38.19,1.0
38.2,3.0
38.21,3.0
38.22,4.0
38.24,3.0
38.25,2.0
38.26,3.0
38.27,2.0
38.28,1.0
38.29,1.0
38.3,2.0
38.31,2.0
38.32,1.0
38.33,2.0
38.36,1.0
38.37,1.0
38.38,1.0
38.39,1.0
38.41,2.0
38.42,5.0
38.43,3.0
38.44,5.0
38.45,2.0
38.46,3.0
38.47,1.0
38.48,5.0
38.49,2.0
38.51,1.0
38.52,1.0
38.53,2.0
38.54,2.0
38.55,3.0
38.56,3.0
38.57,2.0
38.58,2.0
38.59,3.0
38.6,2.0
38.62,3.0
38.63,2.0
38.64,1.0
38.65,4.0
38.66,3.0
38.67,1.0
38.68,1.0
38.69,1.0
38.7,3.0
38.71,3.0
38.72,1.0
38.73,1.0
38.74,3.0
38.76,2.0
38.77,2.0
38.78,4.0
38.79,3.0
38.8,1.0
38.81,3.0
38.82,3.0
38.84,2.0
38.85,4.0
38.86,1.0
38.88,5.0
38.89,2.0
38.9,2.0
38.91,2.0
38.92,2.0
38.93,2.0
38.95,2.0
38.96,12.0
38.97,2.0
38.98,3.0
38.99,6.0
39.0,2.0
39.01,5.0
39.02,5.0
39.03,1.0
39.04,2.0
39.05,1.0
39.07,1.0
39.08,3.0
39.09,1.0
39.1,1.0
39.11,1.0
39.12,2.0
39.15,1.0
39.16,1.0
39.17,1.0
39.18,2.0
39.2,1.0
39.22,8.0
39.23,5.0
39.24,1.0
39.25,1.0
39.26,8.0
39.27,3.0
39.28,2.0
39.29,2.0
39.32,6.0
39.34,2.0
39.36,4.0
39.37,7.0
39.38,3.0
39.39,2.0
39.4,1.0
39.41,1.0
39.42,2.0
39.43,3.0
39.44,3.0
39.45,5.0
39.46,3.0
39.47,6.0
39.48,2.0
39.5,1.0
39.51,3.0
39.52,1.0
39.53,4.0
39.54,4.0
39.56,2.0
39.57,3.0
39.58,3.0
39.59,2.0
39.6,3.0
39.61,4.0
39.62,6.0
39.63,7.0
39.64,3.0
39.65,2.0
39.66,1.0
39.67,13.0
39.68,4.0
39.69,2.0
39.7,3.0
39.71,5.0
39.72,2.0
39.73,6.0
39.74,2.0
39.75,3.0
39.77,2.0
39.78,1.0
39.79,1.0
39.8,2.0
39.81,15.0
39.82,9.0
39.83,1.0
39.84,4.0
39.85,3.0
39.86,2.0
39.87,5.0
39.88,13.0
39.9,1.0
39.91,5.0
39.92,3.0
39.93,3.0
39.94,8.0
39.95,2.0
39.97,1.0
40.0,22.0
40.02,2.0
40.03,3.0
40.04,5.0
40.05,2.0
40.06,1.0
40.07,3.0
40.08,1.0
40.09,22.0
40.1,5.0
40.11,6.0
40.12,3.0
40.13,3.0
40.14,3.0
40.15,3.0
40.16,1.0
40.17,1.0
40.18,3.0
40.19,5.0
40.2,4.0
40.21,1.0
40.22,4.0
40.23,4.0
40.24,1.0
40.25,1.0
40.26,1.0
40.27,10.0
40.28,10.0
40.29,3.0
40.3,5.0
40.31,6.0
40.32,5.0
40.33,2.0
40.34,5.0
40.36,10.0
40.37,6.0
40.38,7.0
40.39,4.0
40.4,4.0
40.41,4.0
40.42,3.0
40.43,5.0
40.44,5.0
40.45,5.0
40.46,1.0
40.47,1.0
40.48,2.0
40.49,3.0
40.5,1.0
40.51,3.0
40.52,7.0
40.53,2.0
40.54,52.0
40.55,6.0
40.56,3.0
40.57,2.0
40.58,1.0
40.59,2.0
40.6,5.0
40.61,4.0
40.62,10.0
40.63,4.0
40.64,4.0
40.65,3.0
40.67,5.0
40.68,2.0
40.69,9.0
40.7,7.0
40.71,2.0
40.72,19.0
40.74,5.0
40.75,6.0
40.76,4.0
40.77,2.0
40.78,4.0
40.79,2.0
40.81,10.0
40.82,5.0
40.83,2.0
40.84,1.0
40.85,2.0
40.86,1.0
40.88,3.0
40.89,5.0
40.9,2.0
40.91,10.0
40.92,2.0
40.93,4.0
40.94,7.0
40.95,7.0
40.96,4.0
40.97,3.0
40.98,6.0
40.99,81.0
41.0,5.0
41.01,5.0
41.02,5.0
41.03,2.0
41.05,3.0
41.06,5.0
41.07,7.0
41.08,1.0
41.09,8.0
41.1,5.0
41.11,2.0
41.12,3.0
41.14,3.0
41.15,7.0
41.17,1.0
41.18,22.0
41.19,1.0
41.2,5.0
41.21,4.0
41.22,7.0
41.23,7.0
41.24,3.0
41.25,6.0
41.26,6.0
41.27,3.0
41.28,2.0
41.29,5.0
41.3,2.0
41.31,3.0
41.32,3.0
41.33,9.0
41.34,1.0
41.35,7.0
41.36,9.0
41.37,3.0
41.38,3.0
41.39,7.0
41.4,5.0
41.41,2.0
41.42,7.0
41.43,1.0
41.44,12.0
41.45,4.0
41.46,4.0
41.47,3.0
41.48,6.0
41.5,6.0
41.51,4.0
41.52,5.0
41.53,4.0
41.54,2.0
41.55,7.0
41.56,3.0
41.57,3.0
41.58,4.0
41.59,4.0
41.6,4.0
41.61,2.0
41.62,4.0
41.63,4.0
41.64,5.0
41.65,2.0
41.66,1.0
41.67,7.0
41.68,1.0
41.69,2.0
41.7,5.0
41.71,5.0
41.72,1.0
41.73,5.0
41.74,2.0
41.75,2.0
41.76,5.0
41.77,1.0
41.78,4.0
41.79,3.0
41.8,1.0
41.83,2.0
41.84,2.0
41.85,4.0
41.86,1.0
41.88,6.0
41.89,6.0
41.9,3.0
41.91,1.0
41.92,4.0
41.93,1.0
41.94,5.0
41.96,3.0
41.97,1.0
41.98,5.0
41.99,2.0
42.0,5.0
42.01,4.0
42.02,1.0
42.03,3.0
42.05,2.0
42.06,3.0
42.07,7.0
42.08,2.0
42.09,1.0
42.11,5.0
42.13,4.0
42.14,4.0
42.15,5.0
42.16,2.0
42.17,4.0
42.18,2.0
42.19,5.0
42.2,5.0
42.21,7.0
42.22,5.0
42.23,4.0
42.25,6.0
42.26,5.0
42.27,6.0
42.28,3.0
42.29,6.0
42.3,1.0
42.31,3.0
42.32,2.0
42.33,7.0
42.34,2.0
42.35,4.0
42.36,1.0
42.37,1.0
42.38,3.0
42.39,6.0
42.4,1.0
42.41,5.0
42.42,11.0
42.43,2.0
42.44,3.0
42.45,2.0
42.46,1.0
42.47,3.0
42.48,9.0
42.5,1.0
42.51,6.0
42.52,4.0
42.53,3.0
42.54,3.0
42.55,3.0
42.57,4.0
42.58,2.0
42.59,1.0
42.6,3.0
42.61,3.0
42.62,6.0
42.63,2.0
42.64,6.0
42.65,2.0
42.66,2.0
42.67,6.0
42.68,6.0
42.7,5.0
42.71,2.0
42.72,3.0
42.73,5.0
42.74,2.0
42.75,3.0
42.76,2.0
42.77,5.0
42.78,5.0
42.79,4.0
42.8,3.0
42.81,1.0
42.82,4.0
42.83,1.0
42.84,1.0
42.86,11.0
42.87,1.0
42.88,1.0
42.9,4.0
42.91,1.0
42.92,4.0
42.93,11.0
42.94,4.0
42.95,2.0
42.96,2.0
42.97,1.0
42.98,3.0
42.99,2.0
43.0,1.0
43.01,6.0
43.02,2.0
43.03,1.0
43.04,3.0
43.05,2.0
43.06,2.0
43.07,4.0
43.08,1.0
43.09,1.0
43.1,3.0
43.11,2.0
43.12,4.0
43.13,3.0
43.14,6.0
43.15,5.0
43.16,1.0
43.17,4.0
43.19,5.0
43.2,3.0
43.21,5.0
43.22,1.0
43.23,4.0
43.24,1.0
43.25,3.0
43.26,3.0
43.27,4.0
43.28,3.0
43.29,6.0
43.3,3.0
43.31,3.0
43.32,4.0
43.33,2.0
43.34,1.0
43.35,5.0
43.37,4.0
43.38,2.0
43.39,2.0
43.4,6.0
43.41,2.0
43.42,1.0
43.43,4.0
43.44,1.0
43.45,3.0
43.46,3.0
43.47,2.0
43.48,1.0
43.49,4.0
43.5,4.0
43.51,4.0
43.52,2.0
43.53,7.0
43.54,3.0
43.55,4.0
43.56,5.0
43.57,2.0
43.58,4.0
43.59,2.0
43.6,4.0
43.61,3.0
43.62,5.0
43.63,2.0
43.64,3.0
43.65,2.0
43.66,5.0
43.67,3.0
43.68,5.0
43.69,3.0
43.7,4.0
43.71,3.0
43.72,3.0
43.73,4.0
43.75,11.0
43.76,1.0
43.77,1.0
43.78,3.0
43.79,3.0
43.8,2.0
43.81,2.0
43.82,2.0
43.83,2.0
43.84,4.0
43.85,5.0
43.86,4.0
43.87,3.0
43.88,4.0
43.89,4.0
43.9,3.0
43.91,2.0
43.92,2.0
43.93,5.0
43.94,4.0
43.95,7.0
43.96,4.0
43.97,3.0
43.98,6.0
43.99,1.0
44.0,4.0
44.01,3.0
44.02,3.0
44.03,5.0
44.04,5.0
44.05,3.0
44.06,2.0
44.07,3.0
44.08,4.0
44.09,5.0
44.1,3.0
44.12,5.0
44.13,5.0
44.14,3.0
44.15,4.0
44.16,4.0
44.17,1.0
44.18,3.0
44.19,6.0
44.2,2.0
44.21,4.0
44.22,2.0
44.23,1.0
44.24,8.0
44.25,2.0
44.26,2.0
44.27,1.0
44.28,4.0
44.29,3.0
44.3,5.0
44.31,2.0
44.32,8.0
44.33,1.0
44.34,4.0
44.35,3.0
44.36,3.0
44.37,5.0
44.38,1.0
44.39,2.0
44.4,3.0
44.41,3.0
44.42,2.0
44.43,4.0
44.44,15.0
44.46,3.0
44.47,4.0
44.48,3.0
44.49,5.0
44.5,2.0
44.51,6.0
44.52,2.0
44.53,1.0
44.54,2.0
44.55,4.0
44.56,2.0
44.57,5.0
44.58,2.0
44.59,4.0
44.6,4.0
44.61,3.0
44.62,5.0
44.63,8.0
44.64,5.0
44.65,2.0
44.66,4.0
44.67,2.0
44.68,1.0
44.69,2.0
44.7,2.0
44.71,4.0
44.72,1.0
44.73,6.0
44.74,4.0
44.75,4.0
44.76,3.0
44.77,2.0
44.78,1.0
44.79,1.0
44.8,11.0
44.81,6.0
44.82,2.0
44.83,2.0
44.84,5.0
44.85,3.0
44.86,2.0
44.87,5.0
44.88,4.0
44.89,5.0
44.9,6.0
44.91,1.0
44.92,5.0
44.93,1.0
44.94,4.0
44.95,5.0
44.96,3.0
44.97,5.0
44.98,3.0
44.99,4.0
45.0,7.0
45.01,3.0
45.02,3.0
45.03,2.0
45.04,3.0
45.05,3.0
45.06,3.0
45.07,3.0
45.08,7.0
45.09,5.0
45.1,2.0
45.11,2.0
45.12,1.0
45.13,6.0
45.14,4.0
45.15,4.0
45.16,7.0
45.17,1.0
45.18,4.0
45.19,7.0
45.2,1.0
45.21,3.0
45.22,10.0
45.23,6.0
45.24,2.0
45.25,10.0
45.26,3.0
45.27,6.0
45.28,2.0
45.29,6.0
45.3,5.0
45.31,1.0
45.32,3.0
45.33,3.0
45.34,7.0
45.35,3.0
45.36,4.0
45.37,2.0
45.38,5.0
45.39,5.0
45.4,3.0
45.41,7.0
45.42,2.0
45.43,2.0
45.44,2.0
45.45,9.0
45.48,4.0
45.49,2.0
45.5,9.0
45.51,10.0
45.52,1.0
45.53,3.0
45.54,3.0
45.55,3.0
45.56,8.0
45.57,5.0
45.58,4.0
45.59,7.0
45.6,4.0
45.61,8.0
45.62,4.0
45.63,8.0
45.64,3.0
45.65,6.0
45.66,3.0
45.67,2.0
45.68,17.0
45.69,1.0
45.7,10.0
45.71,2.0
45.72,5.0
45.73,1.0
45.74,7.0
45.75,5.0
45.76,6.0
45.77,7.0
45.78,3.0
45.79,1.0
45.8,1.0
45.81,9.0
45.82,2.0
45.83,4.0
45.84,2.0
45.85,5.0
45.86,3.0
45.87,3.0
45.88,4.0
45.89,7.0
45.9,4.0
45.91,7.0
45.92,7.0
45.93,1.0
45.94,1.0
45.95,4.0
45.96,5.0
45.97,6.0
45.98,5.0
45.99,3.0
46.0,2.0
46.01,7.0
46.02,3.0
46.03,3.0
46.04,5.0
46.05,3.0
46.06,4.0
46.07,4.0
46.08,6.0
46.09,2.0
46.1,7.0
46.11,8.0
46.12,6.0
46.13,6.0
46.15,9.0
46.17,4.0
46.18,3.0
46.19,7.0
46.2,13.0
46.21,4.0
46.22,4.0
46.23,11.0
46.25,7.0
46.26,5.0
46.27,3.0
46.28,6.0
46.29,7.0
46.3,10.0
46.31,6.0
46.32,3.0
46.33,6.0
46.34,2.0
46.35,3.0
46.36,5.0
46.37,7.0
46.38,4.0
46.39,9.0
46.4,4.0
46.41,4.0
46.42,3.0
46.43,7.0
46.44,1.0
46.45,6.0
46.46,5.0
46.47,3.0
46.48,9.0
46.49,6.0
46.5,8.0
46.51,5.0
46.52,3.0
46.53,6.0
46.54,3.0
46.55,4.0
46.56,3.0
46.57,3.0
46.58,6.0
46.59,6.0
46.6,6.0
46.61,2.0
46.62,3.0
46.63,11.0
46.64,6.0
46.65,7.0
46.66,2.0
46.67,11.0
46.68,6.0
46.69,5.0
46.7,9.0
46.71,9.0
46.72,5.0
46.73,5.0
46.74,5.0
46.75,5.0
46.76,6.0
46.77,9.0
46.78,6.0
46.79,8.0
46.8,3.0
46.81,3.0
46.82,9.0
46.83,7.0
46.84,6.0
46.85,4.0
46.86,6.0
46.87,10.0
46.88,14.0
46.89,3.0
46.9,3.0
46.91,5.0
46.92,1.0
46.93,4.0
46.94,4.0
46.95,6.0
46.96,5.0
46.97,3.0
46.98,8.0
46.99,1.0
47.0,11.0
47.01,3.0
47.02,6.0
47.03,2.0
47.04,11.0
47.05,3.0
47.06,14.0
47.07,4.0
47.08,1.0
47.09,8.0
47.1,11.0
47.11,2.0
47.12,16.0
47.13,6.0
47.14,6.0
47.15,8.0
47.16,4.0
47.17,9.0
47.18,5.0
47.19,4.0
47.2,7.0
47.21,8.0
47.22,5.0
47.23,3.0
47.24,17.0
47.25,3.0
47.26,7.0
47.27,5.0
47.28,11.0
47.29,4.0
47.3,5.0
47.31,6.0
47.32,3.0
47.33,8.0
47.34,9.0
47.35,6.0
47.36,11.0
47.37,11.0
47.38,4.0
47.39,7.0
47.4,8.0
47.41,14.0
47.42,8.0
47.43,6.0
47.44,1.0
47.45,9.0
47.46,10.0
47.47,9.0
47.48,6.0
47.49,24.0
47.5,6.0
47.51,13.0
47.52,7.0
47.53,5.0
47.54,10.0
47.55,5.0
47.56,3.0
47.57,6.0
47.58,8.0
47.59,10.0
47.6,7.0
47.61,14.0
47.62,12.0
47.63,6.0
47.64,28.0
47.65,11.0
47.66,8.0
47.67,9.0
47.68,2.0
47.69,7.0
47.7,9.0
47.71,9.0
47.72,16.0
47.73,12.0
47.74,9.0
47.75,13.0
47.76,13.0
47.77,30.0
47.78,6.0
47.79,6.0
47.8,3.0
47.81,7.0
47.82,3.0
47.83,7.0
47.84,10.0
47.85,12.0
47.86,10.0
47.87,11.0
47.88,19.0
47.89,28.0
47.9,9.0
47.91,9.0
47.92,10.0
47.93,3.0
47.94,6.0
47.95,7.0
47.96,3.0
47.97,6.0
47.98,11.0
47.99,9.0
48.0,14.0
48.01,28.0
48.02,20.0
48.03,14.0
48.04,7.0
48.05,5.0
48.06,9.0
48.07,6.0
48.08,17.0
48.09,10.0
48.1,7.0
48.11,10.0
48.12,11.0
48.13,14.0
48.14,14.0
48.15,19.0
48.16,18.0
48.17,8.0
48.18,6.0
48.19,9.0
48.2,9.0
48.21,8.0
48.22,5.0
48.23,11.0
48.24,13.0
48.25,6.0
48.26,14.0
48.27,9.0
48.28,37.0
48.29,5.0
48.3,7.0
48.31,12.0
48.32,3.0
48.33,15.0
48.34,18.0
48.35,10.0
48.36,10.0
48.37,9.0
48.38,8.0
48.39,12.0
48.4,22.0
48.41,40.0
48.42,4.0
48.43,5.0
48.44,13.0
48.45,18.0
48.46,24.0
48.47,27.0
48.48,22.0
48.49,35.0
48.5,13.0
48.51,15.0
48.52,29.0
48.53,6.0
48.54,23.0
48.55,25.0
48.56,7.0
48.57,4.0
48.58,12.0
48.59,11.0
48.6,1.0
48.61,23.0
48.62,14.0
48.63,11.0
48.64,16.0
48.65,22.0
48.66,156.0
48.67,27.0
48.68,79.0
48.69,7.0
48.7,21.0
48.71,15.0
48.72,9.0
48.73,12.0
48.74,54.0
48.75,11.0
48.76,12.0
48.77,7.0
48.78,8.0
48.79,15.0
48.8,38.0
48.81,44.0
48.82,16.0
48.83,12.0
48.84,29.0
48.85,130.0
48.86,22.0
48.87,35.0
48.88,15.0
48.89,93.0
48.9,10.0
48.91,6.0
48.92,6.0
48.93,8.0
48.94,29.0
48.95,14.0
48.96,5.0
48.97,15.0
48.98,11.0
48.99,19.0
49.0,33.0
49.01,7.0
49.02,5.0
49.03,56.0
49.04,360.0
49.05,17.0
49.06,33.0
49.07,34.0
49.08,22.0
49.09,6.0
49.1,4.0
49.11,4.0
49.12,13.0
49.13,3.0
49.14,2.0
49.15,8.0
49.16,8.0
49.17,26.0
49.18,11.0
49.19,21.0
49.2,83.0
49.21,26.0
49.22,88.0
49.23,118.0
49.24,60.0
49.25,47.0
49.26,19.0
49.27,4.0
49.28,7.0
49.29,8.0
49.3,4.0
49.31,6.0
49.32,9.0
49.33,12.0
49.34,9.0
49.35,7.0
49.36,5.0
49.37,33.0
49.38,23.0
49.39,25.0
49.4,28.0
49.41,18.0
49.42,71.0
49.43,66.0
49.44,53.0
49.45,8.0
49.46,6.0
49.47,7.0
49.48,8.0
49.49,11.0
49.5,13.0
49.51,11.0
49.52,4.0
49.53,11.0
49.54,10.0
49.55,4.0
49.57,7.0
49.58,58.0
49.59,15.0
49.6,54.0
49.61,166.0
49.62,58.0
49.63,13.0
49.64,12.0
49.65,10.0
49.66,1.0
49.67,3.0
49.68,2.0
49.69,3.0
49.7,2.0
49.71,4.0
49.72,6.0
49.73,4.0
49.74,4.0
49.75,20.0
49.76,13.0
49.77,24.0
49.78,6.0
49.79,72.0
49.8,62.0
49.81,104.0
49.82,2.0
49.83,2.0
49.84,4.0
49.85,1.0
49.86,4.0
49.87,11.0
49.88,33.0
49.89,1.0
49.9,3.0
49.91,2.0
49.93,1.0
49.94,2.0
50.0,344.0
50.07,2.0
50.08,1.0
50.1,8.0
50.12,40.0
50.13,6.0
50.14,1.0
50.16,3.0
50.17,2.0
50.18,2.0
50.19,27.0
50.2,54.0
50.21,84.0
50.22,1.0
50.23,9.0
50.24,31.0
50.25,74.0
50.26,5.0
50.27,8.0
50.28,9.0
50.29,3.0
50.3,2.0
50.31,2.0
50.32,1.0
50.33,4.0
50.34,2.0
50.35,10.0
50.36,10.0
50.37,6.0
50.38,9.0
50.39,21.0
50.4,53.0
50.41,21.0
50.42,84.0
50.43,3.0
50.44,1.0
50.46,4.0
50.47,8.0
50.48,6.0
50.49,17.0
50.5,31.0
50.51,6.0
50.52,3.0
50.53,8.0
50.54,1.0
50.55,3.0
50.56,8.0
50.57,4.0
50.58,7.0
50.59,9.0
50.6,12.0
50.61,16.0
50.62,17.0
50.63,40.0
50.64,10.0
50.65,2.0
50.66,2.0
50.67,1.0
50.68,2.0
50.69,4.0
50.7,6.0
50.71,6.0
50.72,5.0
50.73,8.0
50.74,122.0
50.75,13.0
50.76,4.0
50.77,11.0
50.78,10.0
50.79,9.0
50.8,10.0
50.81,13.0
50.82,4.0
50.83,19.0
50.84,20.0
50.85,15.0
50.86,5.0
50.87,4.0
50.88,4.0
50.91,4.0
50.92,4.0
50.93,2.0
50.94,3.0
50.95,1.0
50.96,4.0
50.97,6.0
50.98,11.0
50.99,10.0
51.0,13.0
51.01,16.0
51.02,7.0
51.03,4.0
51.04,8.0
51.05,20.0
51.06,6.0
51.07,1.0
51.08,8.0
51.09,5.0
51.11,2.0
51.12,10.0
51.13,3.0
51.14,1.0
51.15,3.0
51.17,3.0
51.18,5.0
51.19,1.0
51.2,4.0
51.21,10.0
51.22,9.0
51.23,15.0
51.24,13.0
51.25,10.0
51.26,10.0
51.27,3.0
51.28,4.0
51.29,4.0
51.3,2.0
51.31,3.0
51.32,1.0
51.34,4.0
51.35,2.0
51.36,8.0
51.37,8.0
51.38,7.0
51.39,6.0
51.4,1.0
51.41,3.0
51.42,3.0
51.43,4.0
51.44,8.0
51.45,9.0
51.46,4.0
51.47,4.0
51.48,4.0
51.49,19.0
51.5,9.0
51.51,4.0
51.52,6.0
51.53,4.0
51.54,7.0
51.55,8.0
51.56,5.0
51.57,14.0
51.58,5.0
51.59,3.0
51.6,3.0
51.61,10.0
51.62,8.0
51.63,4.0
51.64,2.0
51.65,6.0
51.66,2.0
51.67,7.0
51.68,1.0
51.69,4.0
51.7,11.0
51.71,15.0
51.72,10.0
51.73,6.0
51.74,31.0
51.75,6.0
51.76,9.0
51.77,1.0
51.78,4.0
51.79,10.0
51.81,4.0
51.82,5.0
51.83,29.0
51.84,5.0
51.85,6.0
51.86,5.0
51.87,7.0
51.88,2.0
51.89,2.0
51.9,5.0
51.91,4.0
51.93,1.0
51.94,3.0
51.95,2.0
51.96,14.0
51.97,15.0
51.98,7.0
51.99,5.0
52.0,5.0
52.01,4.0
52.02,2.0
52.04,5.0
52.05,6.0
52.06,3.0
52.07,6.0
52.08,1.0
52.09,33.0
52.1,2.0
52.11,4.0
52.12,4.0
52.13,2.0
52.14,3.0
52.15,2.0
52.16,3.0
52.17,1.0
52.2,1.0
52.21,3.0
52.22,9.0
52.23,6.0
52.24,7.0
52.25,1.0
52.26,3.0
52.27,2.0
52.28,3.0
52.29,1.0
52.31,1.0
52.33,4.0
52.34,4.0
52.35,1.0
52.36,8.0
52.37,6.0
52.38,3.0
52.39,4.0
52.41,3.0
52.42,1.0
52.43,1.0
52.44,1.0
52.45,2.0
52.46,2.0
52.47,6.0
52.48,7.0
52.49,4.0
52.5,1.0
52.51,1.0
52.52,1.0
52.53,1.0
52.55,3.0
52.56,1.0
52.57,1.0
52.58,2.0
52.59,1.0
52.6,1.0
52.61,3.0
52.62,5.0
52.63,1.0
52.65,2.0
52.66,2.0
52.67,1.0
52.68,1.0
52.7,3.0
52.71,1.0
52.73,1.0
52.74,8.0
52.76,8.0
52.77,1.0
52.79,1.0
52.8,2.0
52.81,1.0
52.82,1.0
52.84,2.0
52.86,1.0
52.87,1.0
52.88,4.0
52.89,1.0
52.91,1.0
52.92,3.0
52.94,2.0
52.95,1.0
52.96,1.0
52.99,2.0
53.02,2.0
53.03,3.0
53.04,1.0
53.05,2.0
53.07,1.0
53.08,1.0
53.09,1.0
53.14,1.0
53.16,2.0
53.18,1.0
53.19,1.0
53.2,1.0
53.21,1.0
53.22,2.0
53.23,1.0
53.26,4.0
53.29,2.0
53.31,1.0
53.32,1.0
53.33,2.0
53.36,1.0
53.37,1.0
53.38,1.0
53.39,1.0
53.4,5.0
53.41,3.0
53.42,4.0
53.43,2.0
53.44,2.0
53.47,2.0
53.53,2.0
53.54,1.0
53.55,1.0
53.56,2.0
53.57,1.0
53.58,1.0
53.59,1.0
53.6,1.0
53.61,1.0
53.62,1.0
53.63,2.0
53.64,2.0
53.66,1.0
53.67,3.0
53.7,1.0
53.74,1.0
53.75,1.0
53.76,1.0
53.77,1.0
53.78,1.0
53.79,1.0
53.82,1.0
53.86,1.0
53.87,1.0
53.89,2.0
53.9,1.0
53.92,1.0
53.93,2.0
53.95,3.0
53.99,1.0
54.03,2.0
54.06,1.0
54.07,1.0
54.08,1.0
54.09,1.0
54.13,1.0
54.14,3.0
54.16,1.0
54.17,3.0
54.19,1.0
54.2,2.0
54.24,1.0
54.25,2.0
54.26,1.0
54.27,1.0
54.28,1.0
54.3,2.0
54.33,1.0
54.34,1.0
54.36,3.0
54.39,1.0
54.4,1.0
54.42,1.0
54.43,2.0
54.46,1.0
54.47,1.0
54.49,1.0
54.5,2.0
54.52,1.0
54.53,1.0
54.55,1.0
54.56,1.0
54.58,1.0
54.59,1.0
54.6,1.0
54.61,1.0
54.62,2.0
54.63,1.0
54.64,1.0
54.66,2.0
54.68,1.0
54.69,1.0
54.73,1.0
54.74,2.0
54.75,1.0
54.76,3.0
54.77,1.0
54.79,2.0
54.82,3.0
54.83,2.0
54.86,3.0
54.87,5.0
54.88,1.0
54.89,1.0
54.9,1.0
54.92,1.0
54.93,1.0
54.95,3.0
54.96,1.0
54.97,1.0
54.99,1.0
55.0,4.0
55.02,2.0
55.04,2.0
55.05,2.0
55.08,1.0
55.09,1.0
55.11,1.0
55.12,1.0
55.14,3.0
55.15,1.0
55.18,2.0
55.19,1.0
55.2,2.0
55.22,1.0
55.23,2.0
55.24,1.0
55.25,1.0
55.26,1.0
55.27,3.0
55.28,6.0
55.29,3.0
55.31,2.0
55.32,2.0
55.33,2.0
55.34,3.0
55.35,3.0
55.36,1.0
55.37,1.0
55.38,1.0
55.39,5.0
55.4,4.0
55.42,2.0
55.43,1.0
55.45,1.0
55.46,4.0
55.47,5.0
55.48,2.0
55.49,9.0
55.5,3.0
55.51,3.0
55.52,6.0
55.53,2.0
55.54,2.0
55.56,9.0
55.57,1.0
55.58,3.0
55.6,4.0
55.61,1.0
55.62,5.0
55.63,3.0
55.64,2.0
55.65,1.0
55.66,2.0
55.67,2.0
55.68,3.0
55.69,6.0
55.7,2.0
55.71,3.0
55.72,4.0
55.73,5.0
55.74,1.0
55.75,2.0
55.76,1.0
55.77,1.0
55.78,1.0
55.79,2.0
55.8,3.0
55.81,1.0
55.82,1.0
55.84,5.0
55.85,1.0
55.86,3.0
55.88,3.0
55.89,2.0
55.9,1.0
55.91,4.0
55.92,3.0
55.94,5.0
55.95,1.0
55.96,4.0
55.98,4.0
55.99,3.0
56.0,2.0
56.02,3.0
56.03,1.0
56.04,4.0
56.05,1.0
56.06,1.0
56.07,2.0
56.08,5.0
56.09,2.0
56.1,1.0
56.11,2.0
56.12,4.0
56.15,2.0
56.16,1.0
56.18,1.0
56.19,1.0
56.2,3.0
56.21,1.0
56.23,4.0
56.24,1.0
56.25,2.0
56.26,1.0
56.27,2.0
56.28,4.0
56.31,4.0
56.32,1.0
56.33,2.0
56.34,2.0
56.35,2.0
56.36,2.0
56.41,2.0
56.42,2.0
56.44,1.0
56.46,1.0
56.47,1.0
56.48,1.0
56.49,2.0
56.51,2.0
56.53,1.0
56.54,1.0
56.55,1.0
56.56,4.0
56.58,1.0
56.6,2.0
56.62,2.0
56.64,1.0
56.67,1.0
56.68,1.0
56.69,1.0
56.7,2.0
56.72,1.0
56.75,1.0
56.78,2.0
56.79,1.0
56.8,1.0
56.82,1.0
56.86,2.0
56.99,1.0
57.01,1.0
57.14,1.0
57.17,1.0
57.18,1.0
57.21,1.0
57.27,1.0
57.34,1.0
57.47,1.0
57.49,1.0
57.59,1.0
57.62,1.0
57.68,1.0
57.8,1.0
57.87,1.0
57.95,1.0
57.97,1.0
57.98,1.0
58.05,1.0
58.09,1.0
58.3,1.0
58.36,1.0
58.4,1.0
58.42,1.0
58.63,1.0
58.71,2.0
58.94,1.0
59.07,1.0
59.16,1.0
59.17,1.0
59.3,1.0
59.32,1.0
59.91,1.0
60.12,1.0
60.42,1.0
60.62,1.0
61.29,1.0
61.35,1.0
61.54,1.0
61.62,1.0
61.65,1.0
61.73,1.0
61.83,1.0
61.93,1.0
62.11,1.0
62.75,1.0
62.94,1.0
63.23,1.0

