GC_content,occurence
24.5,1.0
24.89,1.0
26.86,1.0
26.89,1.0
27.04,1.0
27.37,1.0
28.06,1.0
28.18,1.0
28.34,1.0
28.52,1.0
28.61,1.0
28.86,1.0
29.18,1.0
29.33,1.0
29.36,1.0
29.5,1.0
29.65,1.0
29.86,1.0
30.01,1.0
30.02,1.0
30.06,1.0
30.09,1.0
30.11,1.0
30.25,1.0
30.27,1.0
30.31,1.0
30.39,1.0
30.52,1.0
30.62,1.0
30.68,1.0
31.15,1.0
31.17,1.0
31.23,1.0
31.44,1.0
31.51,1.0
31.79,1.0
32.26,1.0
32.31,1.0
32.45,1.0
32.56,1.0
32.58,1.0
32.66,1.0
32.76,1.0
32.91,1.0
32.93,1.0
33.0,1.0
33.01,1.0
33.04,1.0
33.2,1.0
33.33,1.0
33.41,1.0
33.43,1.0
33.45,1.0
33.48,1.0
33.59,1.0
33.64,1.0
33.78,1.0
33.85,1.0
33.86,1.0
33.88,1.0
33.89,1.0
33.94,1.0
33.95,1.0
33.98,1.0
34.12,1.0
34.15,1.0
34.16,1.0
34.17,1.0
34.27,1.0
34.28,1.0
34.29,1.0
34.31,2.0
34.32,1.0
34.35,2.0
34.36,1.0
34.45,1.0
34.63,1.0
34.66,1.0
34.67,2.0
34.7,1.0
34.75,1.0
34.81,1.0
34.92,1.0
34.98,1.0
35.08,2.0
35.13,2.0
35.19,1.0
35.2,1.0
35.26,1.0
35.31,1.0
35.45,1.0
35.55,1.0
35.58,1.0
35.65,1.0
35.66,1.0
35.71,1.0
35.73,1.0
35.88,1.0
35.89,1.0
35.9,1.0
35.92,1.0
35.94,1.0
36.06,1.0
36.11,1.0
36.13,1.0
36.16,1.0
36.24,1.0
36.34,1.0
36.38,1.0
36.41,1.0
36.43,1.0
36.48,1.0
36.49,1.0
36.5,1.0
36.54,1.0
36.55,2.0
36.56,1.0
36.6,1.0
36.63,1.0
36.64,1.0
36.65,1.0
36.71,1.0
36.73,2.0
36.75,2.0
36.78,2.0
36.79,1.0
36.81,1.0
36.85,1.0
36.94,2.0
36.97,2.0
37.01,1.0
37.05,2.0
37.07,1.0
37.09,1.0
37.11,1.0
37.13,1.0
37.16,3.0
37.19,1.0
37.22,1.0
37.26,1.0
37.27,1.0
37.29,2.0
37.3,1.0
37.35,3.0
37.38,1.0
37.39,1.0
37.42,1.0
37.5,5.0
37.55,1.0
37.57,1.0
37.62,1.0
37.64,1.0
37.65,1.0
37.69,1.0
37.7,1.0
37.74,2.0
37.79,1.0
37.8,1.0
37.82,1.0
37.85,1.0
37.86,1.0
37.87,1.0
37.88,1.0
37.91,1.0
37.92,2.0
37.93,1.0
37.95,1.0
38.01,1.0
38.02,1.0
38.07,1.0
38.11,1.0
38.18,1.0
38.2,1.0
38.25,1.0
38.26,1.0
38.3,2.0
38.4,1.0
38.52,1.0
38.53,1.0
38.61,1.0
38.64,1.0
38.68,1.0
38.7,1.0
38.71,1.0
38.73,1.0
38.74,1.0
38.78,1.0
38.79,1.0
38.81,1.0
38.82,1.0
38.91,1.0
38.94,2.0
38.99,1.0
39.1,1.0
39.13,1.0
39.14,1.0
39.16,2.0
39.21,1.0
39.23,1.0
39.32,1.0
39.33,1.0
39.34,1.0
39.36,1.0
39.46,1.0
39.49,1.0
39.54,1.0
39.57,2.0
39.59,1.0
39.62,1.0
39.64,2.0
39.69,1.0
39.71,1.0
39.76,1.0
39.77,3.0
39.78,1.0
39.81,1.0
39.82,1.0
39.9,1.0
39.93,1.0
39.97,1.0
39.98,1.0
40.0,6.0
40.07,2.0
40.11,1.0
40.21,1.0
40.23,1.0
40.25,1.0
40.27,1.0
40.29,2.0
40.44,1.0
40.46,1.0
40.49,1.0
40.6,1.0
40.62,1.0
40.67,1.0
40.72,1.0
40.74,1.0
40.82,1.0
40.83,1.0
40.86,1.0
40.92,1.0
40.93,1.0
40.94,1.0
41.0,1.0
41.01,1.0
41.05,1.0
41.07,1.0
41.12,1.0
41.14,1.0
41.18,2.0
41.19,1.0
41.2,1.0
41.21,1.0
41.22,1.0
41.23,1.0
41.25,1.0
41.26,1.0
41.29,1.0
41.3,2.0
41.32,3.0
41.33,3.0
41.34,1.0
41.37,1.0
41.39,1.0
41.4,2.0
41.42,2.0
41.45,1.0
41.47,1.0
41.48,1.0
41.49,1.0
41.52,1.0
41.54,1.0
41.56,1.0
41.57,2.0
41.58,1.0
41.59,1.0
41.6,3.0
41.64,1.0
41.65,2.0
41.67,2.0
41.71,1.0
41.74,1.0
41.75,2.0
41.76,1.0
41.77,1.0
41.81,3.0
41.84,1.0
41.88,1.0
41.91,4.0
41.92,1.0
41.94,2.0
42.0,3.0
42.01,1.0
42.03,1.0
42.04,1.0
42.05,1.0
42.07,1.0
42.11,1.0
42.13,1.0
42.16,1.0
42.18,1.0
42.19,1.0
42.2,1.0
42.21,2.0
42.22,2.0
42.23,1.0
42.26,1.0
42.29,2.0
42.3,1.0
42.31,1.0
42.37,1.0
42.38,1.0
42.42,2.0
42.44,2.0
42.45,2.0
42.47,1.0
42.48,2.0
42.5,2.0
42.53,2.0
42.55,2.0
42.57,1.0
42.58,2.0
42.59,1.0
42.6,2.0
42.62,1.0
42.64,1.0
42.65,1.0
42.66,2.0
42.67,2.0
42.71,3.0
42.75,1.0
42.76,1.0
42.77,1.0
42.78,1.0
42.81,1.0
42.83,2.0
42.84,1.0
42.86,5.0
42.87,1.0
42.88,3.0
42.9,1.0
42.92,1.0
42.93,1.0
42.94,1.0
42.95,3.0
43.02,1.0
43.04,2.0
43.08,1.0
43.1,1.0
43.11,1.0
43.12,2.0
43.13,1.0
43.14,1.0
43.15,2.0
43.16,1.0
43.17,2.0
43.19,2.0
43.2,1.0
43.21,2.0
43.22,1.0
43.24,3.0
43.25,1.0
43.27,1.0
43.28,1.0
43.29,1.0
43.3,1.0
43.32,2.0
43.33,2.0
43.35,2.0
43.36,1.0
43.37,2.0
43.38,3.0
43.4,1.0
43.41,2.0
43.42,3.0
43.45,1.0
43.46,1.0
43.48,1.0
43.49,1.0
43.51,1.0
43.52,3.0
43.53,1.0
43.55,3.0
43.56,1.0
43.57,1.0
43.58,1.0
43.59,1.0
43.61,1.0
43.62,2.0
43.65,1.0
43.68,1.0
43.7,1.0
43.71,2.0
43.72,2.0
43.73,2.0
43.75,1.0
43.77,2.0
43.78,2.0
43.79,3.0
43.81,1.0
43.82,2.0
43.83,1.0
43.86,2.0
43.87,2.0
43.88,1.0
43.89,1.0
43.9,1.0
43.93,2.0
43.97,1.0
43.98,2.0
43.99,1.0
44.0,1.0
44.01,1.0
44.02,2.0
44.03,2.0
44.04,1.0
44.06,3.0
44.07,1.0
44.09,2.0
44.11,1.0
44.12,3.0
44.15,2.0
44.16,1.0
44.18,1.0
44.19,1.0
44.2,1.0
44.21,1.0
44.22,1.0
44.24,1.0
44.25,2.0
44.26,1.0
44.27,1.0
44.28,1.0
44.29,1.0
44.3,3.0
44.31,2.0
44.32,1.0
44.33,2.0
44.34,2.0
44.35,5.0
44.36,3.0
44.38,1.0
44.39,4.0
44.44,3.0
44.47,1.0
44.48,3.0
44.49,1.0
44.51,2.0
44.52,2.0
44.55,3.0
44.56,1.0
44.57,2.0
44.58,1.0
44.59,3.0
44.61,2.0
44.62,3.0
44.63,1.0
44.64,1.0
44.66,1.0
44.67,1.0
44.71,2.0
44.72,1.0
44.73,1.0
44.75,1.0
44.76,2.0
44.77,3.0
44.79,2.0
44.8,1.0
44.81,1.0
44.83,1.0
44.84,1.0
44.87,3.0
44.89,1.0
44.9,2.0
44.91,2.0
44.92,1.0
44.93,1.0
44.94,2.0
44.96,2.0
44.97,4.0
44.98,3.0
45.01,1.0
45.02,2.0
45.03,3.0
45.04,1.0
45.07,2.0
45.08,1.0
45.1,4.0
45.11,2.0
45.12,2.0
45.13,1.0
45.14,1.0
45.16,2.0
45.17,1.0
45.22,5.0
45.24,1.0
45.25,1.0
45.26,1.0
45.28,3.0
45.29,2.0
45.3,1.0
45.31,1.0
45.32,3.0
45.33,3.0
45.34,2.0
45.36,3.0
45.37,1.0
45.39,3.0
45.42,4.0
45.43,1.0
45.44,1.0
45.45,3.0
45.47,1.0
45.48,2.0
45.49,1.0
45.5,1.0
45.52,2.0
45.54,3.0
45.55,1.0
45.56,1.0
45.57,1.0
45.58,2.0
45.59,3.0
45.61,1.0
45.62,2.0
45.63,2.0
45.64,2.0
45.66,3.0
45.68,3.0
45.69,1.0
45.7,3.0
45.71,1.0
45.72,1.0
45.73,2.0
45.74,2.0
45.75,3.0
45.76,3.0
45.77,2.0
45.79,1.0
45.8,3.0
45.81,1.0
45.82,2.0
45.84,1.0
45.85,4.0
45.86,2.0
45.87,1.0
45.88,1.0
45.89,1.0
45.9,1.0
45.91,3.0
45.93,1.0
45.95,4.0
45.96,2.0
45.97,1.0
45.98,1.0
45.99,1.0
46.01,1.0
46.02,3.0
46.04,5.0
46.05,1.0
46.06,1.0
46.07,1.0
46.11,3.0
46.12,1.0
46.13,1.0
46.14,1.0
46.15,8.0
46.16,1.0
46.17,2.0
46.18,1.0
46.19,1.0
46.2,2.0
46.21,2.0
46.24,5.0
46.25,1.0
46.26,1.0
46.27,2.0
46.28,3.0
46.3,4.0
46.31,1.0
46.32,3.0
46.33,2.0
46.34,4.0
46.35,3.0
46.36,9.0
46.37,3.0
46.38,1.0
46.4,4.0
46.41,4.0
46.42,2.0
46.43,2.0
46.44,2.0
46.45,2.0
46.46,4.0
46.47,8.0
46.48,4.0
46.49,5.0
46.5,1.0
46.51,7.0
46.52,1.0
46.53,1.0
46.54,2.0
46.55,5.0
46.56,1.0
46.57,5.0
46.58,1.0
46.59,4.0
46.6,19.0
46.61,6.0
46.62,3.0
46.63,4.0
46.64,5.0
46.65,4.0
46.67,11.0
46.68,1.0
46.69,3.0
46.7,6.0
46.72,4.0
46.73,4.0
46.74,6.0
46.75,31.0
46.76,6.0
46.77,2.0
46.78,1.0
46.79,4.0
46.81,1.0
46.82,4.0
46.83,2.0
46.84,6.0
46.85,4.0
46.86,11.0
46.88,11.0
46.89,25.0
46.91,2.0
46.92,2.0
46.93,5.0
46.94,1.0
46.95,2.0
46.97,4.0
46.98,4.0
46.99,23.0
47.0,6.0
47.01,2.0
47.02,1.0
47.03,2.0
47.04,7.0
47.06,10.0
47.07,2.0
47.08,11.0
47.09,4.0
47.1,17.0
47.12,7.0
47.13,4.0
47.14,6.0
47.15,2.0
47.16,6.0
47.18,1.0
47.19,2.0
47.2,4.0
47.21,4.0
47.22,4.0
47.23,7.0
47.25,3.0
47.27,8.0
47.28,1.0
47.29,10.0
47.3,1.0
47.31,8.0
47.32,3.0
47.33,10.0
47.34,6.0
47.35,2.0
47.36,3.0
47.37,4.0
47.38,2.0
47.39,3.0
47.4,2.0
47.41,6.0
47.42,1.0
47.43,4.0
47.44,2.0
47.45,12.0
47.46,18.0
47.47,2.0
47.48,12.0
47.49,4.0
47.5,6.0
47.51,1.0
47.52,4.0
47.53,1.0
47.54,5.0
47.55,1.0
47.56,1.0
47.57,8.0
47.58,3.0
47.59,3.0
47.6,9.0
47.62,11.0
47.63,2.0
47.64,10.0
47.65,30.0
47.66,1.0
47.67,13.0
47.68,5.0
47.69,7.0
47.7,2.0
47.71,3.0
47.72,1.0
47.73,2.0
47.74,3.0
47.75,3.0
47.76,10.0
47.77,1.0
47.78,7.0
47.79,7.0
47.8,2.0
47.81,16.0
47.82,1.0
47.83,22.0
47.84,28.0
47.85,1.0
47.86,8.0
47.87,5.0
47.88,3.0
47.89,3.0
47.9,4.0
47.91,6.0
47.92,5.0
47.93,1.0
47.94,5.0
47.95,3.0
47.96,5.0
47.97,15.0
47.98,3.0
47.99,22.0
48.0,38.0
48.01,43.0
48.02,2.0
48.03,25.0
48.04,7.0
48.05,4.0
48.06,4.0
48.07,3.0
48.08,6.0
48.09,14.0
48.1,2.0
48.11,5.0
48.12,4.0
48.13,11.0
48.15,12.0
48.16,17.0
48.17,2.0
48.18,33.0
48.19,54.0
48.2,52.0
48.21,27.0
48.22,2.0
48.23,19.0
48.24,18.0
48.25,5.0
48.26,5.0
48.28,8.0
48.29,2.0
48.3,2.0
48.31,6.0
48.33,15.0
48.34,34.0
48.35,44.0
48.36,56.0
48.37,1.0
48.38,96.0
48.39,60.0
48.4,29.0
48.41,9.0
48.42,11.0
48.43,4.0
48.44,1.0
48.45,3.0
48.46,3.0
48.47,3.0
48.48,7.0
48.5,4.0
48.51,9.0
48.52,17.0
48.53,39.0
48.54,67.0
48.55,130.0
48.56,145.0
48.57,56.0
48.58,20.0
48.59,7.0
48.6,5.0
48.62,1.0
48.63,1.0
48.64,1.0
48.65,2.0
48.66,1.0
48.67,5.0
48.68,15.0
48.69,13.0
48.7,14.0
48.71,27.0
48.72,74.0
48.73,152.0
48.74,358.0
48.75,139.0
48.76,13.0
48.77,6.0
48.78,1.0
48.79,1.0
48.8,3.0
48.81,4.0
48.82,2.0
48.83,2.0
48.84,6.0
48.85,4.0
48.86,6.0
48.87,8.0
48.88,17.0
48.89,32.0
48.9,64.0
48.91,530.0
48.92,257.0
48.93,81.0
48.94,22.0
48.95,2.0
48.97,1.0
48.98,1.0
48.99,2.0
49.0,4.0
49.01,5.0
49.02,5.0
49.03,4.0
49.04,8.0
49.05,15.0
49.06,23.0
49.07,28.0
49.08,152.0
49.09,389.0
49.1,1522.0
49.11,64.0
49.12,22.0
49.13,8.0
49.14,2.0
49.15,2.0
49.16,2.0
49.17,2.0
49.18,1.0
49.19,3.0
49.2,4.0
49.21,57.0
49.22,9.0
49.23,3.0
49.24,9.0
49.25,27.0
49.26,140.0
49.27,241.0
49.28,2582.0
49.29,204.0
49.3,11.0
49.31,7.0
49.32,3.0
49.33,4.0
49.34,3.0
49.35,4.0
49.36,4.0
49.37,22.0
49.38,2.0
49.39,2.0
49.4,2.0
49.41,5.0
49.42,7.0
49.43,14.0
49.44,43.0
49.45,758.0
49.46,12924.0
49.47,88.0
49.48,8.0
49.5,1.0
49.51,2.0
49.52,9.0
49.53,6.0
49.54,4.0
49.55,12.0
49.56,19.0
49.57,7.0
49.59,1.0
49.6,5.0
49.61,6.0
49.62,20.0
49.63,154.0
49.64,3194.0
49.65,44.0
49.66,2.0
49.67,6.0
49.68,16.0
49.69,14.0
49.7,4.0
49.71,4.0
49.72,7.0
49.73,4.0
49.77,7.0
49.78,32.0
49.79,1.0
49.8,17.0
49.81,71.0
49.82,2201.0
49.83,3.0
49.84,8.0
49.85,1.0
49.86,1.0
49.89,3.0
49.9,1.0
49.91,5.0
50.0,1511.0
50.08,1.0
50.09,2.0
50.1,1.0
50.11,1.0
50.12,1.0
50.15,1.0
50.16,11.0
50.17,6.0
50.18,786.0
50.19,156.0
50.2,29.0
50.21,3.0
50.22,97.0
50.23,21.0
50.24,1.0
50.26,1.0
50.27,5.0
50.28,60.0
50.29,3.0
50.31,24.0
50.32,7.0
50.33,6.0
50.34,1.0
50.35,16.0
50.36,344.0
50.37,288.0
50.38,216.0
50.39,5.0
50.4,54.0
50.41,3.0
50.42,2.0
50.43,4.0
50.44,524.0
50.45,34.0
50.46,9.0
50.47,1.0
50.48,1.0
50.49,1.0
50.5,3.0
50.51,1.0
50.52,1.0
50.53,23.0
50.54,74.0
50.55,208.0
50.56,117.0
50.57,289.0
50.58,10.0
50.59,7.0
50.6,9.0
50.61,3.0
50.62,44.0
50.63,1.0
50.64,5.0
50.65,2.0
50.66,44.0
50.67,43.0
50.68,41.0
50.69,2.0
50.7,5.0
50.71,21.0
50.72,65.0
50.73,42.0
50.74,76.0
50.75,68.0
50.76,126.0
50.77,9.0
50.78,1.0
50.79,7.0
50.8,8.0
50.81,10.0
50.82,4.0
50.83,3.0
50.84,2.0
50.85,9.0
50.86,4.0
50.87,5.0
50.88,41.0
50.89,21.0
50.9,48.0
50.91,36.0
50.92,75.0
50.93,31.0
50.94,35.0
50.95,18.0
50.96,7.0
50.97,4.0
50.98,2.0
50.99,4.0
51.0,5.0
51.02,2.0
51.03,5.0
51.04,4.0
51.05,4.0
51.06,8.0
51.07,5.0
51.08,73.0
51.09,46.0
51.1,22.0
51.11,19.0
51.12,16.0
51.13,18.0
51.14,307.0
51.15,26.0
51.16,4.0
51.17,2.0
51.18,1.0
51.19,2.0
51.2,2.0
51.21,1.0
51.22,3.0
51.23,10.0
51.24,3.0
51.25,15.0
51.26,9.0
51.27,12.0
51.28,12.0
51.29,4.0
51.3,16.0
51.31,8.0
51.32,5.0
51.33,15.0
51.34,8.0
51.35,13.0
51.36,21.0
51.38,14.0
51.39,4.0
51.4,3.0
51.41,2.0
51.42,5.0
51.43,4.0
51.44,4.0
51.45,9.0
51.46,6.0
51.47,5.0
51.48,8.0
51.49,4.0
51.5,8.0
51.52,8.0
51.53,6.0
51.54,3.0
51.55,6.0
51.56,8.0
51.57,10.0
51.58,4.0
51.59,2.0
51.6,19.0
51.61,11.0
51.62,5.0
51.63,6.0
51.64,13.0
51.65,10.0
51.66,8.0
51.67,4.0
51.68,2.0
51.69,3.0
51.7,5.0
51.71,6.0
51.72,5.0
51.74,5.0
51.75,2.0
51.76,4.0
51.77,3.0
51.78,2.0
51.79,3.0
51.8,3.0
51.81,3.0
51.82,6.0
51.83,6.0
51.84,3.0
51.85,4.0
51.86,2.0
51.87,3.0
51.88,4.0
51.89,3.0
51.9,5.0
51.91,4.0
51.92,4.0
51.93,1.0
51.94,4.0
51.95,1.0
51.96,1.0
51.97,1.0
51.98,4.0
51.99,1.0
52.0,4.0
52.01,4.0
52.02,6.0
52.03,5.0
52.04,5.0
52.05,4.0
52.06,2.0
52.07,1.0
52.08,6.0
52.1,4.0
52.11,6.0
52.12,1.0
52.13,5.0
52.14,3.0
52.15,4.0
52.16,2.0
52.17,8.0
52.18,1.0
52.19,3.0
52.2,3.0
52.21,4.0
52.22,5.0
52.23,3.0
52.24,2.0
52.25,1.0
52.26,3.0
52.27,2.0
52.28,5.0
52.29,8.0
52.31,8.0
52.32,1.0
52.33,2.0
52.34,4.0
52.35,6.0
52.36,5.0
52.37,1.0
52.38,4.0
52.39,4.0
52.4,7.0
52.42,6.0
52.43,6.0
52.45,7.0
52.46,3.0
52.47,1.0
52.48,3.0
52.49,5.0
52.5,5.0
52.51,3.0
52.52,5.0
52.53,4.0
52.54,3.0
52.55,21.0
52.56,3.0
52.57,2.0
52.58,3.0
52.59,3.0
52.6,2.0
52.61,3.0
52.62,1.0
52.63,2.0
52.65,6.0
52.66,5.0
52.67,3.0
52.68,8.0
52.69,7.0
52.7,2.0
52.71,4.0
52.73,9.0
52.74,5.0
52.75,1.0
52.76,3.0
52.77,1.0
52.78,2.0
52.79,2.0
52.8,9.0
52.82,16.0
52.83,3.0
52.84,11.0
52.85,5.0
52.86,1.0
52.87,4.0
52.88,3.0
52.89,3.0
52.9,4.0
52.91,5.0
52.92,5.0
52.93,2.0
52.94,7.0
52.96,7.0
52.97,1.0
52.98,20.0
52.99,14.0
53.0,2.0
53.01,5.0
53.02,1.0
53.03,10.0
53.04,2.0
53.05,6.0
53.06,1.0
53.07,4.0
53.08,5.0
53.09,2.0
53.1,13.0
53.11,2.0
53.12,23.0
53.13,22.0
53.14,2.0
53.15,15.0
53.16,3.0
53.17,15.0
53.18,1.0
53.19,8.0
53.2,2.0
53.21,2.0
53.22,5.0
53.23,6.0
53.24,12.0
53.25,23.0
53.27,42.0
53.28,9.0
53.29,21.0
53.3,4.0
53.31,17.0
53.32,4.0
53.33,7.0
53.36,1.0
53.37,11.0
53.39,21.0
53.4,2.0
53.41,54.0
53.42,5.0
53.43,63.0
53.44,6.0
53.45,24.0
53.46,4.0
53.47,5.0
53.48,5.0
53.49,17.0
53.5,3.0
53.51,2.0
53.52,5.0
53.53,18.0
53.54,3.0
53.55,65.0
53.56,4.0
53.57,167.0
53.58,5.0
53.59,70.0
53.6,6.0
53.61,26.0
53.62,3.0
53.63,1.0
53.64,14.0
53.66,4.0
53.67,48.0
53.69,43.0
53.7,29.0
53.71,313.0
53.72,2.0
53.73,143.0
53.74,9.0
53.75,45.0
53.76,1.0
53.77,3.0
53.78,27.0
53.79,1.0
53.8,19.0
53.82,34.0
53.83,1.0
53.85,157.0
53.86,2.0
53.87,437.0
53.88,52.0
53.89,90.0
53.91,8.0
53.92,40.0
53.93,1.0
53.94,21.0
53.95,1.0
53.96,16.0
53.97,2.0
53.98,74.0
53.99,4.0
54.0,1.0
54.01,1067.0
54.02,7.0
54.03,173.0
54.04,13.0
54.05,206.0
54.06,2.0
54.07,2.0
54.08,36.0
54.09,28.0
54.1,7.0
54.12,38.0
54.13,7.0
54.14,191.0
54.15,5.0
54.17,237.0
54.18,3.0
54.19,108.0
54.2,7.0
54.21,2.0
54.22,44.0
54.23,25.0
54.24,19.0
54.25,8.0
54.26,11.0
54.27,12.0
54.28,47.0
54.29,5.0
54.3,134.0
54.32,3.0
54.33,120.0
54.34,1.0
54.35,68.0
54.36,7.0
54.37,4.0
54.38,30.0
54.39,8.0
54.4,4.0
54.41,28.0
54.42,2.0
54.43,4.0
54.44,59.0
54.45,1.0
54.46,59.0
54.47,1.0
54.48,1.0
54.49,81.0
54.5,1.0
54.51,9.0
54.52,30.0
54.55,22.0
54.56,2.0
54.57,23.0
54.58,1.0
54.6,41.0
54.61,1.0
54.62,8.0
54.63,37.0
54.64,2.0
54.65,47.0
54.66,2.0
54.67,1.0
54.68,30.0
54.71,15.0
54.72,2.0
54.73,11.0
54.74,6.0
54.75,2.0
54.76,27.0
54.77,1.0
54.78,1.0
54.79,22.0
54.81,5.0
54.82,28.0
54.83,2.0
54.84,5.0
54.85,25.0
54.86,2.0
54.87,7.0
54.88,8.0
54.89,1.0
54.9,16.0
54.91,6.0
54.92,1.0
54.93,18.0
54.94,3.0
54.95,15.0
54.96,1.0
54.97,5.0
54.98,6.0
54.99,1.0
55.0,3.0
55.02,11.0
55.03,5.0
55.04,1.0
55.05,8.0
55.06,6.0
55.08,5.0
55.09,5.0
55.1,1.0
55.11,2.0
55.12,13.0
55.13,4.0
55.14,3.0
55.15,3.0
55.16,4.0
55.18,5.0
55.19,3.0
55.21,3.0
55.22,5.0
55.25,1.0
55.26,7.0
55.28,2.0
55.29,3.0
55.3,1.0
55.32,9.0
55.33,3.0
55.35,5.0
55.36,3.0
55.38,1.0
55.39,5.0
55.41,2.0
55.42,5.0
55.44,1.0
55.45,4.0
55.46,1.0
55.47,1.0
55.48,2.0
55.49,2.0
55.5,1.0
55.51,1.0
55.52,3.0
55.54,1.0
55.56,10.0
55.58,1.0
55.59,4.0
55.61,1.0
55.62,4.0
55.63,4.0
55.64,2.0
55.65,3.0
55.66,3.0
55.67,1.0
55.68,1.0
55.69,3.0
55.7,1.0
55.71,1.0
55.72,2.0
55.73,5.0
55.77,2.0
55.79,8.0
55.81,1.0
55.82,1.0
55.83,4.0
55.84,2.0
55.86,6.0
55.87,1.0
55.89,1.0
55.9,4.0
55.91,1.0
55.92,3.0
55.93,3.0
55.95,1.0
55.96,1.0
55.97,7.0
55.98,1.0
55.99,6.0
56.01,2.0
56.02,5.0
56.03,6.0
56.05,11.0
56.06,2.0
56.1,6.0
56.11,2.0
56.12,1.0
56.14,1.0
56.15,1.0
56.16,1.0
56.17,2.0
56.18,1.0
56.19,1.0
56.21,1.0
56.23,3.0
56.25,1.0
56.27,2.0
56.28,2.0
56.3,1.0
56.31,1.0
56.33,3.0
56.34,1.0
56.36,1.0
56.38,2.0
56.39,1.0
56.4,1.0
56.42,2.0
56.43,1.0
56.46,2.0
56.47,1.0
56.5,3.0
56.54,1.0
56.55,1.0
56.57,1.0
56.58,1.0
56.59,1.0
56.6,1.0
56.62,1.0
56.63,1.0
56.71,1.0
56.72,1.0
56.79,1.0
56.91,1.0
57.07,1.0
57.12,1.0
57.14,1.0
57.55,1.0
57.8,1.0
57.94,1.0
58.02,1.0
58.6,1.0
58.79,1.0
59.43,1.0
59.64,1.0

