seq_score,occurence
42.69,1.0
44.68,1.0
44.75,1.0
45.25,1.0
45.29,1.0
45.57,1.0
45.61,1.0
45.78,1.0
45.84,2.0
46.02,1.0
46.12,1.0
46.14,1.0
46.4,1.0
46.43,1.0
46.47,1.0
46.5,1.0
46.51,1.0
46.57,1.0
46.62,1.0
46.64,1.0
46.67,1.0
46.68,1.0
46.76,1.0
46.77,2.0
46.82,1.0
46.85,1.0
46.88,1.0
46.91,3.0
46.93,1.0
46.99,1.0
47.0,1.0
47.12,2.0
47.13,1.0
47.14,2.0
47.17,1.0
47.18,1.0
47.23,2.0
47.31,1.0
47.38,1.0
47.39,1.0
47.41,1.0
47.42,2.0
47.47,1.0
47.51,1.0
47.53,1.0
47.55,1.0
47.6,2.0
47.65,1.0
47.68,2.0
47.7,1.0
47.71,1.0
47.72,1.0
47.74,1.0
47.75,1.0
47.76,3.0
47.79,2.0
47.8,1.0
47.83,1.0
47.85,1.0
47.91,1.0
47.92,1.0
47.96,1.0
47.97,1.0
47.99,1.0
48.06,1.0
48.09,1.0
48.12,1.0
48.14,1.0
48.17,2.0
48.18,1.0
48.19,1.0
48.2,1.0
48.22,1.0
48.27,1.0
48.34,3.0
48.36,1.0
48.37,1.0
48.38,1.0
48.39,1.0
48.43,2.0
48.45,1.0
48.46,1.0
48.47,1.0
48.48,1.0
48.5,2.0
48.51,1.0
48.52,1.0
48.53,1.0
48.54,1.0
48.56,1.0
48.6,1.0
48.62,2.0
48.63,1.0
48.65,1.0
48.66,2.0
48.67,2.0
48.75,1.0
48.76,1.0
48.77,1.0
48.78,1.0
48.84,1.0
48.87,1.0
48.88,2.0
48.89,2.0
48.9,2.0
48.91,1.0
48.92,1.0
48.94,3.0
48.96,4.0
48.98,2.0
48.99,1.0
49.01,1.0
49.02,1.0
49.03,1.0
49.05,2.0
49.06,2.0
49.09,1.0
49.11,1.0
49.14,1.0
49.15,4.0
49.16,1.0
49.17,1.0
49.18,1.0
49.19,1.0
49.2,2.0
49.21,2.0
49.23,1.0
49.24,1.0
49.25,1.0
49.26,2.0
49.3,1.0
49.32,1.0
49.33,2.0
49.35,1.0
49.37,1.0
49.38,1.0
49.39,2.0
49.4,1.0
49.41,1.0
49.43,1.0
49.47,1.0
49.48,1.0
49.5,1.0
49.51,1.0
49.52,2.0
49.53,1.0
49.54,1.0
49.56,2.0
49.58,1.0
49.59,2.0
49.6,1.0
49.61,2.0
49.62,3.0
49.64,2.0
49.65,2.0
49.66,1.0
49.68,2.0
49.72,1.0
49.74,1.0
49.75,1.0
49.77,2.0
49.78,1.0
49.79,1.0
49.8,2.0
49.81,1.0
49.82,4.0
49.83,5.0
49.85,1.0
49.86,1.0
49.88,2.0
49.9,1.0
49.92,2.0
49.93,3.0
49.95,1.0
49.96,2.0
49.98,2.0
49.99,2.0
50.01,4.0
50.02,1.0
50.03,1.0
50.04,2.0
50.05,1.0
50.06,2.0
50.07,3.0
50.08,1.0
50.09,3.0
50.1,1.0
50.11,3.0
50.12,2.0
50.13,1.0
50.14,3.0
50.15,1.0
50.17,1.0
50.18,1.0
50.2,1.0
50.21,3.0
50.22,3.0
50.24,1.0
50.25,3.0
50.26,1.0
50.28,1.0
50.29,2.0
50.3,1.0
50.31,1.0
50.33,4.0
50.34,2.0
50.35,1.0
50.36,3.0
50.37,2.0
50.38,4.0
50.39,3.0
50.4,2.0
50.42,2.0
50.43,3.0
50.44,2.0
50.45,2.0
50.46,2.0
50.47,3.0
50.48,4.0
50.49,1.0
50.5,3.0
50.52,1.0
50.53,3.0
50.54,1.0
50.55,2.0
50.58,3.0
50.59,4.0
50.6,3.0
50.61,2.0
50.62,2.0
50.63,1.0
50.64,2.0
50.65,1.0
50.67,3.0
50.68,4.0
50.69,4.0
50.7,3.0
50.71,3.0
50.72,1.0
50.73,2.0
50.75,1.0
50.76,1.0
50.78,4.0
50.79,1.0
50.8,5.0
50.81,1.0
50.82,4.0
50.83,1.0
50.84,3.0
50.85,2.0
50.86,3.0
50.87,1.0
50.88,1.0
50.89,1.0
50.9,4.0
50.91,2.0
50.92,1.0
50.93,2.0
50.94,2.0
50.95,1.0
50.96,1.0
50.97,3.0
50.98,1.0
50.99,2.0
51.0,2.0
51.01,1.0
51.02,2.0
51.03,2.0
51.04,1.0
51.05,1.0
51.07,2.0
51.08,2.0
51.09,2.0
51.1,3.0
51.11,1.0
51.12,1.0
51.13,4.0
51.14,5.0
51.15,5.0
51.17,1.0
51.18,3.0
51.19,2.0
51.2,1.0
51.21,2.0
51.22,4.0
51.23,3.0
51.24,3.0
51.25,3.0
51.26,2.0
51.27,2.0
51.28,1.0
51.29,2.0
51.3,2.0
51.31,1.0
51.32,2.0
51.33,1.0
51.34,1.0
51.35,2.0
51.36,3.0
51.37,3.0
51.38,2.0
51.39,4.0
51.4,3.0
51.41,4.0
51.42,1.0
51.43,4.0
51.44,1.0
51.45,4.0
51.47,2.0
51.48,1.0
51.49,5.0
51.5,1.0
51.51,1.0
51.52,3.0
51.53,4.0
51.56,1.0
51.57,1.0
51.58,1.0
51.59,3.0
51.6,4.0
51.61,5.0
51.62,3.0
51.63,2.0
51.64,4.0
51.65,3.0
51.66,1.0
51.67,1.0
51.68,5.0
51.69,2.0
51.7,2.0
51.71,4.0
51.72,2.0
51.73,1.0
51.74,3.0
51.75,6.0
51.76,2.0
51.77,2.0
51.78,5.0
51.79,1.0
51.8,3.0
51.81,3.0
51.82,2.0
51.83,2.0
51.84,2.0
51.85,5.0
51.86,2.0
51.87,1.0
51.88,2.0
51.89,2.0
51.9,3.0
51.92,1.0
51.93,3.0
51.94,3.0
51.95,4.0
51.96,2.0
51.97,2.0
51.98,4.0
51.99,3.0
52.0,3.0
52.01,2.0
52.02,1.0
52.03,1.0
52.04,8.0
52.05,2.0
52.07,3.0
52.08,4.0
52.09,1.0
52.1,1.0
52.11,2.0
52.12,3.0
52.13,1.0
52.14,2.0
52.15,4.0
52.16,3.0
52.17,6.0
52.18,2.0
52.2,4.0
52.21,1.0
52.22,2.0
52.24,3.0
52.25,3.0
52.26,7.0
52.27,1.0
52.28,3.0
52.29,1.0
52.3,3.0
52.31,5.0
52.32,2.0
52.33,2.0
52.34,4.0
52.35,4.0
52.36,7.0
52.38,3.0
52.39,4.0
52.4,4.0
52.41,2.0
52.42,4.0
52.43,3.0
52.44,4.0
52.45,2.0
52.46,1.0
52.47,1.0
52.48,2.0
52.49,2.0
52.5,1.0
52.51,1.0
52.52,3.0
52.53,3.0
52.54,3.0
52.55,1.0
52.56,1.0
52.57,4.0
52.58,4.0
52.59,1.0
52.6,4.0
52.61,2.0
52.62,2.0
52.63,3.0
52.64,1.0
52.65,3.0
52.66,3.0
52.67,4.0
52.69,6.0
52.7,3.0
52.71,2.0
52.72,1.0
52.73,6.0
52.74,2.0
52.75,3.0
52.76,3.0
52.77,2.0
52.78,2.0
52.79,2.0
52.8,6.0
52.81,4.0
52.83,6.0
52.84,1.0
52.85,2.0
52.86,2.0
52.87,3.0
52.88,1.0
52.89,3.0
52.9,4.0
52.91,1.0
52.92,4.0
52.94,1.0
52.95,3.0
52.96,3.0
52.97,5.0
52.98,1.0
52.99,3.0
53.0,2.0
53.01,3.0
53.02,3.0
53.03,3.0
53.04,3.0
53.05,3.0
53.08,1.0
53.1,3.0
53.11,4.0
53.12,2.0
53.13,6.0
53.15,4.0
53.16,4.0
53.17,2.0
53.18,4.0
53.19,2.0
53.2,6.0
53.21,1.0
53.22,1.0
53.23,2.0
53.24,2.0
53.25,1.0
53.26,5.0
53.27,4.0
53.28,4.0
53.29,2.0
53.31,3.0
53.32,3.0
53.33,4.0
53.34,3.0
53.35,5.0
53.36,3.0
53.37,2.0
53.38,6.0
53.39,6.0
53.4,3.0
53.41,7.0
53.42,5.0
53.43,3.0
53.44,3.0
53.45,2.0
53.46,1.0
53.47,1.0
53.48,3.0
53.49,2.0
53.51,2.0
53.52,6.0
53.53,3.0
53.55,4.0
53.56,4.0
53.57,2.0
53.58,6.0
53.59,5.0
53.6,3.0
53.61,4.0
53.62,3.0
53.63,3.0
53.64,3.0
53.65,6.0
53.66,6.0
53.67,4.0
53.68,5.0
53.69,5.0
53.7,4.0
53.71,4.0
53.72,1.0
53.73,1.0
53.74,1.0
53.75,6.0
53.76,1.0
53.77,7.0
53.78,4.0
53.79,5.0
53.8,2.0
53.81,1.0
53.82,1.0
53.83,3.0
53.84,2.0
53.85,4.0
53.86,5.0
53.87,3.0
53.88,4.0
53.9,2.0
53.91,3.0
53.92,2.0
53.93,1.0
53.94,3.0
53.95,4.0
53.96,4.0
53.97,2.0
53.99,3.0
54.0,5.0
54.01,3.0
54.02,2.0
54.03,3.0
54.04,3.0
54.05,6.0
54.06,4.0
54.07,4.0
54.09,2.0
54.1,6.0
54.11,5.0
54.12,6.0
54.13,5.0
54.14,4.0
54.15,3.0
54.16,4.0
54.17,6.0
54.18,6.0
54.19,5.0
54.2,5.0
54.21,4.0
54.22,6.0
54.23,1.0
54.24,4.0
54.25,2.0
54.26,4.0
54.27,6.0
54.28,7.0
54.29,6.0
54.3,4.0
54.31,6.0
54.32,7.0
54.33,3.0
54.34,1.0
54.35,2.0
54.36,2.0
54.37,2.0
54.38,5.0
54.4,3.0
54.41,3.0
54.42,4.0
54.43,5.0
54.44,4.0
54.45,3.0
54.46,3.0
54.47,2.0
54.48,4.0
54.49,4.0
54.5,3.0
54.51,1.0
54.52,4.0
54.53,4.0
54.54,3.0
54.55,1.0
54.56,2.0
54.57,2.0
54.58,4.0
54.59,5.0
54.6,5.0
54.61,3.0
54.62,4.0
54.63,2.0
54.64,4.0
54.66,6.0
54.67,6.0
54.68,2.0
54.69,8.0
54.7,6.0
54.71,4.0
54.72,5.0
54.73,1.0
54.74,2.0
54.75,6.0
54.76,3.0
54.77,3.0
54.78,2.0
54.79,2.0
54.8,1.0
54.81,1.0
54.82,3.0
54.83,3.0
54.84,5.0
54.85,4.0
54.86,6.0
54.87,7.0
54.88,6.0
54.89,6.0
54.91,6.0
54.92,7.0
54.93,3.0
54.94,5.0
54.95,3.0
54.96,3.0
54.97,7.0
54.98,5.0
54.99,3.0
55.0,4.0
55.01,7.0
55.02,4.0
55.03,5.0
55.04,6.0
55.05,4.0
55.06,4.0
55.07,7.0
55.08,4.0
55.09,2.0
55.1,11.0
55.11,1.0
55.12,4.0
55.13,5.0
55.14,6.0
55.15,2.0
55.16,4.0
55.17,5.0
55.18,5.0
55.19,2.0
55.2,1.0
55.21,6.0
55.22,2.0
55.23,2.0
55.24,7.0
55.25,6.0
55.26,3.0
55.27,7.0
55.28,3.0
55.3,6.0
55.31,6.0
55.32,7.0
55.33,5.0
55.34,7.0
55.35,6.0
55.36,4.0
55.37,4.0
55.38,6.0
55.39,3.0
55.4,4.0
55.41,4.0
55.42,7.0
55.43,4.0
55.44,4.0
55.45,3.0
55.46,3.0
55.47,8.0
55.48,4.0
55.49,7.0
55.5,2.0
55.51,5.0
55.52,5.0
55.53,1.0
55.54,1.0
55.55,4.0
55.56,2.0
55.58,4.0
55.59,5.0
55.6,6.0
55.61,7.0
55.62,5.0
55.63,7.0
55.64,5.0
55.65,4.0
55.66,6.0
55.67,3.0
55.68,4.0
55.69,4.0
55.7,3.0
55.71,3.0
55.72,4.0
55.73,6.0
55.74,6.0
55.75,4.0
55.76,4.0
55.77,4.0
55.78,3.0
55.79,4.0
55.8,4.0
55.81,4.0
55.82,7.0
55.83,3.0
55.84,4.0
55.85,6.0
55.86,1.0
55.87,4.0
55.88,4.0
55.89,4.0
55.9,2.0
55.91,2.0
55.92,1.0
55.93,3.0
55.94,4.0
55.95,2.0
55.96,7.0
55.97,6.0
55.98,3.0
55.99,2.0
56.0,5.0
56.01,2.0
56.02,2.0
56.03,4.0
56.04,3.0
56.05,4.0
56.06,3.0
56.07,4.0
56.08,6.0
56.09,8.0
56.1,5.0
56.11,4.0
56.12,4.0
56.13,3.0
56.14,8.0
56.15,4.0
56.16,6.0
56.17,6.0
56.18,4.0
56.19,5.0
56.2,7.0
56.21,7.0
56.22,10.0
56.23,7.0
56.24,8.0
56.25,5.0
56.26,4.0
56.27,7.0
56.28,3.0
56.29,8.0
56.3,6.0
56.31,4.0
56.32,8.0
56.33,3.0
56.34,4.0
56.35,5.0
56.36,3.0
56.37,4.0
56.38,4.0
56.39,3.0
56.4,5.0
56.41,10.0
56.42,5.0
56.43,3.0
56.44,3.0
56.45,1.0
56.46,4.0
56.47,5.0
56.48,5.0
56.49,5.0
56.5,8.0
56.51,6.0
56.52,4.0
56.53,5.0
56.54,3.0
56.55,5.0
56.56,4.0
56.57,4.0
56.58,7.0
56.59,2.0
56.6,2.0
56.61,4.0
56.62,3.0
56.63,5.0
56.64,6.0
56.65,5.0
56.66,8.0
56.67,5.0
56.68,4.0
56.69,5.0
56.7,3.0
56.71,5.0
56.72,6.0
56.73,4.0
56.74,3.0
56.75,5.0
56.76,5.0
56.77,12.0
56.78,7.0
56.79,4.0
56.8,5.0
56.81,4.0
56.82,3.0
56.83,2.0
56.84,6.0
56.85,3.0
56.86,4.0
56.87,1.0
56.88,5.0
56.89,6.0
56.9,4.0
56.91,4.0
56.92,6.0
56.93,7.0
56.94,8.0
56.95,7.0
56.96,2.0
56.97,5.0
56.98,3.0
56.99,11.0
57.0,5.0
57.01,7.0
57.02,4.0
57.03,10.0
57.04,10.0
57.05,7.0
57.06,4.0
57.07,4.0
57.08,9.0
57.09,5.0
57.1,7.0
57.11,8.0
57.12,10.0
57.13,2.0
57.14,6.0
57.15,6.0
57.16,7.0
57.17,4.0
57.18,2.0
57.19,3.0
57.2,5.0
57.21,7.0
57.22,6.0
57.23,5.0
57.24,8.0
57.25,4.0
57.26,8.0
57.27,6.0
57.28,7.0
57.29,4.0
57.3,3.0
57.31,9.0
57.32,6.0
57.33,5.0
57.34,9.0
57.35,3.0
57.36,8.0
57.37,7.0
57.38,5.0
57.39,6.0
57.4,4.0
57.41,7.0
57.42,6.0
57.43,5.0
57.44,7.0
57.45,11.0
57.46,9.0
57.47,5.0
57.48,9.0
57.49,5.0
57.5,7.0
57.51,10.0
57.52,7.0
57.53,6.0
57.54,3.0
57.55,15.0
57.56,8.0
57.57,7.0
57.58,8.0
57.59,6.0
57.6,10.0
57.61,11.0
57.62,5.0
57.63,4.0
57.64,8.0
57.65,5.0
57.66,10.0
57.67,7.0
57.68,5.0
57.69,1.0
57.7,7.0
57.71,6.0
57.72,7.0
57.73,5.0
57.74,7.0
57.75,11.0
57.76,4.0
57.77,3.0
57.78,5.0
57.79,6.0
57.8,6.0
57.81,5.0
57.82,5.0
57.83,5.0
57.84,8.0
57.85,4.0
57.86,4.0
57.87,7.0
57.88,5.0
57.89,4.0
57.9,7.0
57.91,6.0
57.92,10.0
57.93,5.0
57.94,4.0
57.95,12.0
57.96,12.0
57.97,5.0
57.98,8.0
57.99,5.0
58.0,3.0
58.01,7.0
58.02,9.0
58.03,6.0
58.04,8.0
58.05,5.0
58.06,4.0
58.07,3.0
58.08,6.0
58.09,7.0
58.1,9.0
58.11,4.0
58.12,13.0
58.13,6.0
58.14,11.0
58.15,8.0
58.16,6.0
58.17,9.0
58.18,6.0
58.19,7.0
58.2,7.0
58.21,5.0
58.22,6.0
58.23,5.0
58.24,5.0
58.25,10.0
58.26,13.0
58.27,4.0
58.28,7.0
58.29,5.0
58.3,7.0
58.31,9.0
58.32,14.0
58.33,6.0
58.34,6.0
58.35,14.0
58.36,7.0
58.37,7.0
58.38,11.0
58.39,6.0
58.4,9.0
58.41,9.0
58.42,7.0
58.43,16.0
58.44,6.0
58.45,11.0
58.46,7.0
58.47,7.0
58.48,5.0
58.49,8.0
58.5,5.0
58.51,4.0
58.52,5.0
58.53,9.0
58.54,12.0
58.55,13.0
58.56,5.0
58.57,7.0
58.58,11.0
58.59,6.0
58.6,3.0
58.61,10.0
58.62,11.0
58.63,3.0
58.64,11.0
58.65,8.0
58.66,7.0
58.67,10.0
58.68,10.0
58.69,7.0
58.7,11.0
58.71,9.0
58.72,11.0
58.73,9.0
58.74,8.0
58.75,8.0
58.76,8.0
58.77,12.0
58.78,7.0
58.79,6.0
58.8,5.0
58.81,11.0
58.82,7.0
58.83,11.0
58.84,8.0
58.85,9.0
58.86,5.0
58.87,5.0
58.88,5.0
58.89,12.0
58.9,14.0
58.91,10.0
58.92,11.0
58.93,11.0
58.94,12.0
58.95,10.0
58.96,15.0
58.97,7.0
58.98,12.0
58.99,17.0
59.0,10.0
59.01,16.0
59.02,7.0
59.03,8.0
59.04,12.0
59.05,11.0
59.06,9.0
59.07,11.0
59.08,8.0
59.09,13.0
59.1,10.0
59.11,16.0
59.12,13.0
59.13,11.0
59.14,8.0
59.15,7.0
59.16,10.0
59.17,12.0
59.18,12.0
59.19,13.0
59.2,6.0
59.21,14.0
59.22,8.0
59.23,10.0
59.24,14.0
59.25,9.0
59.26,13.0
59.27,10.0
59.28,9.0
59.29,13.0
59.3,19.0
59.31,15.0
59.32,13.0
59.33,8.0
59.34,13.0
59.35,16.0
59.36,16.0
59.37,11.0
59.38,9.0
59.39,11.0
59.4,8.0
59.41,11.0
59.42,19.0
59.43,7.0
59.44,14.0
59.45,15.0
59.46,13.0
59.47,17.0
59.48,12.0
59.49,20.0
59.5,10.0
59.51,12.0
59.52,13.0
59.53,16.0
59.54,12.0
59.55,11.0
59.56,16.0
59.57,15.0
59.58,16.0
59.59,10.0
59.6,16.0
59.61,8.0
59.62,14.0
59.63,20.0
59.64,17.0
59.65,12.0
59.66,13.0
59.67,14.0
59.68,20.0
59.69,14.0
59.7,14.0
59.71,11.0
59.72,12.0
59.73,15.0
59.74,14.0
59.75,14.0
59.76,18.0
59.77,14.0
59.78,18.0
59.79,13.0
59.8,10.0
59.81,15.0
59.82,11.0
59.83,16.0
59.84,14.0
59.85,15.0
59.86,6.0
59.87,15.0
59.88,23.0
59.89,7.0
59.9,16.0
59.91,20.0
59.92,13.0
59.93,13.0
59.94,16.0
59.95,13.0
59.96,22.0
59.97,16.0
59.98,9.0
59.99,25.0
60.0,18.0
60.01,15.0
60.02,14.0
60.03,12.0
60.04,21.0
60.05,23.0
60.06,10.0
60.07,12.0
60.08,12.0
60.09,23.0
60.1,16.0
60.11,18.0
60.12,17.0
60.13,12.0
60.14,18.0
60.15,23.0
60.16,19.0
60.17,16.0
60.18,21.0
60.19,25.0
60.2,16.0
60.21,14.0
60.22,28.0
60.23,16.0
60.24,13.0
60.25,17.0
60.26,17.0
60.27,20.0
60.28,17.0
60.29,16.0
60.3,18.0
60.31,16.0
60.32,29.0
60.33,15.0
60.34,14.0
60.35,19.0
60.36,20.0
60.37,17.0
60.38,25.0
60.39,20.0
60.4,22.0
60.41,15.0
60.42,23.0
60.43,23.0
60.44,18.0
60.45,21.0
60.46,19.0
60.47,23.0
60.48,14.0
60.49,24.0
60.5,14.0
60.51,17.0
60.52,14.0
60.53,19.0
60.54,22.0
60.55,18.0
60.56,23.0
60.57,18.0
60.58,27.0
60.59,21.0
60.6,22.0
60.61,18.0
60.62,25.0
60.63,20.0
60.64,24.0
60.65,20.0
60.66,20.0
60.67,13.0
60.68,22.0
60.69,15.0
60.7,23.0
60.71,22.0
60.72,23.0
60.73,22.0
60.74,20.0
60.75,27.0
60.76,19.0
60.77,16.0
60.78,28.0
60.79,30.0
60.8,21.0
60.81,26.0
60.82,25.0
60.83,27.0
60.84,26.0
60.85,21.0
60.86,31.0
60.87,9.0
60.88,29.0
60.89,23.0
60.9,25.0
60.91,29.0
60.92,22.0
60.93,22.0
60.94,23.0
60.95,25.0
60.96,21.0
60.97,20.0
60.98,27.0
60.99,25.0
61.0,29.0
61.01,33.0
61.02,16.0
61.03,27.0
61.04,29.0
61.05,31.0
61.06,23.0
61.07,16.0
61.08,20.0
61.09,43.0
61.1,32.0
61.11,29.0
61.12,25.0
61.13,29.0
61.14,32.0
61.15,27.0
61.16,21.0
61.17,20.0
61.18,24.0
61.19,31.0
61.2,30.0
61.21,24.0
61.22,30.0
61.23,33.0
61.24,28.0
61.25,21.0
61.26,33.0
61.27,23.0
61.28,28.0
61.29,29.0
61.3,24.0
61.31,29.0
61.32,45.0
61.33,30.0
61.34,25.0
61.35,26.0
61.36,23.0
61.37,16.0
61.38,32.0
61.39,30.0
61.4,26.0
61.41,35.0
61.42,32.0
61.43,26.0
61.44,29.0
61.45,33.0
61.46,32.0
61.47,39.0
61.48,25.0
61.49,22.0
61.5,24.0
61.51,20.0
61.52,33.0
61.53,36.0
61.54,26.0
61.55,41.0
61.56,31.0
61.57,31.0
61.58,29.0
61.59,25.0
61.6,36.0
61.61,14.0
61.62,21.0
61.63,33.0
61.64,22.0
61.65,32.0
61.66,26.0
61.67,33.0
61.68,30.0
61.69,26.0
61.7,27.0
61.71,31.0
61.72,31.0
61.73,20.0
61.74,40.0
61.75,34.0
61.76,27.0
61.77,33.0
61.78,32.0
61.79,26.0
61.8,28.0
61.81,22.0
61.82,35.0
61.83,29.0
61.84,29.0
61.85,18.0
61.86,28.0
61.87,33.0
61.88,27.0
61.89,30.0
61.9,32.0
61.91,35.0
61.92,32.0
61.93,20.0
61.94,32.0
61.95,29.0
61.96,22.0
61.97,31.0
61.98,26.0
61.99,28.0
62.0,28.0
62.01,27.0
62.02,20.0
62.03,33.0
62.04,36.0
62.05,30.0
62.06,39.0
62.07,32.0
62.08,32.0
62.09,35.0
62.1,34.0
62.11,27.0
62.12,34.0
62.13,37.0
62.14,32.0
62.15,25.0
62.16,35.0
62.17,29.0
62.18,29.0
62.19,39.0
62.2,23.0
62.21,30.0
62.22,35.0
62.23,32.0
62.24,30.0
62.25,36.0
62.26,42.0
62.27,35.0
62.28,27.0
62.29,31.0
62.3,41.0
62.31,35.0
62.32,36.0
62.33,37.0
62.34,31.0
62.35,32.0
62.36,29.0
62.37,24.0
62.38,27.0
62.39,31.0
62.4,32.0
62.41,33.0
62.42,26.0
62.43,18.0
62.44,32.0
62.45,32.0
62.46,26.0
62.47,26.0
62.48,23.0
62.49,33.0
62.5,25.0
62.51,23.0
62.52,37.0
62.53,27.0
62.54,31.0
62.55,20.0
62.56,27.0
62.57,30.0
62.58,28.0
62.59,32.0
62.6,31.0
62.61,22.0
62.62,33.0
62.63,29.0
62.64,27.0
62.65,43.0
62.66,22.0
62.67,32.0
62.68,25.0
62.69,36.0
62.7,17.0
62.71,24.0
62.72,27.0
62.73,34.0
62.74,29.0
62.75,35.0
62.76,27.0
62.77,33.0
62.78,28.0
62.79,25.0
62.8,39.0
62.81,31.0
62.82,36.0
62.83,32.0
62.84,28.0
62.85,25.0
62.86,25.0
62.87,28.0
62.88,33.0
62.89,25.0
62.9,23.0
62.91,20.0
62.92,31.0
62.93,41.0
62.94,27.0
62.95,26.0
62.96,33.0
62.97,25.0
62.98,20.0
62.99,26.0
63.0,33.0
63.01,29.0
63.02,24.0
63.03,32.0
63.04,33.0
63.05,26.0
63.06,24.0
63.07,35.0
63.08,32.0
63.09,28.0
63.1,21.0
63.11,32.0
63.12,27.0
63.13,38.0
63.14,45.0
63.15,22.0
63.16,26.0
63.17,29.0
63.18,37.0
63.19,34.0
63.2,21.0
63.21,27.0
63.22,31.0
63.23,17.0
63.24,22.0
63.25,28.0
63.26,36.0
63.27,29.0
63.28,31.0
63.29,35.0
63.3,26.0
63.31,25.0
63.32,32.0
63.33,32.0
63.34,24.0
63.35,27.0
63.36,25.0
63.37,19.0
63.38,33.0
63.39,27.0
63.4,28.0
63.41,26.0
63.42,29.0
63.43,29.0
63.44,30.0
63.45,31.0
63.46,22.0
63.47,37.0
63.48,26.0
63.49,22.0
63.5,36.0
63.51,36.0
63.52,25.0
63.53,27.0
63.54,19.0
63.55,18.0
63.56,37.0
63.57,20.0
63.58,20.0
63.59,30.0
63.6,22.0
63.61,23.0
63.62,25.0
63.63,31.0
63.64,36.0
63.65,18.0
63.66,22.0
63.67,22.0
63.68,26.0
63.69,39.0
63.7,19.0
63.71,24.0
63.72,19.0
63.73,24.0
63.74,29.0
63.75,22.0
63.76,27.0
63.77,27.0
63.78,30.0
63.79,26.0
63.8,28.0
63.81,26.0
63.82,42.0
63.83,33.0
63.84,19.0
63.85,27.0
63.86,20.0
63.87,27.0
63.88,34.0
63.89,27.0
63.9,29.0
63.91,29.0
63.92,34.0
63.93,31.0
63.94,17.0
63.95,28.0
63.96,36.0
63.97,38.0
63.98,18.0
63.99,32.0
64.0,37.0
64.01,31.0
64.02,20.0
64.03,30.0
64.04,28.0
64.05,37.0
64.06,34.0
64.07,26.0
64.08,22.0
64.09,26.0
64.1,23.0
64.11,24.0
64.12,31.0
64.13,28.0
64.14,34.0
64.15,26.0
64.16,37.0
64.17,26.0
64.18,34.0
64.19,26.0
64.2,29.0
64.21,39.0
64.22,27.0
64.23,34.0
64.24,22.0
64.25,26.0
64.26,29.0
64.27,34.0
64.28,28.0
64.29,32.0
64.3,30.0
64.31,30.0
64.32,41.0
64.33,21.0
64.34,29.0
64.35,26.0
64.36,32.0
64.37,27.0
64.38,24.0
64.39,31.0
64.4,45.0
64.41,29.0
64.42,31.0
64.43,26.0
64.44,22.0
64.45,26.0
64.46,28.0
64.47,33.0
64.48,23.0
64.49,22.0
64.5,31.0
64.51,31.0
64.52,28.0
64.53,33.0
64.54,26.0
64.55,26.0
64.56,24.0
64.57,22.0
64.58,28.0
64.59,41.0
64.6,42.0
64.61,27.0
64.62,39.0
64.63,31.0
64.64,26.0
64.65,36.0
64.66,35.0
64.67,27.0
64.68,34.0
64.69,25.0
64.7,29.0
64.71,34.0
64.72,24.0
64.73,26.0
64.74,29.0
64.75,20.0
64.76,30.0
64.77,38.0
64.78,34.0
64.79,44.0
64.8,28.0
64.81,24.0
64.82,33.0
64.83,32.0
64.84,24.0
64.85,29.0
64.86,25.0
64.87,26.0
64.88,41.0
64.89,23.0
64.9,25.0
64.91,35.0
64.92,33.0
64.93,32.0
64.94,22.0
64.95,30.0
64.96,33.0
64.97,24.0
64.98,26.0
64.99,30.0
65.0,37.0
65.01,33.0
65.02,21.0
65.03,39.0
65.04,34.0
65.05,37.0
65.06,27.0
65.07,29.0
65.08,41.0
65.09,22.0
65.1,34.0
65.11,31.0
65.12,35.0
65.13,32.0
65.14,30.0
65.15,28.0
65.16,25.0
65.17,27.0
65.18,25.0
65.19,33.0
65.2,17.0
65.21,29.0
65.22,30.0
65.23,22.0
65.24,26.0
65.25,22.0
65.26,39.0
65.27,29.0
65.28,29.0
65.29,29.0
65.3,31.0
65.31,25.0
65.32,32.0
65.33,26.0
65.34,31.0
65.35,33.0
65.36,25.0
65.37,27.0
65.38,30.0
65.39,25.0
65.4,33.0
65.41,18.0
65.42,27.0
65.43,34.0
65.44,42.0
65.45,40.0
65.46,33.0
65.47,25.0
65.48,24.0
65.49,34.0
65.5,29.0
65.51,32.0
65.52,27.0
65.53,26.0
65.54,30.0
65.55,28.0
65.56,33.0
65.57,36.0
65.58,36.0
65.59,29.0
65.6,26.0
65.61,36.0
65.62,37.0
65.63,34.0
65.64,36.0
65.65,32.0
65.66,32.0
65.67,32.0
65.68,29.0
65.69,24.0
65.7,42.0
65.71,34.0
65.72,27.0
65.73,30.0
65.74,34.0
65.75,29.0
65.76,28.0
65.77,31.0
65.78,41.0
65.79,33.0
65.8,17.0
65.81,34.0
65.82,41.0
65.83,31.0
65.84,47.0
65.85,31.0
65.86,31.0
65.87,42.0
65.88,28.0
65.89,26.0
65.9,31.0
65.91,39.0
65.92,39.0
65.93,41.0
65.94,28.0
65.95,31.0
65.96,35.0
65.97,35.0
65.98,23.0
65.99,28.0
66.0,32.0
66.01,36.0
66.02,21.0
66.03,32.0
66.04,36.0
66.05,35.0
66.06,32.0
66.07,42.0
66.08,40.0
66.09,30.0
66.1,34.0
66.11,31.0
66.12,38.0
66.13,28.0
66.14,30.0
66.15,24.0
66.16,32.0
66.17,31.0
66.18,34.0
66.19,24.0
66.2,30.0
66.21,43.0
66.22,27.0
66.23,33.0
66.24,37.0
66.25,42.0
66.26,29.0
66.27,37.0
66.28,31.0
66.29,28.0
66.3,32.0
66.31,33.0
66.32,40.0
66.33,38.0
66.34,26.0
66.35,37.0
66.36,37.0
66.37,32.0
66.38,22.0
66.39,32.0
66.4,33.0
66.41,16.0
66.42,29.0
66.43,29.0
66.44,31.0
66.45,39.0
66.46,44.0
66.47,37.0
66.48,28.0
66.49,19.0
66.5,29.0
66.51,36.0
66.52,30.0
66.53,32.0
66.54,30.0
66.55,38.0
66.56,35.0
66.57,33.0
66.58,27.0
66.59,25.0
66.6,31.0
66.61,29.0
66.62,34.0
66.63,31.0
66.64,32.0
66.65,43.0
66.66,29.0
66.67,33.0
66.68,61.0
66.69,40.0
66.7,36.0
66.71,33.0
66.72,29.0
66.73,36.0
66.74,30.0
66.75,39.0
66.76,36.0
66.77,44.0
66.78,41.0
66.79,43.0
66.8,25.0
66.81,33.0
66.82,32.0
66.83,34.0
66.84,31.0
66.85,33.0
66.86,32.0
66.87,34.0
66.88,34.0
66.89,29.0
66.9,30.0
66.91,31.0
66.92,47.0
66.93,27.0
66.94,29.0
66.95,30.0
66.96,37.0
66.97,31.0
66.98,28.0
66.99,41.0
67.0,40.0
67.01,34.0
67.02,25.0
67.03,45.0
67.04,49.0
67.05,37.0
67.06,32.0
67.07,29.0
67.08,41.0
67.09,36.0
67.1,27.0
67.11,28.0
67.12,27.0
67.13,29.0
67.14,35.0
67.15,29.0
67.16,37.0
67.17,28.0
67.18,42.0
67.19,33.0
67.2,23.0
67.21,35.0
67.22,28.0
67.23,32.0
67.24,30.0
67.25,28.0
67.26,33.0
67.27,31.0
67.28,29.0
67.29,37.0
67.3,22.0
67.31,32.0
67.32,38.0
67.33,22.0
67.34,33.0
67.35,34.0
67.36,37.0
67.37,34.0
67.38,40.0
67.39,28.0
67.4,31.0
67.41,20.0
67.42,30.0
67.43,40.0
67.44,30.0
67.45,39.0
67.46,17.0
67.47,35.0
67.48,26.0
67.49,41.0
67.5,24.0
67.51,42.0
67.52,36.0
67.53,44.0
67.54,29.0
67.55,39.0
67.56,26.0
67.57,30.0
67.58,24.0
67.59,29.0
67.6,36.0
67.61,33.0
67.62,39.0
67.63,37.0
67.64,25.0
67.65,32.0
67.66,35.0
67.67,34.0
67.68,34.0
67.69,28.0
67.7,43.0
67.71,24.0
67.72,26.0
67.73,25.0
67.74,31.0
67.75,35.0
67.76,24.0
67.77,36.0
67.78,43.0
67.79,35.0
67.8,30.0
67.81,28.0
67.82,34.0
67.83,38.0
67.84,31.0
67.85,38.0
67.86,41.0
67.87,31.0
67.88,27.0
67.89,27.0
67.9,32.0
67.91,44.0
67.92,32.0
67.93,38.0
67.94,35.0
67.95,36.0
67.96,33.0
67.97,46.0
67.98,33.0
67.99,42.0
68.0,37.0
68.01,35.0
68.02,23.0
68.03,35.0
68.04,31.0
68.05,27.0
68.06,34.0
68.07,29.0
68.08,32.0
68.09,37.0
68.1,33.0
68.11,26.0
68.12,38.0
68.13,30.0
68.14,40.0
68.15,35.0
68.16,38.0
68.17,28.0
68.18,37.0
68.19,29.0
68.2,28.0
68.21,34.0
68.22,35.0
68.23,33.0
68.24,25.0
68.25,34.0
68.26,47.0
68.27,34.0
68.28,26.0
68.29,34.0
68.3,34.0
68.31,31.0
68.32,22.0
68.33,32.0
68.34,35.0
68.35,35.0
68.36,32.0
68.37,30.0
68.38,40.0
68.39,24.0
68.4,39.0
68.41,36.0
68.42,26.0
68.43,33.0
68.44,33.0
68.45,42.0
68.46,29.0
68.47,30.0
68.48,43.0
68.49,29.0
68.5,17.0
68.51,38.0
68.52,42.0
68.53,37.0
68.54,22.0
68.55,48.0
68.56,22.0
68.57,19.0
68.58,29.0
68.59,32.0
68.6,21.0
68.61,32.0
68.62,35.0
68.63,21.0
68.64,32.0
68.65,29.0
68.66,36.0
68.67,18.0
68.68,35.0
68.69,36.0
68.7,23.0
68.71,41.0
68.72,25.0
68.73,40.0
68.74,26.0
68.75,35.0
68.76,26.0
68.77,36.0
68.78,38.0
68.79,33.0
68.8,26.0
68.81,35.0
68.82,35.0
68.83,34.0
68.84,32.0
68.85,19.0
68.86,33.0
68.87,32.0
68.88,34.0
68.89,30.0
68.9,37.0
68.91,38.0
68.92,20.0
68.93,24.0
68.94,31.0
68.95,37.0
68.96,38.0
68.97,27.0
68.98,29.0
68.99,36.0
69.0,34.0
69.01,30.0
69.02,29.0
69.03,31.0
69.04,43.0
69.05,22.0
69.06,32.0
69.07,21.0
69.08,38.0
69.09,33.0
69.1,39.0
69.11,29.0
69.12,26.0
69.13,35.0
69.14,36.0
69.15,37.0
69.16,38.0
69.17,30.0
69.18,38.0
69.19,28.0
69.2,34.0
69.21,31.0
69.22,29.0
69.23,40.0
69.24,27.0
69.25,27.0
69.26,42.0
69.27,27.0
69.28,22.0
69.29,34.0
69.3,33.0
69.31,31.0
69.32,31.0
69.33,32.0
69.34,33.0
69.35,35.0
69.36,33.0
69.37,31.0
69.38,35.0
69.39,37.0
69.4,27.0
69.41,21.0
69.42,41.0
69.43,42.0
69.44,31.0
69.45,32.0
69.46,32.0
69.47,29.0
69.48,31.0
69.49,37.0
69.5,21.0
69.51,35.0
69.52,29.0
69.53,34.0
69.54,24.0
69.55,40.0
69.56,30.0
69.57,34.0
69.58,27.0
69.59,27.0
69.6,22.0
69.61,35.0
69.62,31.0
69.63,30.0
69.64,21.0
69.65,29.0
69.66,31.0
69.67,28.0
69.68,32.0
69.69,32.0
69.7,34.0
69.71,26.0
69.72,23.0
69.73,47.0
69.74,31.0
69.75,39.0
69.76,29.0
69.77,21.0
69.78,42.0
69.79,37.0
69.8,25.0
69.81,25.0
69.82,38.0
69.83,33.0
69.84,35.0
69.85,24.0
69.86,41.0
69.87,36.0
69.88,25.0
69.89,34.0
69.9,17.0
69.91,28.0
69.92,32.0
69.93,27.0
69.94,22.0
69.95,36.0
69.96,34.0
69.97,33.0
69.98,21.0
69.99,26.0
70.0,32.0
70.01,23.0
70.02,37.0
70.03,27.0
70.04,33.0
70.05,36.0
70.06,32.0
70.07,29.0
70.08,39.0
70.09,25.0
70.1,27.0
70.11,30.0
70.12,26.0
70.13,37.0
70.14,38.0
70.15,31.0
70.16,27.0
70.17,33.0
70.18,25.0
70.19,24.0
70.2,27.0
70.21,26.0
70.22,30.0
70.23,28.0
70.24,22.0
70.25,30.0
70.26,24.0
70.27,31.0
70.28,28.0
70.29,29.0
70.3,32.0
70.31,25.0
70.32,35.0
70.33,29.0
70.34,29.0
70.35,28.0
70.36,26.0
70.37,29.0
70.38,23.0
70.39,33.0
70.4,29.0
70.41,30.0
70.42,23.0
70.43,35.0
70.44,26.0
70.45,28.0
70.46,30.0
70.47,31.0
70.48,30.0
70.49,20.0
70.5,24.0
70.51,31.0
70.52,33.0
70.53,22.0
70.54,22.0
70.55,28.0
70.56,20.0
70.57,28.0
70.58,34.0
70.59,27.0
70.6,21.0
70.61,22.0
70.62,28.0
70.63,25.0
70.64,17.0
70.65,25.0
70.66,47.0
70.67,21.0
70.68,32.0
70.69,26.0
70.7,20.0
70.71,23.0
70.72,24.0
70.73,22.0
70.74,27.0
70.75,24.0
70.76,32.0
70.77,36.0
70.78,32.0
70.79,28.0
70.8,31.0
70.81,27.0
70.82,31.0
70.83,25.0
70.84,33.0
70.85,25.0
70.86,27.0
70.87,22.0
70.88,33.0
70.89,21.0
70.9,22.0
70.91,28.0
70.92,28.0
70.93,26.0
70.94,32.0
70.95,27.0
70.96,32.0
70.97,31.0
70.98,22.0
70.99,31.0
71.0,33.0
71.01,30.0
71.02,18.0
71.03,31.0
71.04,29.0
71.05,17.0
71.06,30.0
71.07,23.0
71.08,25.0
71.09,24.0
71.1,19.0
71.11,22.0
71.12,32.0
71.13,23.0
71.14,25.0
71.15,24.0
71.16,33.0
71.17,26.0
71.18,21.0
71.19,18.0
71.2,22.0
71.21,27.0
71.22,23.0
71.23,28.0
71.24,24.0
71.25,16.0
71.26,31.0
71.27,26.0
71.28,19.0
71.29,22.0
71.3,21.0
71.31,31.0
71.32,26.0
71.33,16.0
71.34,24.0
71.35,22.0
71.36,26.0
71.37,21.0
71.38,25.0
71.39,30.0
71.4,26.0
71.41,28.0
71.42,29.0
71.43,21.0
71.44,25.0
71.45,29.0
71.46,16.0
71.47,21.0
71.48,14.0
71.49,20.0
71.5,21.0
71.51,25.0
71.52,22.0
71.53,25.0
71.54,21.0
71.55,16.0
71.56,27.0
71.57,30.0
71.58,39.0
71.59,24.0
71.6,21.0
71.61,19.0
71.62,27.0
71.63,19.0
71.64,23.0
71.65,27.0
71.66,27.0
71.67,22.0
71.68,19.0
71.69,18.0
71.7,22.0
71.71,20.0
71.72,29.0
71.73,21.0
71.74,26.0
71.75,21.0
71.76,20.0
71.77,14.0
71.78,22.0
71.79,27.0
71.8,22.0
71.81,22.0
71.82,18.0
71.83,23.0
71.84,25.0
71.85,16.0
71.86,22.0
71.87,23.0
71.88,12.0
71.89,14.0
71.9,22.0
71.91,25.0
71.92,27.0
71.93,10.0
71.94,18.0
71.95,18.0
71.96,18.0
71.97,11.0
71.98,17.0
71.99,30.0
72.0,7.0
72.01,19.0
72.02,15.0
72.03,20.0
72.04,27.0
72.05,25.0
72.06,21.0
72.07,12.0
72.08,14.0
72.09,21.0
72.1,18.0
72.11,18.0
72.12,28.0
72.13,23.0
72.14,24.0
72.15,22.0
72.16,8.0
72.17,18.0
72.18,25.0
72.19,20.0
72.2,19.0
72.21,30.0
72.22,19.0
72.23,16.0
72.24,14.0
72.25,34.0
72.26,17.0
72.27,17.0
72.28,16.0
72.29,23.0
72.3,18.0
72.31,28.0
72.32,20.0
72.33,16.0
72.34,13.0
72.35,26.0
72.36,19.0
72.37,26.0
72.38,16.0
72.39,16.0
72.4,26.0
72.41,10.0
72.42,25.0
72.43,16.0
72.44,21.0
72.45,21.0
72.46,19.0
72.47,14.0
72.48,19.0
72.49,26.0
72.5,19.0
72.51,22.0
72.52,14.0
72.53,19.0
72.54,17.0
72.55,19.0
72.56,21.0
72.57,27.0
72.58,19.0
72.59,19.0
72.6,15.0
72.61,23.0
72.62,11.0
72.63,11.0
72.64,21.0
72.65,14.0
72.66,20.0
72.67,22.0
72.68,30.0
72.69,12.0
72.7,18.0
72.71,11.0
72.72,12.0
72.73,19.0
72.74,17.0
72.75,17.0
72.76,17.0
72.77,16.0
72.78,17.0
72.79,19.0
72.8,14.0
72.81,16.0
72.82,24.0
72.83,14.0
72.84,20.0
72.85,13.0
72.86,20.0
72.87,14.0
72.88,18.0
72.89,9.0
72.9,13.0
72.91,10.0
72.92,22.0
72.93,12.0
72.94,13.0
72.95,15.0
72.96,14.0
72.97,23.0
72.98,13.0
72.99,19.0
73.0,16.0
73.01,13.0
73.02,8.0
73.03,17.0
73.04,11.0
73.05,19.0
73.06,12.0
73.07,10.0
73.08,23.0
73.09,14.0
73.1,15.0
73.11,12.0
73.12,19.0
73.13,14.0
73.14,14.0
73.15,9.0
73.16,9.0
73.17,8.0
73.18,13.0
73.19,16.0
73.2,8.0
73.21,14.0
73.22,8.0
73.23,15.0
73.24,17.0
73.25,11.0
73.26,15.0
73.27,12.0
73.28,14.0
73.29,13.0
73.3,18.0
73.31,19.0
73.32,16.0
73.33,9.0
73.34,14.0
73.35,24.0
73.36,18.0
73.37,7.0
73.38,11.0
73.39,11.0
73.4,15.0
73.41,16.0
73.42,15.0
73.43,11.0
73.44,8.0
73.45,10.0
73.46,10.0
73.47,12.0
73.48,8.0
73.49,14.0
73.5,10.0
73.51,19.0
73.52,16.0
73.53,7.0
73.54,12.0
73.55,9.0
73.56,12.0
73.57,11.0
73.58,10.0
73.59,11.0
73.6,17.0
73.61,8.0
73.62,15.0
73.63,7.0
73.64,13.0
73.65,20.0
73.66,15.0
73.67,9.0
73.68,10.0
73.69,11.0
73.7,10.0
73.71,10.0
73.72,10.0
73.73,6.0
73.74,10.0
73.75,8.0
73.76,8.0
73.77,12.0
73.78,7.0
73.79,13.0
73.8,9.0
73.81,15.0
73.82,4.0
73.83,14.0
73.84,9.0
73.85,10.0
73.86,7.0
73.87,14.0
73.88,5.0
73.89,10.0
73.9,15.0
73.91,14.0
73.92,13.0
73.93,7.0
73.94,9.0
73.95,6.0
73.96,8.0
73.97,7.0
73.98,5.0
73.99,9.0
74.0,8.0
74.01,13.0
74.02,9.0
74.03,13.0
74.04,7.0
74.05,7.0
74.06,13.0
74.07,10.0
74.08,13.0
74.09,4.0
74.1,6.0
74.11,6.0
74.12,12.0
74.13,6.0
74.14,8.0
74.15,3.0
74.16,11.0
74.17,12.0
74.18,11.0
74.19,4.0
74.2,5.0
74.21,5.0
74.22,6.0
74.23,8.0
74.24,4.0
74.25,8.0
74.26,9.0
74.27,10.0
74.28,6.0
74.29,6.0
74.3,10.0
74.31,10.0
74.32,11.0
74.33,7.0
74.34,8.0
74.35,5.0
74.36,6.0
74.37,3.0
74.38,6.0
74.39,11.0
74.4,10.0
74.41,3.0
74.42,3.0
74.43,2.0
74.44,10.0
74.45,9.0
74.46,5.0
74.47,8.0
74.48,7.0
74.49,9.0
74.5,6.0
74.51,6.0
74.52,8.0
74.53,13.0
74.54,5.0
74.55,13.0
74.56,5.0
74.57,7.0
74.58,2.0
74.59,5.0
74.6,12.0
74.61,7.0
74.62,4.0
74.63,8.0
74.64,10.0
74.65,3.0
74.66,3.0
74.67,1.0
74.68,6.0
74.69,2.0
74.7,3.0
74.71,6.0
74.72,6.0
74.73,7.0
74.74,3.0
74.75,4.0
74.76,6.0
74.77,5.0
74.78,1.0
74.79,8.0
74.8,5.0
74.81,3.0
74.82,1.0
74.83,5.0
74.84,6.0
74.85,5.0
74.86,5.0
74.87,5.0
74.88,1.0
74.89,5.0
74.9,6.0
74.91,8.0
74.92,6.0
74.93,1.0
74.94,6.0
74.95,5.0
74.96,2.0
74.97,7.0
74.98,6.0
74.99,7.0
75.0,5.0
75.01,3.0
75.02,1.0
75.03,4.0
75.04,2.0
75.05,1.0
75.06,4.0
75.07,4.0
75.08,6.0
75.09,7.0
75.1,2.0
75.11,4.0
75.12,4.0
75.13,4.0
75.14,5.0
75.15,1.0
75.16,2.0
75.17,2.0
75.18,6.0
75.19,2.0
75.2,3.0
75.21,2.0
75.22,5.0
75.23,2.0
75.24,5.0
75.25,1.0
75.26,1.0
75.27,3.0
75.29,3.0
75.3,1.0
75.31,1.0
75.32,5.0
75.33,3.0
75.34,2.0
75.35,3.0
75.36,3.0
75.37,5.0
75.38,3.0
75.39,1.0
75.4,1.0
75.41,2.0
75.42,1.0
75.43,5.0
75.44,3.0
75.45,2.0
75.46,2.0
75.47,2.0
75.48,1.0
75.49,3.0
75.5,2.0
75.51,2.0
75.52,1.0
75.53,2.0
75.54,3.0
75.55,2.0
75.57,3.0
75.59,2.0
75.6,1.0
75.61,2.0
75.62,3.0
75.63,1.0
75.64,1.0
75.65,3.0
75.66,2.0
75.67,1.0
75.69,2.0
75.7,3.0
75.71,1.0
75.72,2.0
75.73,2.0
75.74,3.0
75.75,2.0
75.76,2.0
75.77,2.0
75.78,7.0
75.8,2.0
75.81,2.0
75.82,2.0
75.83,1.0
75.84,3.0
75.88,2.0
75.89,2.0
75.93,2.0
75.94,1.0
75.95,2.0
75.96,1.0
75.97,4.0
75.98,1.0
75.99,1.0
76.0,2.0
76.02,1.0
76.03,2.0
76.05,2.0
76.06,1.0
76.09,1.0
76.1,2.0
76.14,2.0
76.15,1.0
76.17,1.0
76.18,1.0
76.21,2.0
76.22,2.0
76.23,1.0
76.25,4.0
76.28,2.0
76.29,1.0
76.3,1.0
76.31,1.0
76.32,1.0
76.34,1.0
76.37,1.0
76.49,1.0
76.56,1.0
76.64,1.0
76.77,1.0
76.78,1.0
76.89,1.0
76.95,1.0
77.01,1.0
77.04,1.0
77.21,1.0
78.02,1.0

