seq_score,mapped,occurence
49.71,0.0,1.0
53.04,0.0,1.0
59.13,0.0,1.0
59.44,0.0,1.0
62.09,1.0,1.0
62.32,0.0,1.0
64.08,0.0,1.0
64.44,0.0,1.0
64.46,0.0,1.0
65.12,0.0,1.0
65.38,0.0,1.0
65.88,0.0,1.0
66.0,1.0,1.0
66.19,1.0,1.0
66.25,0.0,1.0
66.7,0.0,1.0
66.76,0.0,1.0
66.93,1.0,1.0
67.3,0.0,1.0
68.03,0.0,1.0
68.2,0.0,1.0
68.5,1.0,1.0
68.66,0.0,1.0
68.84,0.0,1.0
68.96,0.0,1.0
68.99,0.0,1.0
69.35,0.0,1.0
69.48,0.0,1.0
69.76,0.0,1.0
69.97,0.0,1.0
70.09,0.0,1.0
70.58,0.0,1.0
70.94,1.0,1.0
71.02,0.0,1.0
71.03,0.0,1.0
71.1,0.0,1.0
71.34,0.0,1.0
71.5,0.0,1.0
71.53,0.0,1.0
71.57,1.0,1.0
71.63,1.0,1.0
72.09,0.0,2.0
72.93,0.0,1.0
73.05,0.0,1.0
73.33,0.0,1.0
73.76,0.0,1.0
73.87,0.0,1.0
74.06,0.0,1.0
74.12,0.0,1.0
74.43,0.0,1.0
74.86,0.0,1.0

