read_length,occurence
150,7
151,23
152,9
153,3
154,7
155,4
156,5
157,9
158,8
159,16
160,27
161,47
162,70
163,18
164,3
165,10
166,6
167,4
168,4
169,15
170,7
171,6
172,6
173,10
174,6
175,15
176,24
177,102
178,15
179,12
180,4
181,11
182,14
183,8
184,12
185,16
186,74
187,14
188,8
189,2
190,10
191,4
192,4
193,4
194,1
195,5
196,3
197,2
198,4
199,5
200,2
201,4
202,8
203,4
204,11
205,4
206,10
207,4
208,6
209,8
210,7
211,3
212,9
213,12
214,24
215,6
216,17
217,30
218,54
219,358
220,54
221,32
222,35
223,30
224,59
225,120
226,605
227,98
228,44
229,30
230,17
231,12
232,3
233,7
234,5
235,6
236,6
237,3
238,4
239,6
240,11
241,4
242,6
243,10
244,11
245,7
246,23
247,17
248,10
249,24
250,29
251,35
252,74
253,28
254,26
255,32
256,24
257,68
258,110
259,248
260,92
261,74
262,83
263,217
264,230
265,215
266,251
267,184
268,172
269,239
270,296
271,391
272,679
273,954
274,1500
275,2089
276,4444
277,15762
278,2788
279,1050
280,644
281,315
282,168
283,97
284,46
285,47
286,26
287,22
288,20
289,13
290,6
291,11
292,5
293,7
294,5
295,3
296,3
297,5
298,3
299,8
300,8
301,2
302,4
303,9
304,15
305,9
306,5
307,8
308,9
309,12
310,13
311,16
312,29
313,43
314,32
315,28
316,43
317,75
318,32
319,19
320,16
321,12
322,16
323,17
324,24
325,18
326,26
327,44
328,38
329,71
330,94
331,145
332,207
333,273
334,419
335,587
336,992
337,1650
338,483
339,223
340,120
341,61
342,45
343,19
344,19
345,7
346,13
347,7
348,5
349,1
350,4
351,2
352,2
353,4
354,4
355,2
356,4
357,6
358,3
359,3
360,4
361,3
362,9
363,6
364,6
365,5
366,4
367,3
368,5
369,6
370,6
371,12
372,18
373,27
374,8
375,12
376,12
377,17
378,9
379,4
380,3
381,4
382,1
383,5
384,8
385,4
386,1
387,3
388,5
389,4
390,4
391,5
392,3
393,1
394,3
395,1
396,4
397,6
398,1
399,3
400,2
401,1
403,1
404,6
405,1
406,4
407,3
408,4
409,3
410,11
411,8
412,30
413,14
414,23
415,61
416,11
417,6
418,4
419,7
420,7
421,2
422,1
423,3
424,3
425,3
427,2
428,5
429,3
430,2
431,5
432,13
433,8
434,9
435,4
436,2
437,3
439,3
440,4
441,2
444,1
445,1
446,3
447,6
448,1
449,2
450,1
451,2
452,1
453,1
454,1
455,3
456,2
457,1
458,2
459,3
460,2
461,4
462,2
463,1
464,4
465,1
467,2
468,1
469,1
470,3
471,2
472,3
473,1
475,2
476,4
477,2
478,2
480,3
481,2
482,2
483,3
485,2
489,1
490,4
491,3
492,1
493,2
494,1
495,1
496,1
497,3
498,2
501,1
502,2
503,1
505,4
506,2
507,3
508,1
509,1
510,1
511,1
512,1
514,5
516,4
519,3
520,1
521,1
523,1
524,2
525,4
528,1
529,1
530,1
531,2
533,3
535,3
536,3
537,1
539,2
540,1
541,4
542,1
544,2
545,3
546,7
547,1
548,2
549,5
550,10
551,5
552,5
553,11
554,7
555,11
556,6
557,2
558,1
559,4
560,2
561,2
562,2
563,1
564,2
565,1
566,1
567,3
568,1
569,1
570,1
571,1
572,1
573,2
575,2
576,1
577,2
578,2
579,2
580,4
582,4
583,2
586,2
588,3
589,2
591,1
592,2
593,3
594,1
595,4
596,1
597,2
598,1
600,1
601,1
602,1
603,6
604,1
605,2
606,1
607,4
608,2
609,1
610,6
611,4
612,2
613,4
614,4
617,2
618,1
619,2
620,2
621,1
622,1
624,2
630,2
631,1
632,1
633,3
634,1
635,7
636,2
637,3
638,3
639,1
640,1
641,2
642,4
644,2
645,1
647,4
648,1
649,1
650,3
651,2
652,1
653,2
654,1
655,1
657,1
662,1
663,1
665,1
667,2
669,2
672,3
674,2
676,2
677,1
678,1
679,1
682,1
684,1
687,1
689,1
690,1
691,1
693,2
694,1
695,2
696,1
698,1
700,1
703,2
704,3
705,1
709,1
710,1
711,2
712,1
719,2
720,1
721,1
722,2
723,2
724,1
725,1
727,1
728,1
731,2
732,1
733,1
734,2
735,2
736,1
739,1
743,1
745,1
746,3
747,1
752,1
753,2
755,1
756,1
758,4
759,2
760,5
761,1
762,2
763,4
764,5
765,4
766,3
767,5
768,21
769,20
770,17
771,13
772,1
773,6
774,1
775,1
776,2
777,4
778,1
779,1
780,2
781,1
786,1
787,1
790,2
792,1
793,1
795,2
796,1
800,1
802,1
804,2
805,1
806,2
808,1
809,1
810,1
811,1
812,1
814,2
815,1
816,1
820,1
821,1
822,1
826,1
827,1
830,2
831,1
833,1
838,2
839,1
844,1
846,1
847,1
849,1
850,2
851,1
856,3
857,2
858,1
859,2
860,2
865,1
866,2
869,2
871,1
872,1
873,1
875,1
876,2
877,1
883,1
884,1
886,1
887,3
890,1
892,1
897,1
898,1
900,2
902,1
905,2
906,1
907,1
909,1
915,1
916,2
917,2
919,3
921,1
922,1
924,1
925,1
927,2
928,2
929,1
930,2
933,1
934,1
935,2
936,5
937,1
938,4
939,3
940,1
941,4
942,4
943,1
946,2
947,1
948,1
949,1
951,1
952,1
953,1
954,1
955,2
956,1
957,1
958,1
960,1
961,1
964,1
968,1
969,1
970,2
973,2
974,1
975,1
980,1
981,1
982,1
984,1
986,1
987,1
991,2
996,1
997,1
1002,2
1005,2
1006,1
1008,1
1009,1
1010,1
1011,1
1013,4
1014,1
1017,2
1018,1
1019,2
1022,1
1023,1
1028,2
1029,2
1031,2
1032,1
1034,1
1035,1
1036,1
1037,1
1038,1
1041,1
1043,2
1046,1
1048,1
1049,1
1051,1
1052,1
1053,1
1054,1
1055,2
1057,1
1062,1
1072,1
1073,1
1074,1
1075,3
1076,1
1077,2
1080,1
1083,1
1085,1
1086,1
1087,2
1088,2
1091,1
1098,1
1100,1
1102,1
1104,2
1105,1
1106,1
1107,1
1111,3
1112,1
1113,1
1116,1
1119,1
1120,1
1121,1
1128,1
1133,2
1134,1
1135,1
1142,2
1144,1
1145,1
1146,3
1149,1
1152,1
1154,1
1159,1
1161,1
1162,1
1164,1
1166,1
1169,1
1172,2
1175,2
1177,1
1178,1
1184,1
1186,1
1187,2
1188,1
1189,1
1195,1
1198,1

