seq_score,mapped,occurence
39.34,0.0,1.0
44.14,0.0,1.0
46.28,1.0,1.0
46.8,0.0,1.0
46.88,0.0,1.0
47.0,0.0,1.0
47.12,0.0,1.0
47.27,0.0,1.0
47.46,0.0,1.0
47.48,1.0,1.0
47.54,0.0,1.0
47.65,0.0,1.0
47.93,0.0,1.0
47.95,1.0,1.0
48.52,0.0,1.0
48.73,1.0,1.0
48.82,0.0,1.0
48.99,0.0,1.0
49.07,0.0,1.0
49.1,0.0,1.0
49.38,0.0,1.0
49.39,0.0,1.0
49.81,1.0,1.0
49.84,0.0,1.0
50.04,1.0,1.0
50.07,1.0,1.0
50.1,0.0,1.0
50.25,1.0,1.0
50.48,0.0,1.0
50.49,0.0,1.0
50.55,0.0,1.0
50.59,1.0,1.0
50.6,0.0,1.0
50.68,1.0,1.0
50.71,1.0,1.0
50.81,1.0,1.0
50.9,0.0,1.0
50.93,0.0,1.0
50.97,0.0,1.0
51.05,0.0,1.0
51.08,1.0,1.0
51.17,0.0,1.0
51.18,1.0,1.0
51.21,1.0,1.0
51.27,1.0,1.0
51.28,1.0,1.0
51.3,1.0,1.0
51.33,0.0,1.0
51.36,1.0,1.0
51.5,0.0,1.0
51.51,0.0,1.0
51.51,1.0,1.0
51.68,0.0,1.0
51.84,0.0,1.0
51.92,0.0,1.0
52.13,0.0,1.0
52.15,0.0,1.0
52.18,0.0,1.0
52.23,0.0,1.0
52.23,1.0,1.0
52.26,1.0,1.0
52.27,0.0,1.0
52.28,0.0,1.0
52.29,1.0,1.0
52.31,1.0,1.0
52.35,0.0,1.0
52.38,0.0,1.0
52.39,1.0,1.0
52.41,0.0,1.0
52.47,1.0,1.0
52.59,0.0,1.0
52.61,0.0,1.0
52.63,0.0,1.0
52.67,1.0,1.0
52.71,1.0,1.0
52.74,1.0,1.0
52.76,1.0,1.0
52.89,0.0,1.0
52.93,0.0,1.0
53.04,0.0,1.0
53.09,1.0,1.0
53.15,0.0,1.0
53.18,0.0,1.0
53.19,0.0,1.0
53.25,0.0,1.0
53.27,0.0,1.0
53.48,1.0,1.0
53.5,1.0,1.0
53.52,1.0,1.0
53.58,1.0,1.0
53.61,0.0,1.0
53.63,1.0,1.0
53.74,0.0,1.0
53.82,0.0,1.0
53.87,1.0,1.0
53.89,1.0,1.0
53.92,1.0,1.0
53.94,1.0,1.0
53.97,1.0,2.0
53.99,1.0,1.0
54.01,1.0,1.0
54.05,0.0,1.0
54.05,1.0,1.0
54.06,0.0,1.0
54.07,1.0,1.0
54.08,0.0,1.0
54.09,0.0,1.0
54.11,0.0,1.0
54.15,0.0,1.0
54.16,0.0,1.0
54.27,0.0,1.0
54.33,1.0,1.0
54.35,1.0,1.0
54.37,1.0,1.0
54.4,0.0,1.0
54.53,0.0,1.0
54.72,0.0,1.0
54.82,0.0,1.0
54.82,1.0,2.0
54.84,0.0,1.0
54.85,1.0,1.0
54.89,0.0,1.0
54.91,0.0,1.0
54.93,1.0,2.0
54.94,0.0,1.0
54.94,1.0,1.0
55.01,1.0,1.0
55.05,0.0,1.0
55.05,1.0,1.0
55.12,0.0,1.0
55.16,1.0,1.0
55.18,0.0,1.0
55.22,0.0,1.0
55.23,1.0,1.0
55.25,1.0,1.0
55.26,0.0,1.0
55.28,0.0,1.0
55.3,0.0,1.0
55.35,0.0,2.0
55.47,1.0,1.0
55.48,0.0,1.0
55.5,0.0,1.0
55.52,0.0,1.0
55.6,0.0,1.0
55.63,0.0,1.0
55.65,0.0,1.0
55.66,1.0,1.0
55.67,1.0,1.0
55.75,0.0,1.0
55.75,1.0,2.0
55.87,0.0,1.0
55.92,0.0,1.0
55.93,0.0,1.0
55.96,0.0,1.0
55.98,0.0,1.0
56.0,1.0,1.0
56.02,1.0,1.0
56.03,0.0,1.0
56.07,1.0,1.0
56.08,1.0,1.0
56.09,0.0,1.0
56.15,1.0,1.0
56.17,0.0,2.0
56.18,0.0,1.0
56.25,0.0,2.0
56.25,1.0,1.0
56.28,0.0,1.0
56.3,1.0,1.0
56.38,1.0,1.0
56.39,1.0,1.0
56.41,0.0,1.0
56.42,1.0,1.0
56.44,0.0,2.0
56.46,0.0,1.0
56.48,1.0,1.0
56.49,1.0,1.0
56.5,1.0,1.0
56.51,0.0,1.0
56.57,0.0,1.0
56.59,1.0,1.0
56.6,0.0,1.0
56.61,1.0,1.0
56.66,1.0,1.0
56.67,0.0,1.0
56.69,1.0,1.0
56.71,1.0,1.0
56.74,0.0,1.0
56.78,0.0,1.0
56.79,0.0,1.0
56.84,0.0,1.0
56.85,0.0,1.0
56.85,1.0,1.0
56.88,1.0,1.0
56.89,0.0,1.0
56.9,0.0,1.0
56.91,0.0,1.0
56.94,0.0,2.0
56.95,0.0,1.0
57.05,0.0,2.0
57.09,0.0,2.0
57.13,1.0,1.0
57.16,0.0,1.0
57.21,1.0,1.0
57.24,0.0,1.0
57.27,1.0,1.0
57.31,1.0,1.0
57.33,0.0,1.0
57.34,0.0,1.0
57.35,1.0,1.0
57.37,0.0,1.0
57.41,0.0,1.0
57.43,0.0,1.0
57.46,1.0,1.0
57.47,0.0,1.0
57.47,1.0,2.0
57.48,1.0,1.0
57.52,1.0,1.0
57.53,1.0,1.0
57.55,1.0,1.0
57.56,0.0,1.0
57.57,0.0,1.0
57.58,1.0,1.0
57.6,0.0,1.0
57.62,0.0,1.0
57.64,0.0,1.0
57.65,0.0,1.0
57.67,0.0,1.0
57.67,1.0,1.0
57.7,1.0,1.0
57.72,1.0,1.0
57.74,0.0,1.0
57.74,1.0,1.0
57.76,0.0,1.0
57.76,1.0,1.0
57.79,1.0,1.0
57.81,0.0,2.0
57.85,1.0,1.0
57.86,0.0,1.0
57.87,0.0,1.0
57.87,1.0,1.0
57.88,0.0,1.0
57.88,1.0,2.0
57.9,1.0,1.0
57.94,0.0,1.0
57.95,0.0,2.0
57.97,1.0,3.0
58.03,0.0,1.0
58.05,0.0,1.0
58.08,1.0,1.0
58.1,1.0,1.0
58.11,1.0,1.0
58.14,0.0,1.0
58.15,0.0,1.0
58.17,1.0,1.0
58.23,1.0,2.0
58.24,1.0,1.0
58.3,0.0,1.0
58.33,1.0,1.0
58.34,1.0,1.0
58.36,0.0,1.0
58.37,0.0,1.0
58.4,1.0,1.0
58.41,0.0,1.0
58.41,1.0,1.0
58.42,0.0,1.0
58.44,0.0,1.0
58.47,0.0,1.0
58.49,0.0,1.0
58.52,0.0,1.0
58.53,1.0,1.0
58.54,0.0,1.0
58.58,0.0,1.0
58.59,0.0,1.0
58.59,1.0,3.0
58.61,0.0,1.0
58.62,0.0,1.0
58.65,0.0,1.0
58.65,1.0,1.0
58.67,1.0,3.0
58.68,1.0,1.0
58.69,0.0,2.0
58.69,1.0,1.0
58.7,0.0,1.0
58.7,1.0,1.0
58.73,0.0,1.0
58.74,1.0,1.0
58.75,0.0,2.0
58.76,0.0,2.0
58.76,1.0,1.0
58.77,1.0,1.0
58.79,0.0,1.0
58.79,1.0,1.0
58.82,0.0,1.0
58.83,1.0,2.0
58.84,0.0,1.0
58.84,1.0,1.0
58.87,0.0,2.0
58.88,0.0,1.0
58.88,1.0,2.0
58.89,1.0,1.0
58.92,0.0,1.0
58.92,1.0,1.0
58.94,1.0,3.0
58.99,0.0,1.0
59.0,0.0,1.0
59.03,0.0,1.0
59.04,0.0,1.0
59.06,0.0,1.0
59.07,0.0,1.0
59.09,0.0,1.0
59.1,0.0,1.0
59.11,0.0,1.0
59.14,1.0,1.0
59.15,1.0,1.0
59.17,0.0,1.0
59.17,1.0,1.0
59.18,0.0,1.0
59.2,1.0,1.0
59.25,0.0,1.0
59.26,1.0,1.0
59.27,1.0,1.0
59.28,1.0,1.0
59.3,0.0,1.0
59.33,1.0,1.0
59.34,1.0,2.0
59.35,1.0,1.0
59.36,0.0,1.0
59.38,1.0,1.0
59.41,0.0,1.0
59.43,0.0,1.0
59.43,1.0,2.0
59.44,0.0,1.0
59.44,1.0,1.0
59.47,0.0,1.0
59.47,1.0,1.0
59.49,1.0,1.0
59.5,0.0,1.0
59.5,1.0,2.0
59.53,0.0,1.0
59.53,1.0,2.0
59.54,1.0,2.0
59.55,0.0,2.0
59.55,1.0,2.0
59.56,1.0,1.0
59.6,0.0,1.0
59.61,0.0,1.0
59.62,0.0,1.0
59.65,0.0,2.0
59.66,1.0,1.0
59.68,0.0,1.0
59.69,1.0,1.0
59.7,0.0,1.0
59.7,1.0,1.0
59.72,1.0,1.0
59.73,0.0,2.0
59.73,1.0,1.0
59.74,1.0,1.0
59.75,1.0,1.0
59.76,0.0,1.0
59.76,1.0,1.0
59.78,0.0,2.0
59.83,0.0,3.0
59.85,1.0,1.0
59.86,0.0,1.0
59.87,1.0,2.0
59.89,1.0,1.0
59.9,0.0,1.0
59.91,1.0,3.0
59.92,1.0,1.0
59.93,0.0,2.0
59.94,0.0,1.0
59.95,1.0,2.0
59.98,0.0,1.0
59.98,1.0,1.0
59.99,0.0,1.0
60.0,0.0,2.0
60.0,1.0,1.0
60.01,1.0,1.0
60.03,0.0,2.0
60.03,1.0,1.0
60.05,0.0,1.0
60.05,1.0,1.0
60.06,0.0,1.0
60.08,0.0,1.0
60.08,1.0,1.0
60.09,0.0,2.0
60.1,1.0,1.0
60.11,0.0,1.0
60.13,1.0,1.0
60.16,1.0,1.0
60.17,0.0,2.0
60.17,1.0,1.0
60.19,1.0,1.0
60.2,0.0,1.0
60.23,0.0,3.0
60.23,1.0,2.0
60.24,0.0,1.0
60.25,0.0,2.0
60.25,1.0,2.0
60.26,0.0,1.0
60.26,1.0,1.0
60.27,0.0,1.0
60.28,0.0,1.0
60.28,1.0,1.0
60.29,0.0,1.0
60.29,1.0,2.0
60.31,0.0,1.0
60.32,0.0,2.0
60.33,0.0,1.0
60.33,1.0,1.0
60.34,1.0,1.0
60.35,1.0,4.0
60.36,1.0,1.0
60.38,0.0,1.0
60.38,1.0,2.0
60.39,0.0,1.0
60.4,1.0,1.0
60.42,1.0,1.0
60.43,0.0,1.0
60.43,1.0,2.0
60.44,0.0,2.0
60.49,1.0,1.0
60.51,0.0,1.0
60.52,0.0,1.0
60.52,1.0,2.0
60.54,0.0,1.0
60.55,0.0,1.0
60.56,1.0,1.0
60.57,0.0,1.0
60.57,1.0,1.0
60.58,0.0,2.0
60.61,0.0,2.0
60.62,0.0,1.0
60.62,1.0,1.0
60.63,1.0,1.0
60.64,1.0,1.0
60.65,1.0,2.0
60.66,0.0,2.0
60.66,1.0,1.0
60.67,0.0,1.0
60.68,0.0,1.0
60.69,0.0,2.0
60.69,1.0,1.0
60.7,0.0,1.0
60.7,1.0,2.0
60.72,0.0,1.0
60.75,0.0,3.0
60.75,1.0,1.0
60.76,0.0,1.0
60.78,0.0,3.0
60.78,1.0,1.0
60.79,1.0,1.0
60.8,1.0,3.0
60.81,0.0,1.0
60.82,0.0,1.0
60.82,1.0,2.0
60.83,1.0,1.0
60.84,0.0,1.0
60.84,1.0,2.0
60.85,0.0,1.0
60.85,1.0,1.0
60.86,0.0,1.0
60.86,1.0,1.0
60.87,1.0,1.0
60.88,0.0,1.0
60.9,0.0,1.0
60.9,1.0,1.0
60.91,1.0,1.0
60.92,1.0,1.0
60.93,0.0,1.0
60.93,1.0,1.0
60.94,1.0,1.0
60.96,1.0,1.0
60.97,0.0,1.0
60.97,1.0,1.0
60.99,0.0,1.0
60.99,1.0,2.0
61.01,1.0,1.0
61.02,1.0,4.0
61.03,0.0,2.0
61.05,0.0,3.0
61.06,0.0,2.0
61.06,1.0,1.0
61.07,0.0,1.0
61.07,1.0,2.0
61.08,0.0,1.0
61.08,1.0,1.0
61.1,0.0,1.0
61.1,1.0,1.0
61.11,1.0,3.0
61.12,1.0,1.0
61.13,0.0,1.0
61.14,0.0,1.0
61.15,1.0,1.0
61.17,1.0,2.0
61.18,0.0,2.0
61.18,1.0,1.0
61.19,0.0,1.0
61.19,1.0,1.0
61.2,1.0,1.0
61.21,1.0,2.0
61.22,0.0,4.0
61.23,1.0,1.0
61.25,0.0,1.0
61.25,1.0,1.0
61.27,0.0,2.0
61.27,1.0,2.0
61.28,1.0,1.0
61.29,0.0,1.0
61.3,0.0,1.0
61.32,0.0,2.0
61.32,1.0,1.0
61.34,0.0,1.0
61.36,0.0,1.0
61.36,1.0,2.0
61.37,0.0,2.0
61.37,1.0,1.0
61.38,0.0,1.0
61.39,1.0,3.0
61.4,0.0,3.0
61.4,1.0,1.0
61.41,0.0,1.0
61.41,1.0,1.0
61.42,0.0,2.0
61.42,1.0,4.0
61.43,0.0,1.0
61.43,1.0,2.0
61.44,1.0,1.0
61.45,1.0,1.0
61.46,0.0,2.0
61.47,1.0,3.0
61.48,1.0,2.0
61.49,1.0,4.0
61.51,0.0,1.0
61.52,0.0,3.0
61.52,1.0,1.0
61.53,0.0,1.0
61.54,1.0,2.0
61.55,0.0,1.0
61.55,1.0,1.0
61.56,0.0,3.0
61.56,1.0,1.0
61.57,1.0,1.0
61.58,0.0,1.0
61.58,1.0,1.0
61.59,0.0,3.0
61.59,1.0,1.0
61.6,1.0,1.0
61.61,1.0,1.0
61.62,0.0,1.0
61.64,1.0,1.0
61.65,0.0,1.0
61.66,0.0,2.0
61.66,1.0,1.0
61.67,1.0,2.0
61.68,0.0,1.0
61.68,1.0,3.0
61.69,0.0,2.0
61.69,1.0,3.0
61.7,0.0,1.0
61.7,1.0,1.0
61.71,0.0,1.0
61.71,1.0,1.0
61.72,0.0,2.0
61.72,1.0,2.0
61.74,0.0,1.0
61.74,1.0,1.0
61.75,0.0,1.0
61.76,0.0,1.0
61.76,1.0,1.0
61.77,1.0,2.0
61.78,1.0,2.0
61.8,0.0,3.0
61.8,1.0,2.0
61.82,0.0,3.0
61.82,1.0,2.0
61.83,0.0,2.0
61.83,1.0,1.0
61.84,0.0,1.0
61.84,1.0,2.0
61.85,0.0,2.0
61.85,1.0,2.0
61.86,0.0,1.0
61.87,0.0,1.0
61.87,1.0,2.0
61.88,1.0,1.0
61.89,0.0,1.0
61.89,1.0,1.0
61.9,0.0,3.0
61.9,1.0,1.0
61.91,0.0,4.0
61.91,1.0,1.0
61.92,0.0,1.0
61.92,1.0,3.0
61.93,0.0,1.0
61.94,0.0,2.0
61.94,1.0,2.0
61.95,1.0,1.0
61.97,0.0,1.0
61.97,1.0,3.0
61.98,0.0,2.0
61.98,1.0,1.0
61.99,0.0,1.0
62.0,1.0,1.0
62.01,0.0,1.0
62.01,1.0,1.0
62.02,0.0,4.0
62.02,1.0,3.0
62.03,0.0,1.0
62.03,1.0,2.0
62.04,1.0,1.0
62.05,1.0,2.0
62.06,0.0,2.0
62.06,1.0,2.0
62.07,1.0,2.0
62.08,0.0,1.0
62.08,1.0,2.0
62.09,0.0,1.0
62.1,0.0,2.0
62.1,1.0,4.0
62.11,0.0,2.0
62.11,1.0,2.0
62.12,1.0,2.0
62.13,0.0,1.0
62.14,0.0,1.0
62.15,0.0,1.0
62.16,0.0,1.0
62.16,1.0,1.0
62.17,0.0,1.0
62.17,1.0,1.0
62.18,0.0,2.0
62.18,1.0,1.0
62.19,0.0,1.0
62.19,1.0,1.0
62.21,1.0,1.0
62.22,0.0,1.0
62.22,1.0,1.0
62.23,0.0,1.0
62.23,1.0,1.0
62.24,0.0,1.0
62.25,0.0,2.0
62.25,1.0,2.0
62.26,0.0,1.0
62.26,1.0,2.0
62.27,0.0,2.0
62.27,1.0,3.0
62.29,1.0,3.0
62.31,1.0,1.0
62.32,0.0,1.0
62.32,1.0,3.0
62.33,0.0,4.0
62.33,1.0,2.0
62.34,0.0,1.0
62.34,1.0,4.0
62.35,1.0,4.0
62.36,0.0,2.0
62.36,1.0,3.0
62.37,0.0,1.0
62.37,1.0,2.0
62.38,0.0,2.0
62.38,1.0,2.0
62.39,1.0,1.0
62.4,0.0,2.0
62.4,1.0,3.0
62.41,0.0,2.0
62.41,1.0,1.0
62.42,1.0,1.0
62.43,0.0,2.0
62.43,1.0,2.0
62.44,0.0,2.0
62.44,1.0,4.0
62.45,0.0,1.0
62.45,1.0,1.0
62.46,1.0,2.0
62.48,0.0,2.0
62.48,1.0,2.0
62.49,0.0,2.0
62.5,0.0,2.0
62.51,0.0,4.0
62.52,1.0,2.0
62.53,0.0,1.0
62.53,1.0,1.0
62.54,0.0,3.0
62.54,1.0,1.0
62.55,0.0,1.0
62.55,1.0,4.0
62.56,0.0,2.0
62.56,1.0,1.0
62.57,1.0,2.0
62.58,0.0,2.0
62.58,1.0,1.0
62.59,1.0,1.0
62.6,0.0,2.0
62.6,1.0,1.0
62.61,0.0,3.0
62.61,1.0,1.0
62.62,0.0,3.0
62.63,1.0,2.0
62.64,0.0,1.0
62.65,0.0,3.0
62.66,0.0,2.0
62.66,1.0,1.0
62.67,0.0,1.0
62.67,1.0,1.0
62.68,0.0,3.0
62.68,1.0,2.0
62.69,1.0,3.0
62.7,0.0,1.0
62.71,1.0,1.0
62.72,0.0,1.0
62.72,1.0,2.0
62.73,0.0,2.0
62.73,1.0,2.0
62.74,0.0,1.0
62.74,1.0,1.0
62.75,0.0,1.0
62.75,1.0,2.0
62.76,0.0,1.0
62.78,1.0,2.0
62.79,1.0,1.0
62.8,0.0,1.0
62.8,1.0,1.0
62.81,0.0,2.0
62.81,1.0,1.0
62.82,0.0,4.0
62.82,1.0,3.0
62.83,1.0,2.0
62.84,0.0,1.0
62.84,1.0,1.0
62.85,0.0,2.0
62.85,1.0,1.0
62.86,0.0,2.0
62.86,1.0,1.0
62.87,0.0,1.0
62.88,0.0,3.0
62.88,1.0,2.0
62.89,0.0,2.0
62.89,1.0,1.0
62.9,0.0,3.0
62.9,1.0,1.0
62.91,0.0,1.0
62.91,1.0,1.0
62.92,1.0,1.0
62.93,0.0,1.0
62.93,1.0,3.0
62.94,0.0,2.0
62.94,1.0,3.0
62.95,0.0,1.0
62.96,0.0,3.0
62.96,1.0,1.0
62.97,0.0,1.0
62.97,1.0,2.0
62.98,0.0,3.0
63.0,0.0,2.0
63.0,1.0,1.0
63.01,0.0,4.0
63.02,0.0,3.0
63.02,1.0,1.0
63.03,0.0,1.0
63.03,1.0,1.0
63.05,0.0,1.0
63.05,1.0,3.0
63.06,0.0,2.0
63.06,1.0,3.0
63.07,0.0,1.0
63.07,1.0,2.0
63.08,0.0,1.0
63.09,0.0,1.0
63.09,1.0,3.0
63.1,0.0,1.0
63.1,1.0,1.0
63.11,0.0,1.0
63.12,0.0,2.0
63.13,0.0,1.0
63.13,1.0,1.0
63.14,1.0,3.0
63.15,0.0,1.0
63.15,1.0,3.0
63.16,0.0,1.0
63.16,1.0,1.0
63.17,0.0,2.0
63.18,0.0,2.0
63.18,1.0,1.0
63.19,0.0,1.0
63.19,1.0,2.0
63.2,0.0,2.0
63.2,1.0,3.0
63.21,0.0,3.0
63.21,1.0,2.0
63.22,0.0,2.0
63.23,0.0,1.0
63.24,0.0,2.0
63.26,0.0,2.0
63.26,1.0,2.0
63.28,1.0,4.0
63.29,0.0,2.0
63.29,1.0,1.0
63.3,0.0,2.0
63.31,0.0,1.0
63.31,1.0,1.0
63.32,0.0,3.0
63.32,1.0,1.0
63.33,0.0,3.0
63.33,1.0,2.0
63.34,0.0,2.0
63.35,0.0,2.0
63.36,0.0,1.0
63.36,1.0,1.0
63.37,1.0,1.0
63.38,0.0,1.0
63.39,0.0,1.0
63.39,1.0,1.0
63.4,0.0,1.0
63.4,1.0,2.0
63.41,1.0,3.0
63.42,0.0,3.0
63.42,1.0,1.0
63.44,0.0,2.0
63.46,0.0,3.0
63.46,1.0,1.0
63.47,0.0,2.0
63.47,1.0,3.0
63.48,0.0,1.0
63.48,1.0,1.0
63.49,0.0,2.0
63.5,0.0,3.0
63.51,0.0,1.0
63.51,1.0,2.0
63.52,1.0,1.0
63.53,0.0,1.0
63.53,1.0,3.0
63.54,0.0,1.0
63.54,1.0,2.0
63.55,0.0,1.0
63.55,1.0,1.0
63.56,0.0,3.0
63.56,1.0,2.0
63.57,0.0,3.0
63.57,1.0,2.0
63.58,0.0,2.0
63.58,1.0,1.0
63.59,0.0,3.0
63.59,1.0,2.0
63.6,0.0,2.0
63.61,1.0,4.0
63.62,0.0,1.0
63.63,0.0,4.0
63.63,1.0,2.0
63.64,0.0,1.0
63.64,1.0,2.0
63.65,0.0,2.0
63.65,1.0,1.0
63.66,0.0,2.0
63.66,1.0,1.0
63.67,1.0,2.0
63.68,0.0,4.0
63.68,1.0,2.0
63.69,0.0,1.0
63.7,0.0,2.0
63.7,1.0,2.0
63.71,0.0,1.0
63.71,1.0,3.0
63.72,0.0,3.0
63.73,1.0,2.0
63.74,0.0,1.0
63.74,1.0,1.0
63.75,0.0,3.0
63.75,1.0,1.0
63.76,0.0,1.0
63.76,1.0,1.0
63.77,0.0,1.0
63.77,1.0,2.0
63.78,0.0,2.0
63.78,1.0,1.0
63.79,0.0,4.0
63.79,1.0,2.0
63.8,0.0,3.0
63.8,1.0,1.0
63.81,0.0,2.0
63.82,0.0,5.0
63.82,1.0,1.0
63.83,0.0,1.0
63.84,0.0,2.0
63.84,1.0,2.0
63.86,0.0,1.0
63.87,0.0,3.0
63.87,1.0,1.0
63.88,0.0,3.0
63.88,1.0,4.0
63.9,0.0,3.0
63.9,1.0,2.0
63.91,1.0,3.0
63.92,0.0,5.0
63.92,1.0,2.0
63.93,0.0,2.0
63.94,0.0,1.0
63.94,1.0,3.0
63.95,0.0,2.0
63.96,0.0,1.0
63.96,1.0,1.0
63.97,0.0,4.0
63.97,1.0,1.0
63.98,0.0,2.0
63.99,0.0,1.0
63.99,1.0,1.0
64.0,0.0,1.0
64.0,1.0,2.0
64.01,0.0,1.0
64.01,1.0,1.0
64.02,0.0,2.0
64.02,1.0,1.0
64.03,0.0,1.0
64.04,0.0,2.0
64.04,1.0,4.0
64.05,0.0,1.0
64.05,1.0,2.0
64.06,0.0,1.0
64.06,1.0,2.0
64.07,0.0,1.0
64.08,0.0,2.0
64.08,1.0,2.0
64.09,0.0,1.0
64.1,0.0,2.0
64.1,1.0,1.0
64.11,1.0,1.0
64.12,0.0,3.0
64.12,1.0,1.0
64.13,0.0,4.0
64.13,1.0,3.0
64.14,0.0,2.0
64.14,1.0,1.0
64.15,0.0,1.0
64.15,1.0,1.0
64.16,0.0,1.0
64.16,1.0,3.0
64.17,0.0,1.0
64.17,1.0,2.0
64.18,0.0,4.0
64.18,1.0,3.0
64.19,0.0,2.0
64.2,0.0,3.0
64.2,1.0,1.0
64.21,0.0,3.0
64.21,1.0,2.0
64.22,0.0,2.0
64.22,1.0,2.0
64.23,0.0,1.0
64.23,1.0,1.0
64.24,0.0,1.0
64.25,0.0,2.0
64.26,0.0,3.0
64.26,1.0,3.0
64.27,0.0,3.0
64.27,1.0,1.0
64.28,0.0,1.0
64.29,0.0,1.0
64.29,1.0,1.0
64.3,0.0,5.0
64.31,0.0,2.0
64.31,1.0,1.0
64.32,0.0,1.0
64.33,1.0,2.0
64.34,0.0,5.0
64.35,1.0,1.0
64.38,0.0,2.0
64.38,1.0,1.0
64.4,0.0,4.0
64.4,1.0,2.0
64.41,0.0,1.0
64.41,1.0,2.0
64.42,0.0,3.0
64.42,1.0,1.0
64.43,0.0,2.0
64.43,1.0,1.0
64.44,1.0,3.0
64.45,0.0,1.0
64.45,1.0,2.0
64.46,1.0,1.0
64.47,0.0,1.0
64.47,1.0,3.0
64.48,0.0,2.0
64.48,1.0,3.0
64.49,0.0,1.0
64.49,1.0,3.0
64.5,0.0,1.0
64.5,1.0,2.0
64.51,0.0,2.0
64.51,1.0,1.0
64.52,1.0,1.0
64.53,0.0,2.0
64.53,1.0,2.0
64.54,0.0,3.0
64.54,1.0,2.0
64.55,0.0,2.0
64.55,1.0,2.0
64.56,0.0,1.0
64.56,1.0,2.0
64.57,0.0,1.0
64.58,1.0,2.0
64.59,1.0,1.0
64.6,0.0,2.0
64.61,0.0,2.0
64.61,1.0,2.0
64.62,0.0,4.0
64.62,1.0,1.0
64.63,0.0,2.0
64.64,0.0,2.0
64.66,0.0,1.0
64.66,1.0,1.0
64.67,1.0,2.0
64.68,1.0,2.0
64.69,0.0,3.0
64.69,1.0,1.0
64.7,0.0,2.0
64.71,0.0,5.0
64.72,0.0,1.0
64.72,1.0,3.0
64.73,0.0,2.0
64.73,1.0,3.0
64.74,0.0,1.0
64.74,1.0,1.0
64.75,0.0,1.0
64.76,0.0,2.0
64.77,0.0,2.0
64.77,1.0,1.0
64.78,0.0,2.0
64.78,1.0,1.0
64.79,0.0,1.0
64.79,1.0,1.0
64.8,0.0,3.0
64.8,1.0,2.0
64.81,0.0,2.0
64.82,0.0,2.0
64.83,0.0,2.0
64.84,0.0,2.0
64.84,1.0,1.0
64.85,0.0,1.0
64.85,1.0,2.0
64.86,0.0,2.0
64.87,0.0,1.0
64.87,1.0,3.0
64.88,0.0,3.0
64.89,0.0,2.0
64.9,0.0,2.0
64.91,0.0,2.0
64.91,1.0,1.0
64.92,0.0,3.0
64.92,1.0,4.0
64.93,0.0,3.0
64.93,1.0,2.0
64.95,0.0,2.0
64.96,0.0,2.0
64.96,1.0,1.0
64.97,0.0,1.0
64.97,1.0,2.0
64.98,0.0,1.0
64.98,1.0,1.0
64.99,0.0,3.0
64.99,1.0,1.0
65.0,0.0,3.0
65.0,1.0,1.0
65.01,0.0,2.0
65.01,1.0,1.0
65.02,0.0,3.0
65.03,0.0,1.0
65.03,1.0,1.0
65.04,0.0,3.0
65.04,1.0,3.0
65.05,0.0,1.0
65.05,1.0,2.0
65.06,1.0,2.0
65.07,0.0,2.0
65.08,0.0,3.0
65.09,0.0,3.0
65.1,0.0,4.0
65.1,1.0,1.0
65.11,1.0,1.0
65.12,0.0,3.0
65.12,1.0,2.0
65.13,0.0,1.0
65.13,1.0,1.0
65.14,0.0,4.0
65.15,0.0,3.0
65.15,1.0,3.0
65.16,0.0,4.0
65.17,0.0,1.0
65.18,0.0,2.0
65.18,1.0,2.0
65.19,0.0,2.0
65.19,1.0,3.0
65.2,0.0,2.0
65.2,1.0,1.0
65.21,0.0,3.0
65.21,1.0,1.0
65.22,0.0,4.0
65.22,1.0,1.0
65.23,1.0,1.0
65.24,0.0,1.0
65.24,1.0,2.0
65.25,0.0,2.0
65.26,1.0,1.0
65.27,0.0,1.0
65.27,1.0,2.0
65.29,0.0,1.0
65.29,1.0,1.0
65.3,0.0,1.0
65.3,1.0,1.0
65.31,0.0,3.0
65.31,1.0,1.0
65.32,0.0,5.0
65.33,0.0,2.0
65.33,1.0,2.0
65.34,0.0,5.0
65.35,0.0,3.0
65.35,1.0,2.0
65.37,0.0,2.0
65.38,0.0,3.0
65.39,0.0,1.0
65.39,1.0,1.0
65.4,1.0,1.0
65.41,0.0,3.0
65.41,1.0,1.0
65.42,0.0,3.0
65.42,1.0,2.0
65.43,1.0,1.0
65.44,0.0,4.0
65.44,1.0,2.0
65.45,0.0,2.0
65.45,1.0,1.0
65.46,0.0,3.0
65.46,1.0,1.0
65.47,0.0,3.0
65.47,1.0,1.0
65.48,1.0,2.0
65.49,0.0,2.0
65.49,1.0,1.0
65.5,0.0,1.0
65.5,1.0,1.0
65.51,0.0,2.0
65.52,0.0,3.0
65.52,1.0,1.0
65.53,0.0,1.0
65.53,1.0,1.0
65.54,0.0,1.0
65.54,1.0,1.0
65.55,0.0,3.0
65.55,1.0,1.0
65.56,0.0,2.0
65.56,1.0,1.0
65.57,1.0,3.0
65.58,0.0,1.0
65.58,1.0,5.0
65.59,0.0,1.0
65.6,1.0,3.0
65.61,0.0,1.0
65.61,1.0,2.0
65.62,0.0,1.0
65.63,0.0,1.0
65.63,1.0,2.0
65.64,0.0,3.0
65.65,0.0,3.0
65.65,1.0,1.0
65.66,0.0,3.0
65.66,1.0,2.0
65.67,1.0,1.0
65.68,0.0,2.0
65.68,1.0,2.0
65.69,0.0,3.0
65.7,0.0,1.0
65.7,1.0,2.0
65.71,0.0,1.0
65.71,1.0,3.0
65.72,0.0,1.0
65.72,1.0,2.0
65.73,0.0,1.0
65.73,1.0,3.0
65.74,0.0,1.0
65.74,1.0,2.0
65.75,0.0,3.0
65.75,1.0,1.0
65.76,0.0,2.0
65.78,1.0,5.0
65.79,0.0,2.0
65.79,1.0,1.0
65.8,0.0,4.0
65.81,0.0,3.0
65.81,1.0,1.0
65.82,1.0,2.0
65.83,0.0,2.0
65.83,1.0,1.0
65.84,0.0,2.0
65.84,1.0,1.0
65.85,0.0,1.0
65.85,1.0,4.0
65.86,0.0,2.0
65.86,1.0,2.0
65.87,0.0,1.0
65.88,0.0,5.0
65.88,1.0,1.0
65.89,0.0,1.0
65.89,1.0,2.0
65.9,0.0,4.0
65.9,1.0,2.0
65.91,0.0,1.0
65.91,1.0,3.0
65.92,0.0,1.0
65.93,0.0,2.0
65.94,0.0,1.0
65.94,1.0,2.0
65.95,0.0,3.0
65.95,1.0,1.0
65.96,0.0,3.0
65.97,0.0,1.0
65.98,0.0,1.0
65.99,0.0,1.0
66.0,1.0,3.0
66.01,0.0,2.0
66.01,1.0,1.0
66.02,0.0,5.0
66.03,0.0,1.0
66.04,0.0,1.0
66.04,1.0,1.0
66.05,1.0,6.0
66.06,0.0,1.0
66.06,1.0,2.0
66.07,0.0,2.0
66.08,0.0,2.0
66.09,0.0,3.0
66.1,0.0,2.0
66.11,0.0,1.0
66.11,1.0,1.0
66.12,0.0,3.0
66.13,1.0,1.0
66.14,0.0,5.0
66.14,1.0,2.0
66.15,0.0,3.0
66.16,0.0,1.0
66.16,1.0,2.0
66.17,0.0,1.0
66.17,1.0,2.0
66.18,0.0,4.0
66.18,1.0,4.0
66.19,1.0,2.0
66.2,0.0,3.0
66.2,1.0,2.0
66.21,0.0,1.0
66.21,1.0,1.0
66.22,0.0,2.0
66.22,1.0,2.0
66.23,0.0,3.0
66.23,1.0,1.0
66.24,0.0,1.0
66.24,1.0,1.0
66.25,0.0,1.0
66.25,1.0,1.0
66.26,0.0,1.0
66.26,1.0,3.0
66.27,0.0,2.0
66.28,0.0,1.0
66.29,0.0,1.0
66.29,1.0,1.0
66.3,0.0,1.0
66.31,0.0,1.0
66.31,1.0,1.0
66.32,0.0,2.0
66.33,0.0,2.0
66.33,1.0,2.0
66.34,0.0,2.0
66.35,1.0,3.0
66.36,0.0,2.0
66.36,1.0,2.0
66.37,0.0,2.0
66.37,1.0,2.0
66.38,0.0,1.0
66.38,1.0,2.0
66.39,0.0,2.0
66.39,1.0,1.0
66.4,0.0,3.0
66.4,1.0,1.0
66.41,0.0,1.0
66.41,1.0,2.0
66.42,0.0,3.0
66.42,1.0,1.0
66.43,0.0,1.0
66.43,1.0,2.0
66.44,0.0,3.0
66.44,1.0,1.0
66.45,0.0,2.0
66.45,1.0,1.0
66.46,0.0,1.0
66.46,1.0,2.0
66.47,0.0,1.0
66.48,0.0,4.0
66.48,1.0,3.0
66.49,0.0,2.0
66.49,1.0,2.0
66.5,0.0,2.0
66.5,1.0,2.0
66.51,1.0,2.0
66.52,1.0,1.0
66.53,0.0,2.0
66.53,1.0,3.0
66.54,0.0,2.0
66.55,0.0,2.0
66.55,1.0,2.0
66.56,0.0,2.0
66.56,1.0,2.0
66.57,0.0,2.0
66.57,1.0,1.0
66.58,0.0,4.0
66.58,1.0,2.0
66.59,1.0,1.0
66.6,0.0,3.0
66.6,1.0,4.0
66.61,0.0,2.0
66.61,1.0,1.0
66.62,0.0,1.0
66.62,1.0,1.0
66.63,0.0,3.0
66.63,1.0,2.0
66.64,0.0,2.0
66.65,0.0,2.0
66.65,1.0,4.0
66.66,0.0,2.0
66.66,1.0,1.0
66.67,0.0,1.0
66.67,1.0,3.0
66.68,0.0,2.0
66.68,1.0,3.0
66.69,0.0,4.0
66.69,1.0,1.0
66.7,0.0,1.0
66.7,1.0,3.0
66.71,0.0,1.0
66.72,0.0,2.0
66.72,1.0,1.0
66.73,0.0,2.0
66.73,1.0,1.0
66.74,0.0,5.0
66.75,0.0,3.0
66.75,1.0,1.0
66.76,0.0,2.0
66.76,1.0,2.0
66.77,0.0,2.0
66.77,1.0,2.0
66.78,0.0,1.0
66.78,1.0,2.0
66.79,0.0,3.0
66.79,1.0,1.0
66.81,0.0,2.0
66.81,1.0,1.0
66.82,0.0,1.0
66.82,1.0,2.0
66.83,0.0,3.0
66.84,0.0,2.0
66.84,1.0,2.0
66.85,0.0,2.0
66.85,1.0,1.0
66.86,0.0,5.0
66.86,1.0,1.0
66.87,0.0,4.0
66.87,1.0,1.0
66.88,1.0,1.0
66.89,0.0,3.0
66.9,0.0,3.0
66.9,1.0,1.0
66.91,0.0,2.0
66.92,0.0,3.0
66.93,0.0,3.0
66.94,0.0,4.0
66.95,1.0,1.0
66.96,0.0,3.0
66.97,0.0,4.0
66.97,1.0,1.0
66.98,0.0,1.0
66.98,1.0,2.0
66.99,0.0,3.0
66.99,1.0,1.0
67.0,0.0,2.0
67.0,1.0,1.0
67.01,0.0,2.0
67.01,1.0,1.0
67.02,0.0,2.0
67.02,1.0,4.0
67.03,0.0,3.0
67.03,1.0,1.0
67.04,0.0,3.0
67.05,0.0,3.0
67.06,0.0,2.0
67.06,1.0,1.0
67.07,0.0,1.0
67.07,1.0,1.0
67.08,0.0,3.0
67.09,0.0,2.0
67.09,1.0,1.0
67.1,0.0,1.0
67.1,1.0,3.0
67.11,0.0,1.0
67.11,1.0,2.0
67.12,0.0,2.0
67.12,1.0,1.0
67.13,0.0,3.0
67.13,1.0,1.0
67.14,0.0,1.0
67.14,1.0,1.0
67.15,0.0,2.0
67.15,1.0,1.0
67.16,1.0,1.0
67.17,0.0,1.0
67.18,0.0,3.0
67.19,0.0,6.0
67.19,1.0,1.0
67.2,0.0,3.0
67.21,0.0,4.0
67.21,1.0,1.0
67.22,0.0,1.0
67.23,0.0,2.0
67.23,1.0,1.0
67.24,0.0,1.0
67.24,1.0,1.0
67.25,0.0,6.0
67.25,1.0,1.0
67.26,0.0,3.0
67.26,1.0,1.0
67.27,0.0,2.0
67.28,0.0,3.0
67.28,1.0,1.0
67.29,0.0,1.0
67.29,1.0,1.0
67.3,0.0,2.0
67.3,1.0,4.0
67.31,0.0,1.0
67.32,0.0,2.0
67.32,1.0,2.0
67.33,0.0,1.0
67.33,1.0,1.0
67.34,0.0,3.0
67.35,0.0,2.0
67.35,1.0,2.0
67.36,0.0,4.0
67.37,0.0,3.0
67.38,1.0,1.0
67.39,0.0,1.0
67.4,0.0,1.0
67.41,0.0,2.0
67.42,0.0,1.0
67.42,1.0,2.0
67.43,0.0,2.0
67.44,1.0,1.0
67.45,0.0,2.0
67.45,1.0,3.0
67.46,0.0,1.0
67.47,0.0,1.0
67.47,1.0,1.0
67.48,0.0,4.0
67.48,1.0,1.0
67.49,0.0,4.0
67.49,1.0,3.0
67.5,0.0,2.0
67.5,1.0,2.0
67.51,0.0,4.0
67.51,1.0,1.0
67.52,0.0,4.0
67.53,0.0,2.0
67.53,1.0,1.0
67.54,0.0,4.0
67.54,1.0,2.0
67.55,0.0,1.0
67.56,0.0,3.0
67.56,1.0,1.0
67.57,0.0,3.0
67.57,1.0,1.0
67.59,1.0,2.0
67.6,0.0,2.0
67.6,1.0,1.0
67.61,0.0,4.0
67.62,0.0,2.0
67.62,1.0,2.0
67.63,0.0,4.0
67.63,1.0,1.0
67.64,0.0,1.0
67.64,1.0,2.0
67.65,0.0,1.0
67.65,1.0,1.0
67.66,0.0,1.0
67.66,1.0,1.0
67.67,1.0,1.0
67.68,0.0,4.0
67.68,1.0,1.0
67.69,0.0,2.0
67.69,1.0,2.0
67.7,1.0,1.0
67.71,0.0,1.0
67.72,0.0,2.0
67.72,1.0,1.0
67.73,0.0,1.0
67.73,1.0,1.0
67.74,1.0,2.0
67.75,0.0,2.0
67.77,0.0,1.0
67.77,1.0,1.0
67.78,0.0,1.0
67.78,1.0,1.0
67.79,0.0,1.0
67.79,1.0,1.0
67.8,1.0,1.0
67.81,0.0,2.0
67.82,0.0,1.0
67.82,1.0,1.0
67.83,0.0,3.0
67.83,1.0,1.0
67.84,0.0,3.0
67.84,1.0,1.0
67.85,1.0,1.0
67.86,0.0,1.0
67.86,1.0,1.0
67.87,0.0,3.0
67.87,1.0,2.0
67.88,1.0,3.0
67.89,0.0,3.0
67.89,1.0,1.0
67.9,0.0,3.0
67.91,0.0,4.0
67.91,1.0,1.0
67.92,0.0,1.0
67.92,1.0,2.0
67.93,0.0,1.0
67.93,1.0,1.0
67.94,0.0,2.0
67.94,1.0,2.0
67.95,0.0,1.0
67.96,1.0,3.0
67.97,0.0,5.0
67.97,1.0,3.0
67.98,0.0,1.0
67.98,1.0,1.0
67.99,0.0,4.0
67.99,1.0,1.0
68.0,0.0,4.0
68.0,1.0,1.0
68.01,0.0,3.0
68.02,0.0,1.0
68.03,1.0,5.0
68.04,0.0,1.0
68.04,1.0,1.0
68.05,0.0,2.0
68.05,1.0,2.0
68.06,0.0,3.0
68.06,1.0,1.0
68.08,0.0,1.0
68.09,0.0,2.0
68.09,1.0,3.0
68.1,0.0,4.0
68.1,1.0,1.0
68.11,0.0,3.0
68.11,1.0,2.0
68.12,0.0,1.0
68.13,1.0,2.0
68.14,0.0,2.0
68.14,1.0,1.0
68.15,0.0,1.0
68.15,1.0,1.0
68.16,0.0,2.0
68.17,0.0,5.0
68.18,0.0,1.0
68.18,1.0,3.0
68.19,0.0,1.0
68.19,1.0,1.0
68.2,0.0,1.0
68.2,1.0,2.0
68.21,0.0,1.0
68.21,1.0,4.0
68.22,0.0,3.0
68.23,0.0,1.0
68.24,0.0,2.0
68.24,1.0,1.0
68.25,0.0,2.0
68.26,0.0,1.0
68.26,1.0,1.0
68.27,0.0,1.0
68.28,0.0,1.0
68.3,0.0,2.0
68.3,1.0,1.0
68.31,1.0,1.0
68.32,0.0,1.0
68.32,1.0,2.0
68.33,0.0,2.0
68.33,1.0,2.0
68.34,0.0,1.0
68.34,1.0,1.0
68.35,0.0,2.0
68.36,0.0,4.0
68.37,0.0,1.0
68.38,0.0,1.0
68.38,1.0,1.0
68.39,0.0,2.0
68.39,1.0,1.0
68.4,0.0,1.0
68.41,0.0,2.0
68.41,1.0,2.0
68.42,1.0,4.0
68.43,1.0,3.0
68.44,0.0,2.0
68.44,1.0,1.0
68.45,0.0,2.0
68.45,1.0,2.0
68.46,0.0,3.0
68.46,1.0,2.0
68.47,1.0,2.0
68.48,1.0,1.0
68.49,1.0,1.0
68.5,0.0,3.0
68.5,1.0,1.0
68.51,0.0,4.0
68.51,1.0,1.0
68.52,0.0,2.0
68.53,0.0,2.0
68.53,1.0,1.0
68.54,0.0,4.0
68.54,1.0,1.0
68.55,0.0,2.0
68.55,1.0,2.0
68.56,0.0,1.0
68.56,1.0,1.0
68.57,0.0,1.0
68.58,0.0,2.0
68.59,0.0,3.0
68.6,1.0,2.0
68.61,0.0,1.0
68.61,1.0,1.0
68.62,0.0,1.0
68.62,1.0,3.0
68.63,0.0,1.0
68.63,1.0,1.0
68.64,0.0,2.0
68.64,1.0,3.0
68.65,0.0,2.0
68.65,1.0,2.0
68.66,0.0,4.0
68.66,1.0,1.0
68.67,0.0,1.0
68.68,0.0,6.0
68.68,1.0,1.0
68.69,0.0,2.0
68.7,0.0,2.0
68.71,0.0,2.0
68.71,1.0,3.0
68.72,0.0,1.0
68.72,1.0,1.0
68.73,0.0,5.0
68.73,1.0,3.0
68.74,0.0,2.0
68.74,1.0,4.0
68.75,0.0,4.0
68.76,0.0,1.0
68.76,1.0,1.0
68.77,0.0,1.0
68.77,1.0,1.0
68.78,0.0,4.0
68.79,0.0,1.0
68.79,1.0,1.0
68.8,0.0,3.0
68.81,0.0,1.0
68.81,1.0,1.0
68.82,0.0,1.0
68.82,1.0,1.0
68.83,0.0,4.0
68.83,1.0,1.0
68.84,1.0,2.0
68.85,0.0,1.0
68.85,1.0,1.0
68.86,0.0,3.0
68.87,0.0,1.0
68.87,1.0,5.0
68.88,0.0,1.0
68.88,1.0,1.0
68.89,0.0,3.0
68.89,1.0,2.0
68.9,0.0,2.0
68.9,1.0,2.0
68.91,0.0,2.0
68.91,1.0,2.0
68.92,0.0,1.0
68.94,0.0,3.0
68.94,1.0,4.0
68.95,0.0,1.0
68.96,0.0,4.0
68.97,0.0,1.0
68.98,0.0,1.0
68.98,1.0,1.0
68.99,0.0,5.0
69.0,0.0,1.0
69.01,0.0,2.0
69.01,1.0,2.0
69.02,0.0,1.0
69.02,1.0,1.0
69.03,0.0,2.0
69.04,0.0,3.0
69.04,1.0,2.0
69.05,0.0,3.0
69.05,1.0,1.0
69.06,0.0,1.0
69.07,0.0,3.0
69.08,0.0,3.0
69.08,1.0,1.0
69.09,0.0,2.0
69.1,1.0,2.0
69.11,0.0,2.0
69.12,1.0,1.0
69.13,0.0,4.0
69.13,1.0,1.0
69.14,0.0,2.0
69.14,1.0,1.0
69.15,0.0,1.0
69.15,1.0,1.0
69.16,0.0,1.0
69.18,0.0,2.0
69.18,1.0,1.0
69.19,0.0,3.0
69.19,1.0,1.0
69.2,1.0,2.0
69.21,0.0,7.0
69.21,1.0,1.0
69.22,0.0,4.0
69.23,0.0,2.0
69.24,0.0,3.0
69.24,1.0,1.0
69.25,0.0,2.0
69.26,0.0,2.0
69.26,1.0,2.0
69.27,0.0,7.0
69.27,1.0,1.0
69.28,0.0,2.0
69.29,0.0,3.0
69.3,0.0,2.0
69.3,1.0,1.0
69.31,0.0,2.0
69.31,1.0,1.0
69.32,0.0,2.0
69.32,1.0,1.0
69.33,0.0,2.0
69.33,1.0,1.0
69.34,0.0,3.0
69.34,1.0,1.0
69.35,0.0,2.0
69.35,1.0,1.0
69.36,0.0,4.0
69.36,1.0,3.0
69.37,0.0,3.0
69.37,1.0,3.0
69.38,0.0,3.0
69.38,1.0,3.0
69.39,0.0,1.0
69.4,1.0,1.0
69.41,0.0,1.0
69.42,0.0,6.0
69.43,0.0,3.0
69.43,1.0,1.0
69.44,0.0,2.0
69.44,1.0,1.0
69.45,0.0,3.0
69.46,0.0,5.0
69.47,0.0,3.0
69.48,0.0,1.0
69.49,0.0,2.0
69.49,1.0,1.0
69.5,0.0,1.0
69.5,1.0,3.0
69.51,1.0,4.0
69.52,0.0,3.0
69.52,1.0,1.0
69.53,0.0,4.0
69.53,1.0,1.0
69.54,0.0,3.0
69.55,0.0,3.0
69.55,1.0,1.0
69.56,0.0,3.0
69.57,1.0,3.0
69.58,0.0,2.0
69.58,1.0,2.0
69.59,0.0,3.0
69.59,1.0,1.0
69.6,0.0,1.0
69.6,1.0,2.0
69.61,0.0,2.0
69.61,1.0,1.0
69.62,0.0,2.0
69.62,1.0,1.0
69.63,0.0,2.0
69.63,1.0,3.0
69.64,1.0,3.0
69.65,0.0,6.0
69.65,1.0,2.0
69.66,0.0,3.0
69.66,1.0,1.0
69.67,0.0,1.0
69.68,0.0,2.0
69.68,1.0,2.0
69.69,0.0,1.0
69.69,1.0,2.0
69.7,0.0,4.0
69.71,0.0,3.0
69.71,1.0,1.0
69.72,1.0,2.0
69.73,0.0,3.0
69.73,1.0,2.0
69.74,0.0,1.0
69.74,1.0,1.0
69.75,0.0,4.0
69.75,1.0,2.0
69.76,0.0,2.0
69.76,1.0,1.0
69.77,0.0,1.0
69.77,1.0,1.0
69.78,0.0,3.0
69.78,1.0,1.0
69.79,0.0,6.0
69.79,1.0,1.0
69.8,0.0,2.0
69.8,1.0,1.0
69.81,0.0,5.0
69.81,1.0,1.0
69.82,0.0,2.0
69.82,1.0,3.0
69.83,0.0,3.0
69.83,1.0,3.0
69.84,0.0,4.0
69.85,0.0,3.0
69.86,0.0,2.0
69.86,1.0,1.0
69.87,0.0,2.0
69.87,1.0,1.0
69.88,0.0,5.0
69.89,0.0,1.0
69.9,0.0,2.0
69.91,0.0,3.0
69.91,1.0,5.0
69.92,0.0,4.0
69.92,1.0,2.0
69.93,0.0,4.0
69.93,1.0,3.0
69.94,0.0,2.0
69.95,0.0,2.0
69.95,1.0,3.0
69.96,0.0,3.0
69.96,1.0,3.0
69.97,1.0,2.0
69.98,0.0,1.0
69.99,0.0,3.0
69.99,1.0,1.0
70.0,0.0,3.0
70.0,1.0,2.0
70.01,0.0,2.0
70.02,0.0,2.0
70.03,0.0,2.0
70.04,0.0,3.0
70.04,1.0,1.0
70.05,0.0,2.0
70.05,1.0,1.0
70.07,0.0,1.0
70.07,1.0,2.0
70.08,0.0,1.0
70.08,1.0,1.0
70.09,0.0,2.0
70.1,0.0,3.0
70.1,1.0,2.0
70.11,0.0,2.0
70.11,1.0,2.0
70.12,0.0,1.0
70.13,0.0,1.0
70.13,1.0,1.0
70.14,0.0,2.0
70.14,1.0,1.0
70.15,0.0,2.0
70.15,1.0,2.0
70.16,0.0,2.0
70.16,1.0,1.0
70.17,0.0,1.0
70.18,0.0,3.0
70.19,1.0,1.0
70.2,0.0,1.0
70.2,1.0,2.0
70.21,0.0,4.0
70.21,1.0,2.0
70.22,0.0,1.0
70.22,1.0,1.0
70.23,0.0,1.0
70.23,1.0,1.0
70.24,0.0,2.0
70.24,1.0,1.0
70.25,0.0,6.0
70.25,1.0,2.0
70.26,0.0,1.0
70.26,1.0,2.0
70.27,0.0,1.0
70.27,1.0,1.0
70.28,0.0,1.0
70.28,1.0,1.0
70.3,0.0,4.0
70.31,0.0,2.0
70.31,1.0,2.0
70.32,0.0,1.0
70.32,1.0,1.0
70.33,0.0,2.0
70.34,0.0,3.0
70.34,1.0,1.0
70.35,0.0,2.0
70.35,1.0,2.0
70.36,0.0,3.0
70.36,1.0,1.0
70.37,0.0,4.0
70.37,1.0,1.0
70.38,0.0,3.0
70.38,1.0,1.0
70.39,0.0,5.0
70.39,1.0,1.0
70.4,0.0,1.0
70.41,0.0,5.0
70.41,1.0,1.0
70.42,0.0,3.0
70.43,0.0,1.0
70.44,0.0,4.0
70.44,1.0,2.0
70.45,0.0,1.0
70.45,1.0,1.0
70.46,0.0,1.0
70.47,0.0,2.0
70.48,0.0,1.0
70.48,1.0,1.0
70.49,0.0,1.0
70.5,0.0,3.0
70.5,1.0,1.0
70.51,0.0,2.0
70.51,1.0,1.0
70.52,0.0,3.0
70.52,1.0,1.0
70.53,0.0,1.0
70.53,1.0,1.0
70.54,0.0,2.0
70.55,0.0,2.0
70.56,0.0,3.0
70.57,0.0,2.0
70.57,1.0,1.0
70.58,0.0,4.0
70.58,1.0,1.0
70.59,0.0,1.0
70.59,1.0,2.0
70.6,0.0,1.0
70.6,1.0,2.0
70.61,0.0,4.0
70.63,0.0,3.0
70.63,1.0,2.0
70.64,0.0,1.0
70.64,1.0,1.0
70.65,0.0,1.0
70.65,1.0,1.0
70.66,0.0,3.0
70.66,1.0,1.0
70.67,0.0,1.0
70.68,0.0,2.0
70.69,0.0,3.0
70.7,0.0,1.0
70.7,1.0,1.0
70.71,0.0,3.0
70.72,0.0,3.0
70.73,0.0,2.0
70.74,0.0,5.0
70.74,1.0,2.0
70.75,0.0,2.0
70.75,1.0,1.0
70.76,0.0,1.0
70.76,1.0,2.0
70.77,0.0,1.0
70.78,0.0,3.0
70.79,0.0,3.0
70.79,1.0,1.0
70.8,0.0,2.0
70.8,1.0,2.0
70.81,0.0,3.0
70.82,0.0,1.0
70.82,1.0,1.0
70.84,0.0,3.0
70.85,0.0,5.0
70.85,1.0,3.0
70.86,0.0,3.0
70.86,1.0,1.0
70.87,0.0,5.0
70.87,1.0,1.0
70.88,0.0,4.0
70.88,1.0,1.0
70.89,0.0,1.0
70.9,0.0,1.0
70.9,1.0,3.0
70.91,0.0,2.0
70.91,1.0,1.0
70.92,0.0,2.0
70.93,0.0,2.0
70.93,1.0,1.0
70.94,0.0,2.0
70.95,0.0,1.0
70.96,0.0,1.0
70.97,1.0,1.0
70.98,0.0,1.0
70.99,0.0,1.0
71.0,0.0,3.0
71.0,1.0,1.0
71.01,0.0,6.0
71.01,1.0,1.0
71.02,0.0,1.0
71.03,0.0,3.0
71.03,1.0,1.0
71.04,0.0,5.0
71.04,1.0,1.0
71.05,0.0,5.0
71.06,0.0,3.0
71.07,0.0,2.0
71.07,1.0,1.0
71.08,0.0,4.0
71.09,0.0,4.0
71.1,0.0,2.0
71.1,1.0,1.0
71.11,0.0,3.0
71.11,1.0,1.0
71.12,0.0,1.0
71.12,1.0,1.0
71.13,0.0,4.0
71.13,1.0,2.0
71.14,1.0,1.0
71.15,0.0,2.0
71.15,1.0,1.0
71.16,0.0,3.0
71.17,0.0,2.0
71.17,1.0,2.0
71.18,0.0,4.0
71.18,1.0,1.0
71.19,0.0,1.0
71.2,0.0,1.0
71.2,1.0,1.0
71.21,0.0,3.0
71.22,0.0,2.0
71.22,1.0,1.0
71.23,0.0,1.0
71.23,1.0,2.0
71.24,0.0,3.0
71.25,0.0,3.0
71.25,1.0,1.0
71.26,0.0,1.0
71.27,0.0,4.0
71.29,0.0,1.0
71.3,0.0,3.0
71.3,1.0,2.0
71.31,0.0,5.0
71.31,1.0,1.0
71.32,0.0,2.0
71.32,1.0,2.0
71.33,0.0,1.0
71.33,1.0,1.0
71.34,0.0,4.0
71.34,1.0,3.0
71.35,1.0,2.0
71.36,0.0,4.0
71.36,1.0,1.0
71.37,0.0,2.0
71.37,1.0,1.0
71.38,0.0,2.0
71.38,1.0,1.0
71.39,0.0,3.0
71.4,0.0,2.0
71.4,1.0,2.0
71.42,0.0,1.0
71.42,1.0,1.0
71.43,0.0,1.0
71.44,0.0,3.0
71.45,0.0,1.0
71.45,1.0,3.0
71.46,0.0,1.0
71.46,1.0,1.0
71.47,0.0,1.0
71.47,1.0,1.0
71.48,0.0,3.0
71.49,0.0,1.0
71.5,0.0,1.0
71.51,1.0,2.0
71.53,1.0,1.0
71.54,0.0,3.0
71.55,0.0,3.0
71.56,0.0,3.0
71.57,0.0,3.0
71.57,1.0,2.0
71.58,0.0,2.0
71.59,1.0,2.0
71.6,0.0,3.0
71.6,1.0,1.0
71.61,0.0,3.0
71.61,1.0,1.0
71.62,0.0,2.0
71.62,1.0,1.0
71.63,0.0,1.0
71.64,0.0,4.0
71.65,0.0,2.0
71.66,0.0,5.0
71.66,1.0,1.0
71.67,0.0,1.0
71.67,1.0,1.0
71.68,0.0,5.0
71.68,1.0,1.0
71.69,1.0,3.0
71.7,0.0,2.0
71.71,0.0,1.0
71.71,1.0,1.0
71.72,0.0,1.0
71.72,1.0,2.0
71.73,1.0,1.0
71.74,0.0,1.0
71.74,1.0,1.0
71.75,0.0,4.0
71.75,1.0,1.0
71.76,0.0,1.0
71.76,1.0,2.0
71.77,0.0,3.0
71.78,0.0,1.0
71.79,0.0,3.0
71.79,1.0,1.0
71.8,0.0,5.0
71.81,0.0,1.0
71.82,0.0,1.0
71.82,1.0,1.0
71.83,0.0,7.0
71.84,0.0,4.0
71.85,0.0,3.0
71.86,0.0,3.0
71.86,1.0,1.0
71.87,0.0,1.0
71.87,1.0,1.0
71.88,0.0,3.0
71.89,1.0,1.0
71.9,0.0,3.0
71.91,0.0,3.0
71.92,0.0,2.0
71.93,0.0,6.0
71.95,0.0,3.0
71.95,1.0,2.0
71.96,0.0,1.0
71.96,1.0,3.0
71.97,0.0,2.0
71.97,1.0,1.0
71.98,0.0,4.0
71.99,0.0,5.0
71.99,1.0,1.0
72.0,0.0,1.0
72.01,0.0,2.0
72.02,0.0,3.0
72.03,0.0,1.0
72.03,1.0,1.0
72.04,0.0,2.0
72.05,0.0,6.0
72.05,1.0,1.0
72.06,0.0,1.0
72.06,1.0,1.0
72.07,0.0,2.0
72.07,1.0,1.0
72.08,0.0,1.0
72.09,0.0,3.0
72.09,1.0,2.0
72.1,0.0,1.0
72.11,0.0,1.0
72.12,0.0,1.0
72.12,1.0,1.0
72.13,0.0,5.0
72.13,1.0,3.0
72.14,1.0,2.0
72.15,0.0,4.0
72.15,1.0,2.0
72.16,0.0,3.0
72.18,1.0,1.0
72.19,0.0,1.0
72.2,0.0,1.0
72.21,0.0,1.0
72.21,1.0,3.0
72.22,0.0,3.0
72.22,1.0,1.0
72.23,0.0,1.0
72.24,0.0,1.0
72.25,0.0,3.0
72.25,1.0,1.0
72.26,0.0,1.0
72.26,1.0,3.0
72.27,0.0,3.0
72.28,0.0,1.0
72.31,0.0,3.0
72.31,1.0,1.0
72.32,0.0,1.0
72.32,1.0,3.0
72.33,0.0,4.0
72.35,0.0,4.0
72.36,0.0,4.0
72.36,1.0,1.0
72.37,0.0,2.0
72.37,1.0,1.0
72.38,0.0,2.0
72.39,0.0,1.0
72.39,1.0,1.0
72.4,0.0,2.0
72.4,1.0,2.0
72.41,0.0,2.0
72.41,1.0,1.0
72.42,0.0,5.0
72.42,1.0,1.0
72.43,0.0,3.0
72.44,0.0,1.0
72.45,0.0,2.0
72.46,0.0,1.0
72.47,0.0,6.0
72.48,1.0,1.0
72.49,0.0,2.0
72.49,1.0,2.0
72.5,0.0,2.0
72.5,1.0,1.0
72.51,1.0,1.0
72.52,1.0,1.0
72.53,0.0,1.0
72.54,0.0,1.0
72.55,0.0,2.0
72.55,1.0,1.0
72.56,0.0,2.0
72.56,1.0,2.0
72.59,0.0,2.0
72.59,1.0,1.0
72.6,0.0,1.0
72.6,1.0,2.0
72.61,0.0,1.0
72.62,0.0,1.0
72.63,0.0,4.0
72.64,0.0,1.0
72.64,1.0,1.0
72.66,0.0,3.0
72.67,0.0,1.0
72.68,0.0,2.0
72.69,0.0,2.0
72.69,1.0,1.0
72.7,0.0,3.0
72.7,1.0,1.0
72.71,0.0,2.0
72.71,1.0,2.0
72.72,0.0,2.0
72.72,1.0,2.0
72.73,0.0,2.0
72.74,0.0,3.0
72.75,1.0,1.0
72.76,0.0,1.0
72.76,1.0,1.0
72.77,0.0,4.0
72.78,0.0,1.0
72.79,0.0,2.0
72.79,1.0,1.0
72.8,0.0,4.0
72.81,0.0,2.0
72.82,0.0,1.0
72.82,1.0,1.0
72.83,0.0,2.0
72.84,0.0,3.0
72.86,0.0,3.0
72.87,1.0,2.0
72.88,1.0,1.0
72.89,1.0,1.0
72.9,0.0,4.0
72.91,0.0,1.0
72.92,0.0,1.0
72.92,1.0,1.0
72.93,0.0,1.0
72.94,0.0,1.0
72.95,0.0,3.0
72.95,1.0,2.0
72.96,0.0,2.0
72.96,1.0,1.0
72.97,0.0,1.0
72.98,0.0,1.0
72.98,1.0,1.0
72.99,0.0,1.0
73.0,0.0,4.0
73.0,1.0,1.0
73.02,0.0,4.0
73.03,0.0,1.0
73.04,0.0,1.0
73.04,1.0,2.0
73.05,0.0,2.0
73.05,1.0,1.0
73.06,0.0,1.0
73.06,1.0,1.0
73.07,0.0,5.0
73.07,1.0,2.0
73.08,0.0,1.0
73.09,0.0,2.0
73.09,1.0,1.0
73.1,0.0,1.0
73.11,0.0,3.0
73.11,1.0,1.0
73.12,0.0,3.0
73.13,0.0,3.0
73.14,0.0,1.0
73.14,1.0,2.0
73.16,0.0,1.0
73.17,0.0,2.0
73.18,0.0,1.0
73.19,0.0,1.0
73.19,1.0,1.0
73.2,0.0,1.0
73.2,1.0,1.0
73.21,0.0,1.0
73.21,1.0,1.0
73.22,1.0,1.0
73.23,0.0,2.0
73.23,1.0,1.0
73.24,0.0,1.0
73.25,0.0,3.0
73.26,0.0,1.0
73.27,0.0,4.0
73.27,1.0,1.0
73.28,0.0,1.0
73.28,1.0,2.0
73.3,0.0,1.0
73.31,0.0,4.0
73.31,1.0,2.0
73.32,0.0,1.0
73.33,0.0,2.0
73.35,0.0,1.0
73.35,1.0,1.0
73.36,0.0,1.0
73.37,0.0,1.0
73.38,0.0,1.0
73.38,1.0,1.0
73.39,0.0,1.0
73.39,1.0,1.0
73.4,0.0,2.0
73.42,0.0,4.0
73.42,1.0,1.0
73.43,0.0,2.0
73.43,1.0,1.0
73.44,0.0,3.0
73.44,1.0,1.0
73.45,0.0,1.0
73.46,0.0,1.0
73.47,0.0,3.0
73.48,0.0,2.0
73.48,1.0,1.0
73.49,0.0,2.0
73.5,0.0,2.0
73.51,0.0,2.0
73.52,0.0,1.0
73.52,1.0,4.0
73.53,0.0,3.0
73.54,0.0,2.0
73.54,1.0,1.0
73.55,0.0,2.0
73.55,1.0,1.0
73.57,1.0,1.0
73.58,0.0,1.0
73.59,0.0,2.0
73.6,0.0,2.0
73.61,0.0,3.0
73.63,0.0,2.0
73.63,1.0,2.0
73.64,0.0,2.0
73.64,1.0,1.0
73.66,0.0,2.0
73.67,0.0,3.0
73.68,0.0,1.0
73.69,0.0,1.0
73.69,1.0,1.0
73.7,0.0,3.0
73.71,0.0,1.0
73.72,0.0,2.0
73.72,1.0,1.0
73.73,0.0,2.0
73.74,0.0,1.0
73.75,1.0,1.0
73.76,1.0,1.0
73.77,0.0,2.0
73.77,1.0,1.0
73.78,0.0,1.0
73.79,0.0,2.0
73.8,0.0,2.0
73.81,0.0,3.0
73.82,0.0,1.0
73.82,1.0,1.0
73.83,0.0,4.0
73.85,0.0,3.0
73.86,0.0,4.0
73.87,0.0,1.0
73.87,1.0,1.0
73.88,0.0,1.0
73.88,1.0,2.0
73.89,0.0,4.0
73.89,1.0,2.0
73.9,0.0,1.0
73.91,0.0,1.0
73.92,0.0,1.0
73.93,0.0,1.0
73.94,0.0,2.0
73.95,0.0,1.0
73.96,1.0,1.0
73.97,0.0,2.0
74.0,0.0,1.0
74.01,0.0,3.0
74.02,0.0,1.0
74.04,0.0,3.0
74.04,1.0,1.0
74.06,0.0,2.0
74.07,0.0,1.0
74.09,0.0,4.0
74.1,0.0,2.0
74.12,0.0,1.0
74.12,1.0,1.0
74.13,0.0,2.0
74.14,0.0,2.0
74.15,0.0,2.0
74.16,0.0,2.0
74.17,0.0,1.0
74.17,1.0,2.0
74.18,0.0,1.0
74.19,0.0,1.0
74.2,0.0,1.0
74.21,0.0,1.0
74.22,0.0,2.0
74.23,0.0,1.0
74.24,0.0,2.0
74.26,0.0,1.0
74.27,0.0,1.0
74.28,0.0,1.0
74.29,0.0,2.0
74.29,1.0,1.0
74.3,0.0,2.0
74.31,0.0,1.0
74.31,1.0,2.0
74.32,0.0,1.0
74.32,1.0,1.0
74.33,0.0,1.0
74.34,0.0,4.0
74.35,0.0,1.0
74.36,0.0,1.0
74.37,0.0,1.0
74.39,0.0,2.0
74.41,1.0,1.0
74.42,0.0,1.0
74.46,0.0,2.0
74.48,0.0,3.0
74.48,1.0,1.0
74.49,1.0,1.0
74.51,0.0,2.0
74.52,0.0,1.0
74.52,1.0,1.0
74.53,0.0,1.0
74.55,0.0,2.0
74.56,0.0,2.0
74.57,0.0,1.0
74.57,1.0,1.0
74.59,0.0,2.0
74.6,0.0,2.0
74.62,0.0,2.0
74.64,0.0,2.0
74.65,0.0,1.0
74.66,0.0,1.0
74.68,0.0,2.0
74.69,0.0,2.0
74.7,1.0,1.0
74.71,0.0,1.0
74.73,0.0,1.0
74.74,0.0,2.0
74.75,0.0,1.0
74.76,0.0,2.0
74.77,0.0,1.0
74.78,0.0,2.0
74.78,1.0,1.0
74.79,0.0,2.0
74.79,1.0,1.0
74.8,0.0,3.0
74.81,0.0,1.0
74.82,0.0,2.0
74.83,0.0,2.0
74.86,0.0,1.0
74.87,0.0,1.0
74.87,1.0,1.0
74.91,0.0,1.0
74.92,0.0,4.0
74.93,0.0,1.0
74.93,1.0,1.0
74.94,0.0,1.0
74.95,0.0,1.0
74.96,0.0,2.0
74.97,0.0,1.0
74.99,0.0,2.0
75.0,0.0,1.0
75.01,1.0,1.0
75.06,0.0,1.0
75.08,0.0,3.0
75.08,1.0,1.0
75.09,0.0,2.0
75.1,0.0,1.0
75.11,0.0,1.0
75.13,1.0,1.0
75.15,0.0,2.0
75.15,1.0,1.0
75.16,0.0,1.0
75.19,0.0,1.0
75.23,0.0,1.0
75.24,0.0,1.0
75.28,0.0,1.0
75.3,0.0,1.0
75.31,0.0,1.0
75.33,0.0,1.0
75.34,0.0,2.0
75.36,0.0,1.0
75.37,1.0,1.0
75.38,0.0,1.0
75.39,0.0,1.0
75.42,1.0,1.0
75.44,0.0,1.0
75.45,0.0,1.0
75.46,1.0,1.0
75.48,1.0,1.0
75.49,0.0,2.0
75.49,1.0,1.0
75.52,0.0,1.0
75.53,0.0,1.0
75.55,0.0,1.0
75.56,0.0,1.0
75.59,1.0,1.0
75.6,0.0,1.0
75.6,1.0,1.0
75.62,0.0,1.0
75.64,0.0,1.0
75.64,1.0,1.0
75.66,0.0,2.0
75.7,0.0,1.0
75.72,0.0,1.0
75.73,0.0,1.0
75.74,0.0,1.0
75.75,0.0,2.0
75.78,0.0,2.0
75.79,0.0,1.0
75.8,0.0,1.0
75.83,0.0,1.0
75.86,0.0,1.0
75.89,0.0,1.0
75.89,1.0,1.0
75.9,0.0,1.0
75.91,0.0,1.0
75.92,0.0,2.0
75.95,0.0,1.0
75.99,0.0,1.0
76.0,0.0,1.0
76.01,1.0,1.0
76.03,0.0,1.0
76.04,0.0,2.0
76.06,0.0,1.0
76.07,0.0,1.0
76.08,0.0,2.0
76.1,0.0,1.0
76.11,0.0,2.0
76.12,0.0,1.0
76.17,0.0,1.0
76.24,0.0,1.0
76.26,0.0,1.0
76.27,0.0,2.0
76.28,0.0,1.0
76.29,0.0,1.0
76.37,0.0,1.0
76.41,1.0,1.0
76.43,0.0,1.0
76.47,0.0,1.0
76.48,0.0,1.0
76.5,1.0,1.0
76.51,0.0,1.0
76.53,0.0,2.0
76.54,1.0,1.0
76.56,0.0,1.0
76.66,0.0,2.0
76.67,0.0,1.0
76.69,0.0,2.0
76.72,0.0,1.0
76.75,0.0,1.0
76.85,1.0,1.0
76.86,0.0,1.0
76.92,0.0,1.0
76.96,0.0,1.0
77.01,0.0,1.0
77.05,0.0,1.0
77.16,0.0,1.0
77.3,0.0,1.0
77.4,0.0,1.0
77.54,0.0,1.0
77.55,0.0,1.0
77.57,0.0,1.0
77.59,0.0,1.0
77.61,0.0,1.0
77.69,0.0,1.0
77.79,0.0,1.0
77.88,0.0,1.0
77.95,0.0,1.0
78.1,0.0,1.0
78.46,0.0,1.0

