seq_score,occurence
36.15,1.0
36.66,1.0
37.26,1.0
40.26,1.0
40.45,1.0
40.62,1.0
41.2,1.0
41.51,1.0
42.0,1.0
42.37,1.0
42.82,1.0
43.72,1.0
44.12,1.0
44.19,1.0
44.38,1.0
44.57,1.0
44.87,1.0
44.9,1.0
45.23,1.0
45.35,1.0
45.37,1.0
45.48,1.0
45.61,1.0
45.71,1.0
45.8,1.0
45.85,1.0
46.12,1.0
46.15,1.0
46.3,1.0
46.38,1.0
46.77,1.0
46.84,1.0
46.87,1.0
46.96,1.0
46.97,1.0
47.0,1.0
47.14,1.0
47.15,2.0
47.19,2.0
47.21,1.0
47.27,1.0
47.3,1.0
47.34,1.0
47.41,1.0
47.44,1.0
47.55,1.0
47.6,1.0
47.64,1.0
47.67,1.0
47.68,3.0
47.7,1.0
47.76,1.0
47.77,1.0
47.78,1.0
47.81,2.0
47.83,1.0
47.85,1.0
47.89,1.0
47.94,1.0
48.02,1.0
48.07,1.0
48.1,1.0
48.13,1.0
48.21,3.0
48.26,1.0
48.28,1.0
48.29,2.0
48.35,1.0
48.38,1.0
48.39,2.0
48.4,2.0
48.41,1.0
48.43,1.0
48.44,1.0
48.46,1.0
48.47,2.0
48.5,2.0
48.53,2.0
48.55,1.0
48.56,3.0
48.58,1.0
48.59,1.0
48.61,2.0
48.62,1.0
48.63,1.0
48.64,1.0
48.65,1.0
48.66,2.0
48.68,2.0
48.71,1.0
48.73,1.0
48.76,2.0
48.77,1.0
48.79,1.0
48.83,1.0
48.84,1.0
48.92,2.0
48.94,2.0
48.97,2.0
48.98,1.0
48.99,1.0
49.06,1.0
49.07,2.0
49.09,2.0
49.11,1.0
49.12,1.0
49.13,1.0
49.14,2.0
49.2,2.0
49.22,1.0
49.26,1.0
49.27,2.0
49.31,2.0
49.33,2.0
49.4,2.0
49.41,3.0
49.43,2.0
49.44,2.0
49.47,2.0
49.49,1.0
49.5,2.0
49.51,1.0
49.54,2.0
49.55,1.0
49.58,2.0
49.6,1.0
49.63,3.0
49.64,1.0
49.65,2.0
49.67,2.0
49.68,2.0
49.69,2.0
49.7,1.0
49.71,1.0
49.72,1.0
49.73,1.0
49.74,1.0
49.76,1.0
49.79,2.0
49.8,2.0
49.81,2.0
49.82,1.0
49.83,1.0
49.84,2.0
49.85,1.0
49.87,3.0
49.88,1.0
49.89,1.0
49.92,1.0
49.94,1.0
49.95,1.0
49.96,2.0
49.97,1.0
49.99,2.0
50.0,1.0
50.02,1.0
50.04,1.0
50.06,2.0
50.08,1.0
50.14,1.0
50.15,1.0
50.16,1.0
50.2,2.0
50.22,2.0
50.24,1.0
50.25,2.0
50.26,1.0
50.27,1.0
50.28,1.0
50.3,2.0
50.33,2.0
50.36,2.0
50.37,3.0
50.39,3.0
50.4,2.0
50.41,1.0
50.43,2.0
50.44,1.0
50.47,1.0
50.48,2.0
50.5,2.0
50.52,1.0
50.53,2.0
50.54,1.0
50.56,1.0
50.59,1.0
50.6,1.0
50.61,2.0
50.62,1.0
50.63,1.0
50.64,1.0
50.65,1.0
50.66,2.0
50.67,1.0
50.68,1.0
50.69,1.0
50.7,1.0
50.71,2.0
50.74,1.0
50.75,1.0
50.76,1.0
50.77,2.0
50.78,1.0
50.79,2.0
50.81,1.0
50.82,3.0
50.83,3.0
50.86,3.0
50.87,2.0
50.88,4.0
50.89,3.0
50.91,2.0
50.93,1.0
50.94,2.0
50.97,2.0
51.0,1.0
51.01,1.0
51.02,1.0
51.03,3.0
51.04,1.0
51.05,1.0
51.06,1.0
51.07,1.0
51.08,2.0
51.09,1.0
51.1,1.0
51.11,1.0
51.13,2.0
51.15,1.0
51.16,2.0
51.17,1.0
51.18,2.0
51.2,1.0
51.22,3.0
51.23,3.0
51.24,1.0
51.26,2.0
51.27,1.0
51.28,1.0
51.3,3.0
51.31,3.0
51.32,1.0
51.33,3.0
51.34,4.0
51.35,1.0
51.38,1.0
51.39,1.0
51.4,1.0
51.43,3.0
51.44,1.0
51.46,3.0
51.48,1.0
51.49,1.0
51.51,3.0
51.52,1.0
51.53,2.0
51.55,1.0
51.56,1.0
51.57,1.0
51.58,1.0
51.59,1.0
51.6,2.0
51.61,1.0
51.62,1.0
51.64,1.0
51.65,2.0
51.66,4.0
51.67,5.0
51.69,1.0
51.7,2.0
51.71,3.0
51.74,3.0
51.76,1.0
51.78,1.0
51.8,2.0
51.81,1.0
51.82,1.0
51.83,4.0
51.84,1.0
51.86,2.0
51.88,1.0
51.89,1.0
51.9,1.0
51.92,3.0
51.93,1.0
51.97,2.0
51.98,1.0
52.0,1.0
52.01,5.0
52.02,1.0
52.03,3.0
52.04,1.0
52.06,1.0
52.07,3.0
52.08,1.0
52.09,2.0
52.1,1.0
52.14,2.0
52.15,2.0
52.17,2.0
52.18,1.0
52.19,1.0
52.2,1.0
52.21,3.0
52.22,2.0
52.23,2.0
52.24,2.0
52.25,1.0
52.26,3.0
52.27,2.0
52.28,1.0
52.29,3.0
52.3,3.0
52.32,2.0
52.33,1.0
52.34,3.0
52.35,3.0
52.36,1.0
52.37,2.0
52.38,4.0
52.4,3.0
52.41,2.0
52.42,2.0
52.43,4.0
52.44,1.0
52.45,1.0
52.47,2.0
52.49,1.0
52.5,1.0
52.51,1.0
52.52,3.0
52.53,1.0
52.55,1.0
52.56,3.0
52.57,1.0
52.59,4.0
52.61,3.0
52.62,2.0
52.63,1.0
52.64,2.0
52.65,2.0
52.67,1.0
52.69,4.0
52.7,1.0
52.71,2.0
52.72,3.0
52.73,1.0
52.74,2.0
52.75,1.0
52.76,2.0
52.77,2.0
52.78,4.0
52.79,2.0
52.8,1.0
52.82,1.0
52.84,4.0
52.85,4.0
52.86,1.0
52.87,1.0
52.89,1.0
52.9,3.0
52.91,2.0
52.92,4.0
52.93,1.0
52.94,2.0
52.95,1.0
52.96,1.0
52.97,1.0
52.98,1.0
52.99,1.0
53.0,1.0
53.01,1.0
53.04,6.0
53.07,3.0
53.08,2.0
53.09,5.0
53.1,2.0
53.11,2.0
53.12,2.0
53.15,1.0
53.16,2.0
53.17,1.0
53.18,2.0
53.19,2.0
53.2,3.0
53.21,1.0
53.22,2.0
53.23,2.0
53.24,1.0
53.25,5.0
53.26,1.0
53.27,2.0
53.28,1.0
53.29,2.0
53.3,3.0
53.31,1.0
53.32,1.0
53.33,3.0
53.34,3.0
53.35,1.0
53.36,1.0
53.38,1.0
53.39,2.0
53.4,1.0
53.41,2.0
53.42,2.0
53.44,1.0
53.46,4.0
53.47,1.0
53.48,2.0
53.49,1.0
53.5,2.0
53.51,1.0
53.53,1.0
53.54,2.0
53.55,3.0
53.56,3.0
53.57,3.0
53.59,2.0
53.61,2.0
53.62,3.0
53.65,2.0
53.66,1.0
53.68,1.0
53.69,3.0
53.7,2.0
53.71,3.0
53.73,1.0
53.75,1.0
53.76,2.0
53.77,3.0
53.8,1.0
53.81,1.0
53.82,1.0
53.83,2.0
53.84,3.0
53.85,1.0
53.86,1.0
53.87,1.0
53.88,1.0
53.89,1.0
53.91,2.0
53.92,3.0
53.93,3.0
53.94,1.0
53.95,1.0
53.96,2.0
53.97,1.0
53.98,1.0
54.0,1.0
54.03,2.0
54.04,1.0
54.05,1.0
54.06,1.0
54.1,4.0
54.11,1.0
54.12,1.0
54.13,1.0
54.14,1.0
54.15,1.0
54.16,3.0
54.18,4.0
54.2,3.0
54.22,3.0
54.23,2.0
54.24,3.0
54.26,1.0
54.27,1.0
54.28,1.0
54.29,2.0
54.3,2.0
54.31,1.0
54.32,2.0
54.33,2.0
54.35,6.0
54.36,2.0
54.37,2.0
54.38,1.0
54.39,4.0
54.4,2.0
54.41,1.0
54.42,3.0
54.43,2.0
54.45,4.0
54.47,1.0
54.5,3.0
54.51,1.0
54.52,1.0
54.54,1.0
54.55,2.0
54.56,1.0
54.58,3.0
54.59,2.0
54.6,1.0
54.62,1.0
54.63,2.0
54.64,5.0
54.65,3.0
54.66,2.0
54.67,1.0
54.68,3.0
54.69,1.0
54.7,1.0
54.71,2.0
54.72,1.0
54.73,2.0
54.74,2.0
54.75,2.0
54.77,4.0
54.78,2.0
54.79,2.0
54.8,1.0
54.81,1.0
54.83,2.0
54.85,2.0
54.86,3.0
54.87,4.0
54.88,3.0
54.89,3.0
54.9,3.0
54.91,3.0
54.92,6.0
54.93,1.0
54.95,1.0
54.96,3.0
54.97,1.0
54.98,1.0
54.99,2.0
55.0,2.0
55.02,4.0
55.03,1.0
55.04,4.0
55.05,5.0
55.06,2.0
55.07,3.0
55.08,1.0
55.09,1.0
55.1,1.0
55.11,1.0
55.12,1.0
55.13,1.0
55.14,1.0
55.15,1.0
55.16,4.0
55.17,3.0
55.18,2.0
55.19,2.0
55.2,3.0
55.21,3.0
55.22,2.0
55.23,1.0
55.24,3.0
55.25,4.0
55.26,3.0
55.27,2.0
55.28,2.0
55.29,7.0
55.3,4.0
55.31,2.0
55.32,3.0
55.33,1.0
55.34,4.0
55.35,5.0
55.37,3.0
55.38,2.0
55.39,4.0
55.4,1.0
55.41,2.0
55.42,2.0
55.43,4.0
55.44,2.0
55.45,3.0
55.46,1.0
55.47,3.0
55.48,2.0
55.49,3.0
55.5,2.0
55.51,1.0
55.52,3.0
55.53,2.0
55.54,2.0
55.55,2.0
55.56,5.0
55.57,3.0
55.58,1.0
55.59,2.0
55.6,4.0
55.61,1.0
55.62,3.0
55.63,2.0
55.64,5.0
55.65,1.0
55.66,2.0
55.68,3.0
55.7,2.0
55.71,1.0
55.72,4.0
55.73,2.0
55.74,1.0
55.75,2.0
55.76,2.0
55.77,1.0
55.78,2.0
55.79,3.0
55.81,1.0
55.82,1.0
55.83,8.0
55.84,2.0
55.85,2.0
55.86,2.0
55.87,1.0
55.88,2.0
55.89,4.0
55.9,1.0
55.92,2.0
55.93,1.0
55.94,4.0
55.95,3.0
55.96,4.0
55.97,2.0
55.98,2.0
55.99,1.0
56.0,2.0
56.01,2.0
56.02,2.0
56.04,4.0
56.05,2.0
56.07,1.0
56.08,3.0
56.09,5.0
56.1,4.0
56.11,2.0
56.12,5.0
56.13,5.0
56.14,4.0
56.15,3.0
56.16,2.0
56.17,2.0
56.18,3.0
56.19,1.0
56.2,3.0
56.21,6.0
56.22,7.0
56.24,1.0
56.25,2.0
56.26,1.0
56.27,4.0
56.28,5.0
56.29,5.0
56.31,2.0
56.33,1.0
56.34,3.0
56.35,1.0
56.36,3.0
56.38,4.0
56.39,4.0
56.4,5.0
56.41,6.0
56.42,2.0
56.43,2.0
56.44,3.0
56.45,3.0
56.46,4.0
56.48,2.0
56.49,4.0
56.5,3.0
56.51,5.0
56.52,1.0
56.54,4.0
56.55,2.0
56.56,7.0
56.57,4.0
56.58,8.0
56.59,4.0
56.6,1.0
56.61,2.0
56.62,2.0
56.63,4.0
56.64,1.0
56.65,3.0
56.66,2.0
56.67,4.0
56.68,2.0
56.69,2.0
56.7,3.0
56.71,3.0
56.72,3.0
56.73,4.0
56.74,2.0
56.75,3.0
56.76,3.0
56.77,4.0
56.78,1.0
56.79,3.0
56.8,7.0
56.81,2.0
56.83,6.0
56.84,2.0
56.85,2.0
56.86,6.0
56.87,3.0
56.88,1.0
56.89,2.0
56.9,3.0
56.91,3.0
56.92,1.0
56.93,2.0
56.94,4.0
56.95,4.0
56.96,2.0
56.97,2.0
56.98,4.0
56.99,3.0
57.0,6.0
57.01,1.0
57.02,5.0
57.03,5.0
57.04,1.0
57.05,4.0
57.06,5.0
57.07,1.0
57.08,2.0
57.09,4.0
57.1,3.0
57.11,4.0
57.12,5.0
57.13,2.0
57.14,2.0
57.15,1.0
57.16,3.0
57.17,2.0
57.18,2.0
57.19,3.0
57.2,1.0
57.21,6.0
57.22,3.0
57.23,4.0
57.24,3.0
57.25,3.0
57.26,1.0
57.27,2.0
57.28,3.0
57.29,6.0
57.3,6.0
57.31,7.0
57.32,3.0
57.33,1.0
57.34,4.0
57.35,4.0
57.36,2.0
57.37,6.0
57.38,3.0
57.39,7.0
57.4,4.0
57.41,4.0
57.42,4.0
57.43,2.0
57.44,2.0
57.45,2.0
57.46,4.0
57.47,8.0
57.48,3.0
57.49,3.0
57.5,5.0
57.51,4.0
57.52,9.0
57.53,1.0
57.54,5.0
57.55,5.0
57.56,2.0
57.57,4.0
57.58,8.0
57.59,2.0
57.6,2.0
57.61,2.0
57.62,3.0
57.63,5.0
57.64,2.0
57.65,6.0
57.66,5.0
57.67,2.0
57.68,5.0
57.69,3.0
57.7,5.0
57.71,4.0
57.72,3.0
57.73,3.0
57.74,2.0
57.75,3.0
57.76,5.0
57.77,3.0
57.78,4.0
57.79,3.0
57.8,4.0
57.81,4.0
57.82,4.0
57.83,3.0
57.84,3.0
57.85,3.0
57.86,5.0
57.87,3.0
57.88,5.0
57.89,6.0
57.9,4.0
57.91,3.0
57.92,4.0
57.93,6.0
57.94,5.0
57.95,4.0
57.96,4.0
57.97,7.0
57.98,4.0
57.99,1.0
58.0,5.0
58.01,3.0
58.02,5.0
58.03,3.0
58.04,3.0
58.05,6.0
58.06,3.0
58.07,3.0
58.08,8.0
58.09,5.0
58.11,5.0
58.12,7.0
58.13,2.0
58.14,2.0
58.15,4.0
58.16,6.0
58.17,5.0
58.18,4.0
58.19,1.0
58.2,6.0
58.21,3.0
58.22,5.0
58.23,3.0
58.24,2.0
58.25,3.0
58.26,9.0
58.27,6.0
58.28,7.0
58.29,7.0
58.3,6.0
58.31,3.0
58.32,3.0
58.33,5.0
58.34,6.0
58.35,6.0
58.36,5.0
58.37,3.0
58.38,3.0
58.39,5.0
58.4,5.0
58.41,10.0
58.42,4.0
58.43,8.0
58.44,7.0
58.45,7.0
58.46,1.0
58.47,5.0
58.48,6.0
58.49,1.0
58.5,6.0
58.51,4.0
58.52,7.0
58.53,5.0
58.54,3.0
58.55,4.0
58.56,6.0
58.57,5.0
58.58,3.0
58.59,2.0
58.6,2.0
58.61,3.0
58.62,4.0
58.63,5.0
58.64,9.0
58.65,3.0
58.66,5.0
58.67,6.0
58.68,6.0
58.69,4.0
58.7,3.0
58.71,4.0
58.72,5.0
58.73,5.0
58.74,2.0
58.75,5.0
58.76,4.0
58.77,2.0
58.78,8.0
58.79,3.0
58.8,7.0
58.81,5.0
58.82,3.0
58.83,7.0
58.84,5.0
58.85,4.0
58.86,3.0
58.87,8.0
58.88,5.0
58.89,6.0
58.9,4.0
58.91,2.0
58.92,3.0
58.93,3.0
58.94,9.0
58.95,8.0
58.96,2.0
58.97,8.0
58.98,1.0
58.99,5.0
59.0,5.0
59.01,6.0
59.02,3.0
59.03,5.0
59.04,4.0
59.05,7.0
59.06,8.0
59.07,8.0
59.08,8.0
59.09,5.0
59.1,5.0
59.11,7.0
59.12,7.0
59.13,6.0
59.14,10.0
59.15,8.0
59.16,5.0
59.17,6.0
59.18,2.0
59.19,12.0
59.2,3.0
59.21,2.0
59.22,3.0
59.23,6.0
59.24,4.0
59.25,9.0
59.26,7.0
59.27,8.0
59.28,5.0
59.29,2.0
59.3,4.0
59.31,8.0
59.32,7.0
59.33,8.0
59.34,7.0
59.35,7.0
59.36,8.0
59.37,3.0
59.38,9.0
59.39,9.0
59.4,4.0
59.41,8.0
59.42,7.0
59.43,8.0
59.44,5.0
59.45,8.0
59.46,9.0
59.47,6.0
59.48,10.0
59.49,9.0
59.5,9.0
59.51,6.0
59.52,5.0
59.53,10.0
59.54,7.0
59.55,5.0
59.56,4.0
59.57,9.0
59.58,9.0
59.59,12.0
59.6,6.0
59.61,3.0
59.62,2.0
59.63,9.0
59.64,4.0
59.65,4.0
59.66,9.0
59.67,7.0
59.68,5.0
59.69,8.0
59.7,5.0
59.71,9.0
59.72,6.0
59.73,3.0
59.74,5.0
59.75,7.0
59.76,9.0
59.77,2.0
59.78,11.0
59.79,6.0
59.8,12.0
59.81,6.0
59.82,9.0
59.83,7.0
59.84,7.0
59.85,3.0
59.86,11.0
59.87,9.0
59.88,8.0
59.89,4.0
59.9,6.0
59.91,6.0
59.92,8.0
59.93,8.0
59.94,6.0
59.95,7.0
59.96,11.0
59.97,8.0
59.98,10.0
59.99,8.0
60.0,10.0
60.01,7.0
60.02,6.0
60.03,11.0
60.04,13.0
60.05,5.0
60.06,7.0
60.07,4.0
60.08,7.0
60.09,4.0
60.1,9.0
60.11,10.0
60.12,5.0
60.13,7.0
60.14,8.0
60.15,12.0
60.16,9.0
60.17,1.0
60.18,9.0
60.19,8.0
60.2,6.0
60.21,10.0
60.22,5.0
60.23,10.0
60.24,3.0
60.25,4.0
60.26,8.0
60.27,13.0
60.28,12.0
60.29,4.0
60.3,6.0
60.31,11.0
60.32,8.0
60.33,8.0
60.34,7.0
60.35,7.0
60.36,7.0
60.37,11.0
60.38,8.0
60.39,4.0
60.4,5.0
60.41,7.0
60.42,8.0
60.43,11.0
60.44,7.0
60.45,7.0
60.46,11.0
60.47,9.0
60.48,1.0
60.49,13.0
60.5,9.0
60.51,8.0
60.52,7.0
60.53,14.0
60.54,8.0
60.55,8.0
60.56,2.0
60.57,11.0
60.58,9.0
60.59,6.0
60.6,10.0
60.61,7.0
60.62,2.0
60.63,10.0
60.64,8.0
60.65,4.0
60.66,10.0
60.67,8.0
60.68,10.0
60.69,10.0
60.7,16.0
60.71,13.0
60.72,12.0
60.73,7.0
60.74,6.0
60.75,12.0
60.76,7.0
60.77,9.0
60.78,7.0
60.79,7.0
60.8,8.0
60.81,9.0
60.82,8.0
60.83,9.0
60.84,6.0
60.85,9.0
60.86,13.0
60.87,6.0
60.88,9.0
60.89,7.0
60.9,7.0
60.91,9.0
60.92,12.0
60.93,12.0
60.94,8.0
60.95,15.0
60.96,10.0
60.97,10.0
60.98,10.0
60.99,14.0
61.0,12.0
61.01,9.0
61.02,11.0
61.03,14.0
61.04,12.0
61.05,12.0
61.06,3.0
61.07,12.0
61.08,15.0
61.09,12.0
61.1,7.0
61.11,13.0
61.12,11.0
61.13,12.0
61.14,13.0
61.15,11.0
61.16,9.0
61.17,10.0
61.18,13.0
61.19,18.0
61.2,10.0
61.21,6.0
61.22,11.0
61.23,15.0
61.24,8.0
61.25,10.0
61.26,13.0
61.27,12.0
61.28,10.0
61.29,12.0
61.3,7.0
61.31,12.0
61.32,6.0
61.33,16.0
61.34,13.0
61.35,10.0
61.36,13.0
61.37,8.0
61.38,12.0
61.39,16.0
61.4,11.0
61.41,13.0
61.42,10.0
61.43,10.0
61.44,14.0
61.45,7.0
61.46,9.0
61.47,9.0
61.48,9.0
61.49,12.0
61.5,12.0
61.51,14.0
61.52,10.0
61.53,12.0
61.54,13.0
61.55,17.0
61.56,12.0
61.57,10.0
61.58,9.0
61.59,10.0
61.6,8.0
61.61,16.0
61.62,8.0
61.63,15.0
61.64,11.0
61.65,12.0
61.66,12.0
61.67,12.0
61.68,13.0
61.69,19.0
61.7,5.0
61.71,10.0
61.72,14.0
61.73,11.0
61.74,10.0
61.75,17.0
61.76,19.0
61.77,16.0
61.78,15.0
61.79,24.0
61.8,15.0
61.81,12.0
61.82,10.0
61.83,11.0
61.84,14.0
61.85,9.0
61.86,13.0
61.87,10.0
61.88,13.0
61.89,17.0
61.9,15.0
61.91,16.0
61.92,7.0
61.93,10.0
61.94,21.0
61.95,8.0
61.96,10.0
61.97,13.0
61.98,9.0
61.99,22.0
62.0,14.0
62.01,13.0
62.02,13.0
62.03,14.0
62.04,17.0
62.05,11.0
62.06,17.0
62.07,11.0
62.08,14.0
62.09,19.0
62.1,8.0
62.11,9.0
62.12,12.0
62.13,12.0
62.14,12.0
62.15,10.0
62.16,14.0
62.17,13.0
62.18,15.0
62.19,13.0
62.2,11.0
62.21,16.0
62.22,7.0
62.23,11.0
62.24,8.0
62.25,12.0
62.26,14.0
62.27,15.0
62.28,19.0
62.29,14.0
62.3,14.0
62.31,11.0
62.32,2.0
62.33,12.0
62.34,11.0
62.35,17.0
62.36,17.0
62.37,15.0
62.38,11.0
62.39,19.0
62.4,10.0
62.41,17.0
62.42,12.0
62.43,14.0
62.44,13.0
62.45,9.0
62.46,11.0
62.47,20.0
62.48,21.0
62.49,10.0
62.5,15.0
62.51,15.0
62.52,16.0
62.53,19.0
62.54,12.0
62.55,15.0
62.56,18.0
62.57,17.0
62.58,13.0
62.59,14.0
62.6,18.0
62.61,19.0
62.62,9.0
62.63,13.0
62.64,12.0
62.65,14.0
62.66,13.0
62.67,20.0
62.68,18.0
62.69,11.0
62.7,16.0
62.71,8.0
62.72,14.0
62.73,17.0
62.74,16.0
62.75,12.0
62.76,19.0
62.77,11.0
62.78,17.0
62.79,11.0
62.8,13.0
62.81,14.0
62.82,15.0
62.83,12.0
62.84,14.0
62.85,12.0
62.86,13.0
62.87,15.0
62.88,18.0
62.89,20.0
62.9,16.0
62.91,15.0
62.92,15.0
62.93,16.0
62.94,10.0
62.95,9.0
62.96,16.0
62.97,15.0
62.98,8.0
62.99,18.0
63.0,18.0
63.01,11.0
63.02,11.0
63.03,9.0
63.04,11.0
63.05,13.0
63.06,9.0
63.07,14.0
63.08,15.0
63.09,8.0
63.1,8.0
63.11,4.0
63.12,14.0
63.13,9.0
63.14,10.0
63.15,14.0
63.16,15.0
63.17,12.0
63.18,20.0
63.19,13.0
63.2,12.0
63.21,17.0
63.22,11.0
63.23,13.0
63.24,15.0
63.25,16.0
63.26,14.0
63.27,7.0
63.28,5.0
63.29,6.0
63.3,11.0
63.31,14.0
63.32,5.0
63.33,13.0
63.34,8.0
63.35,14.0
63.36,11.0
63.37,10.0
63.38,16.0
63.39,18.0
63.4,13.0
63.41,13.0
63.42,12.0
63.43,12.0
63.44,17.0
63.45,13.0
63.46,11.0
63.47,6.0
63.48,9.0
63.49,19.0
63.5,14.0
63.51,5.0
63.52,6.0
63.53,15.0
63.54,10.0
63.55,12.0
63.56,8.0
63.57,15.0
63.58,12.0
63.59,17.0
63.6,8.0
63.61,5.0
63.62,6.0
63.63,13.0
63.64,12.0
63.65,17.0
63.66,17.0
63.67,16.0
63.68,7.0
63.69,9.0
63.7,14.0
63.71,11.0
63.72,12.0
63.73,9.0
63.74,12.0
63.75,13.0
63.76,13.0
63.77,16.0
63.78,12.0
63.79,8.0
63.8,10.0
63.81,17.0
63.82,11.0
63.83,10.0
63.84,13.0
63.85,16.0
63.86,13.0
63.87,9.0
63.88,9.0
63.89,6.0
63.9,18.0
63.91,9.0
63.92,11.0
63.93,8.0
63.94,10.0
63.95,13.0
63.96,12.0
63.97,12.0
63.98,15.0
63.99,13.0
64.0,9.0
64.01,12.0
64.02,13.0
64.03,15.0
64.04,9.0
64.05,10.0
64.06,8.0
64.07,10.0
64.08,16.0
64.09,12.0
64.1,9.0
64.11,16.0
64.12,10.0
64.13,6.0
64.14,12.0
64.15,12.0
64.16,18.0
64.17,5.0
64.18,15.0
64.19,16.0
64.2,13.0
64.21,16.0
64.22,18.0
64.23,12.0
64.24,10.0
64.25,11.0
64.26,7.0
64.27,8.0
64.28,12.0
64.29,15.0
64.3,12.0
64.31,12.0
64.32,15.0
64.33,16.0
64.34,13.0
64.35,14.0
64.36,10.0
64.37,13.0
64.38,14.0
64.39,10.0
64.4,12.0
64.41,13.0
64.42,14.0
64.43,8.0
64.44,7.0
64.45,7.0
64.46,8.0
64.47,9.0
64.48,7.0
64.49,11.0
64.5,15.0
64.51,11.0
64.52,12.0
64.53,16.0
64.54,12.0
64.55,14.0
64.56,9.0
64.57,11.0
64.58,11.0
64.59,9.0
64.6,9.0
64.61,13.0
64.62,11.0
64.63,13.0
64.64,8.0
64.65,8.0
64.66,8.0
64.67,9.0
64.68,10.0
64.69,16.0
64.7,11.0
64.71,13.0
64.72,11.0
64.73,12.0
64.74,10.0
64.75,16.0
64.76,10.0
64.77,8.0
64.78,14.0
64.79,10.0
64.8,12.0
64.81,12.0
64.82,17.0
64.83,16.0
64.84,15.0
64.85,12.0
64.86,13.0
64.87,11.0
64.88,9.0
64.89,11.0
64.9,17.0
64.91,7.0
64.92,8.0
64.93,9.0
64.94,17.0
64.95,10.0
64.96,9.0
64.97,12.0
64.98,13.0
64.99,14.0
65.0,13.0
65.01,16.0
65.02,10.0
65.03,4.0
65.04,7.0
65.05,6.0
65.06,15.0
65.07,14.0
65.08,12.0
65.09,12.0
65.1,8.0
65.11,10.0
65.12,11.0
65.13,12.0
65.14,17.0
65.15,11.0
65.16,11.0
65.17,10.0
65.18,5.0
65.19,12.0
65.2,15.0
65.21,16.0
65.22,8.0
65.23,8.0
65.24,12.0
65.25,13.0
65.26,9.0
65.27,7.0
65.28,8.0
65.29,16.0
65.3,12.0
65.31,5.0
65.32,15.0
65.33,12.0
65.34,9.0
65.35,13.0
65.36,17.0
65.37,14.0
65.38,11.0
65.39,14.0
65.4,11.0
65.41,13.0
65.42,14.0
65.43,13.0
65.44,12.0
65.45,9.0
65.46,14.0
65.47,9.0
65.48,9.0
65.49,9.0
65.5,21.0
65.51,10.0
65.52,4.0
65.53,8.0
65.54,20.0
65.55,15.0
65.56,20.0
65.57,16.0
65.58,13.0
65.59,10.0
65.6,13.0
65.61,16.0
65.62,13.0
65.63,19.0
65.64,8.0
65.65,10.0
65.66,11.0
65.67,12.0
65.68,12.0
65.69,10.0
65.7,14.0
65.71,14.0
65.72,14.0
65.73,10.0
65.74,7.0
65.75,12.0
65.76,7.0
65.77,16.0
65.78,16.0
65.79,12.0
65.8,13.0
65.81,16.0
65.82,15.0
65.83,15.0
65.84,13.0
65.85,3.0
65.86,8.0
65.87,11.0
65.88,11.0
65.89,10.0
65.9,9.0
65.91,10.0
65.92,14.0
65.93,9.0
65.94,12.0
65.95,10.0
65.96,9.0
65.97,12.0
65.98,14.0
65.99,12.0
66.0,16.0
66.01,8.0
66.02,16.0
66.03,16.0
66.04,6.0
66.05,10.0
66.06,20.0
66.07,12.0
66.08,17.0
66.09,10.0
66.1,9.0
66.11,5.0
66.12,9.0
66.13,12.0
66.14,12.0
66.15,14.0
66.16,15.0
66.17,15.0
66.18,10.0
66.19,12.0
66.2,8.0
66.21,4.0
66.22,16.0
66.23,11.0
66.24,11.0
66.25,13.0
66.26,9.0
66.27,13.0
66.28,16.0
66.29,15.0
66.3,8.0
66.31,13.0
66.32,16.0
66.33,12.0
66.34,8.0
66.35,10.0
66.36,12.0
66.37,12.0
66.38,6.0
66.39,10.0
66.4,9.0
66.41,15.0
66.42,11.0
66.43,19.0
66.44,13.0
66.45,11.0
66.46,8.0
66.47,15.0
66.48,15.0
66.49,15.0
66.5,16.0
66.51,9.0
66.52,15.0
66.53,15.0
66.54,10.0
66.55,17.0
66.56,21.0
66.57,14.0
66.58,15.0
66.59,11.0
66.6,8.0
66.61,14.0
66.62,14.0
66.63,14.0
66.64,13.0
66.65,16.0
66.66,10.0
66.67,16.0
66.68,14.0
66.69,13.0
66.7,13.0
66.71,17.0
66.72,11.0
66.73,10.0
66.74,18.0
66.75,16.0
66.76,8.0
66.77,9.0
66.78,10.0
66.79,13.0
66.8,12.0
66.81,12.0
66.82,13.0
66.83,11.0
66.84,7.0
66.85,13.0
66.86,10.0
66.87,18.0
66.88,11.0
66.89,7.0
66.9,16.0
66.91,6.0
66.92,15.0
66.93,12.0
66.94,10.0
66.95,11.0
66.96,13.0
66.97,13.0
66.98,8.0
66.99,8.0
67.0,22.0
67.01,8.0
67.02,6.0
67.03,12.0
67.04,9.0
67.05,12.0
67.06,14.0
67.07,8.0
67.08,11.0
67.09,14.0
67.1,2.0
67.11,8.0
67.12,14.0
67.13,13.0
67.14,21.0
67.15,13.0
67.16,14.0
67.17,7.0
67.18,9.0
67.19,15.0
67.2,13.0
67.21,7.0
67.22,15.0
67.23,8.0
67.24,11.0
67.25,14.0
67.26,11.0
67.27,10.0
67.28,6.0
67.29,16.0
67.3,13.0
67.31,6.0
67.32,17.0
67.33,15.0
67.34,10.0
67.35,12.0
67.36,15.0
67.37,11.0
67.38,20.0
67.39,9.0
67.4,12.0
67.41,12.0
67.42,10.0
67.43,14.0
67.44,8.0
67.45,8.0
67.46,8.0
67.47,8.0
67.48,10.0
67.49,11.0
67.5,12.0
67.51,12.0
67.52,16.0
67.53,12.0
67.54,12.0
67.55,6.0
67.56,14.0
67.57,9.0
67.58,7.0
67.59,9.0
67.6,11.0
67.61,17.0
67.62,12.0
67.63,8.0
67.64,9.0
67.65,9.0
67.66,14.0
67.67,14.0
67.68,9.0
67.69,15.0
67.7,15.0
67.71,12.0
67.72,13.0
67.73,15.0
67.74,12.0
67.75,12.0
67.76,8.0
67.77,11.0
67.78,16.0
67.79,9.0
67.8,9.0
67.81,9.0
67.82,15.0
67.83,16.0
67.84,13.0
67.85,16.0
67.86,15.0
67.87,12.0
67.88,11.0
67.89,8.0
67.9,10.0
67.91,10.0
67.92,9.0
67.93,17.0
67.94,13.0
67.95,10.0
67.96,13.0
67.97,15.0
67.98,16.0
67.99,5.0
68.0,16.0
68.01,11.0
68.02,12.0
68.03,7.0
68.04,13.0
68.05,10.0
68.06,11.0
68.07,14.0
68.08,13.0
68.09,11.0
68.1,11.0
68.11,18.0
68.12,10.0
68.13,13.0
68.14,15.0
68.15,9.0
68.16,14.0
68.17,11.0
68.18,9.0
68.19,14.0
68.2,6.0
68.21,13.0
68.22,11.0
68.23,10.0
68.24,7.0
68.25,17.0
68.26,11.0
68.27,15.0
68.28,6.0
68.29,8.0
68.3,7.0
68.31,22.0
68.32,13.0
68.33,23.0
68.34,12.0
68.35,12.0
68.36,14.0
68.37,10.0
68.38,11.0
68.39,8.0
68.4,16.0
68.41,6.0
68.42,12.0
68.43,10.0
68.44,18.0
68.45,11.0
68.46,13.0
68.47,9.0
68.48,8.0
68.49,12.0
68.5,12.0
68.51,7.0
68.52,11.0
68.53,21.0
68.54,16.0
68.55,13.0
68.56,10.0
68.57,7.0
68.58,8.0
68.59,13.0
68.6,8.0
68.61,12.0
68.62,14.0
68.63,12.0
68.64,10.0
68.65,5.0
68.66,10.0
68.67,14.0
68.68,6.0
68.69,12.0
68.7,11.0
68.71,9.0
68.72,9.0
68.73,12.0
68.74,12.0
68.75,10.0
68.76,11.0
68.77,10.0
68.78,8.0
68.79,6.0
68.8,7.0
68.81,7.0
68.82,10.0
68.83,9.0
68.84,7.0
68.85,9.0
68.86,11.0
68.87,7.0
68.88,13.0
68.89,6.0
68.9,12.0
68.91,5.0
68.92,7.0
68.93,9.0
68.94,16.0
68.95,7.0
68.96,15.0
68.97,9.0
68.98,12.0
68.99,10.0
69.0,6.0
69.01,12.0
69.02,10.0
69.03,12.0
69.04,7.0
69.05,11.0
69.06,17.0
69.07,14.0
69.08,14.0
69.09,9.0
69.1,8.0
69.11,8.0
69.12,8.0
69.13,10.0
69.14,26.0
69.15,11.0
69.16,17.0
69.17,15.0
69.18,12.0
69.19,13.0
69.2,10.0
69.21,5.0
69.22,16.0
69.23,14.0
69.24,11.0
69.25,10.0
69.26,14.0
69.27,11.0
69.28,11.0
69.29,11.0
69.3,13.0
69.31,12.0
69.32,11.0
69.33,11.0
69.34,8.0
69.35,9.0
69.36,11.0
69.37,17.0
69.38,11.0
69.39,5.0
69.4,13.0
69.41,13.0
69.42,15.0
69.43,9.0
69.44,12.0
69.45,10.0
69.46,10.0
69.47,18.0
69.48,10.0
69.49,13.0
69.5,11.0
69.51,9.0
69.52,8.0
69.53,17.0
69.54,14.0
69.55,14.0
69.56,15.0
69.57,10.0
69.58,5.0
69.59,14.0
69.6,8.0
69.61,7.0
69.62,15.0
69.63,7.0
69.64,10.0
69.65,5.0
69.66,7.0
69.67,4.0
69.68,9.0
69.69,11.0
69.7,11.0
69.71,5.0
69.72,14.0
69.73,9.0
69.74,15.0
69.75,10.0
69.76,6.0
69.77,10.0
69.78,13.0
69.79,9.0
69.8,13.0
69.81,16.0
69.82,8.0
69.83,14.0
69.84,12.0
69.85,9.0
69.86,6.0
69.87,5.0
69.88,10.0
69.89,11.0
69.9,11.0
69.91,9.0
69.92,12.0
69.93,12.0
69.94,13.0
69.95,10.0
69.96,11.0
69.97,16.0
69.98,8.0
69.99,9.0
70.0,7.0
70.01,10.0
70.02,10.0
70.03,13.0
70.04,6.0
70.05,9.0
70.06,8.0
70.07,12.0
70.08,9.0
70.09,5.0
70.1,13.0
70.11,11.0
70.12,9.0
70.13,9.0
70.14,8.0
70.15,12.0
70.16,10.0
70.17,13.0
70.18,9.0
70.19,10.0
70.2,11.0
70.21,8.0
70.22,12.0
70.23,12.0
70.24,13.0
70.25,14.0
70.26,10.0
70.27,16.0
70.28,12.0
70.29,9.0
70.3,14.0
70.31,8.0
70.32,14.0
70.33,8.0
70.34,9.0
70.35,5.0
70.36,10.0
70.37,12.0
70.38,15.0
70.39,8.0
70.4,11.0
70.41,16.0
70.42,10.0
70.43,7.0
70.44,13.0
70.45,3.0
70.46,11.0
70.47,8.0
70.48,15.0
70.49,13.0
70.5,11.0
70.51,8.0
70.52,12.0
70.53,15.0
70.54,6.0
70.55,15.0
70.56,21.0
70.57,8.0
70.58,11.0
70.59,5.0
70.6,4.0
70.61,10.0
70.62,8.0
70.63,14.0
70.64,13.0
70.65,9.0
70.66,16.0
70.67,11.0
70.68,8.0
70.69,8.0
70.7,9.0
70.71,9.0
70.72,5.0
70.73,8.0
70.74,9.0
70.75,16.0
70.76,6.0
70.77,6.0
70.78,18.0
70.79,8.0
70.8,5.0
70.81,9.0
70.82,8.0
70.83,16.0
70.84,7.0
70.85,5.0
70.86,13.0
70.87,5.0
70.88,10.0
70.89,10.0
70.9,9.0
70.91,6.0
70.92,11.0
70.93,8.0
70.94,5.0
70.95,3.0
70.96,5.0
70.97,12.0
70.98,8.0
70.99,12.0
71.0,9.0
71.01,6.0
71.02,4.0
71.03,7.0
71.04,7.0
71.05,14.0
71.06,10.0
71.07,4.0
71.08,9.0
71.09,11.0
71.1,4.0
71.11,7.0
71.12,9.0
71.13,9.0
71.14,17.0
71.15,7.0
71.16,10.0
71.17,13.0
71.18,13.0
71.19,8.0
71.2,7.0
71.21,8.0
71.22,9.0
71.23,8.0
71.24,9.0
71.25,13.0
71.26,3.0
71.27,7.0
71.28,11.0
71.29,13.0
71.3,8.0
71.31,11.0
71.32,9.0
71.33,10.0
71.34,8.0
71.35,8.0
71.36,12.0
71.37,5.0
71.38,5.0
71.39,9.0
71.4,9.0
71.41,3.0
71.42,7.0
71.43,4.0
71.44,12.0
71.45,6.0
71.46,8.0
71.47,3.0
71.48,8.0
71.49,13.0
71.5,14.0
71.51,9.0
71.52,11.0
71.53,9.0
71.54,7.0
71.55,5.0
71.56,7.0
71.57,9.0
71.58,9.0
71.59,4.0
71.6,7.0
71.61,17.0
71.62,5.0
71.63,11.0
71.64,5.0
71.65,12.0
71.66,5.0
71.67,5.0
71.68,8.0
71.69,10.0
71.7,3.0
71.71,5.0
71.72,5.0
71.73,13.0
71.74,9.0
71.75,12.0
71.76,4.0
71.77,4.0
71.78,3.0
71.79,7.0
71.8,5.0
71.81,9.0
71.82,5.0
71.83,5.0
71.84,8.0
71.85,10.0
71.86,4.0
71.87,5.0
71.88,5.0
71.89,7.0
71.9,6.0
71.91,5.0
71.92,8.0
71.93,7.0
71.94,8.0
71.95,7.0
71.96,7.0
71.97,12.0
71.98,8.0
71.99,9.0
72.0,6.0
72.01,9.0
72.02,5.0
72.03,3.0
72.04,6.0
72.05,4.0
72.06,6.0
72.07,8.0
72.08,6.0
72.09,5.0
72.1,8.0
72.11,8.0
72.12,4.0
72.13,6.0
72.14,9.0
72.15,5.0
72.16,3.0
72.17,9.0
72.18,9.0
72.19,4.0
72.2,6.0
72.21,7.0
72.22,15.0
72.23,9.0
72.24,4.0
72.25,4.0
72.26,8.0
72.27,5.0
72.28,5.0
72.29,7.0
72.3,6.0
72.31,13.0
72.32,9.0
72.33,10.0
72.34,10.0
72.35,4.0
72.36,12.0
72.37,8.0
72.38,9.0
72.39,14.0
72.4,7.0
72.41,5.0
72.42,6.0
72.43,11.0
72.44,6.0
72.45,8.0
72.46,10.0
72.47,7.0
72.48,3.0
72.49,6.0
72.5,7.0
72.51,5.0
72.52,5.0
72.53,7.0
72.54,7.0
72.55,8.0
72.56,6.0
72.57,5.0
72.58,6.0
72.59,5.0
72.6,8.0
72.61,8.0
72.62,3.0
72.63,7.0
72.64,7.0
72.65,7.0
72.66,4.0
72.67,4.0
72.68,5.0
72.69,10.0
72.7,7.0
72.71,7.0
72.72,7.0
72.73,9.0
72.74,2.0
72.75,9.0
72.76,12.0
72.77,8.0
72.78,9.0
72.79,6.0
72.8,4.0
72.81,6.0
72.82,2.0
72.83,8.0
72.84,5.0
72.85,5.0
72.86,6.0
72.87,7.0
72.88,7.0
72.89,10.0
72.9,3.0
72.91,4.0
72.92,8.0
72.93,3.0
72.94,9.0
72.95,12.0
72.96,5.0
72.97,7.0
72.98,7.0
72.99,5.0
73.0,9.0
73.01,5.0
73.02,4.0
73.03,4.0
73.04,4.0
73.05,6.0
73.06,3.0
73.07,6.0
73.08,6.0
73.09,2.0
73.1,7.0
73.11,7.0
73.12,6.0
73.13,5.0
73.14,2.0
73.15,3.0
73.16,5.0
73.17,8.0
73.18,3.0
73.19,12.0
73.2,5.0
73.21,3.0
73.22,10.0
73.23,2.0
73.24,5.0
73.25,2.0
73.26,5.0
73.27,4.0
73.28,11.0
73.29,7.0
73.3,3.0
73.31,5.0
73.32,3.0
73.33,6.0
73.34,5.0
73.35,4.0
73.36,5.0
73.37,3.0
73.38,6.0
73.39,5.0
73.4,2.0
73.41,5.0
73.42,3.0
73.43,4.0
73.44,4.0
73.45,1.0
73.46,2.0
73.47,3.0
73.48,5.0
73.49,2.0
73.5,3.0
73.51,4.0
73.52,8.0
73.53,11.0
73.54,7.0
73.55,4.0
73.56,7.0
73.57,6.0
73.58,3.0
73.59,10.0
73.6,4.0
73.61,10.0
73.62,3.0
73.63,1.0
73.64,7.0
73.65,3.0
73.66,5.0
73.67,6.0
73.68,4.0
73.69,4.0
73.7,1.0
73.71,5.0
73.72,1.0
73.73,3.0
73.74,2.0
73.75,2.0
73.76,5.0
73.77,2.0
73.78,5.0
73.79,5.0
73.8,4.0
73.81,6.0
73.82,5.0
73.83,3.0
73.84,8.0
73.85,4.0
73.86,13.0
73.87,1.0
73.88,8.0
73.89,2.0
73.9,3.0
73.91,3.0
73.92,2.0
73.93,4.0
73.94,3.0
73.95,2.0
73.96,2.0
73.97,3.0
73.98,4.0
73.99,4.0
74.0,8.0
74.01,5.0
74.02,2.0
74.03,7.0
74.04,2.0
74.05,3.0
74.07,3.0
74.08,5.0
74.09,3.0
74.1,2.0
74.11,5.0
74.12,5.0
74.13,1.0
74.14,4.0
74.15,3.0
74.16,4.0
74.17,4.0
74.18,2.0
74.19,1.0
74.2,1.0
74.21,2.0
74.22,1.0
74.23,3.0
74.24,4.0
74.25,1.0
74.27,1.0
74.28,5.0
74.29,6.0
74.3,6.0
74.31,5.0
74.32,4.0
74.33,6.0
74.34,3.0
74.35,3.0
74.36,4.0
74.37,2.0
74.38,3.0
74.39,4.0
74.4,2.0
74.41,1.0
74.42,3.0
74.43,3.0
74.44,3.0
74.45,5.0
74.47,2.0
74.48,2.0
74.49,2.0
74.5,2.0
74.51,2.0
74.52,1.0
74.53,1.0
74.54,3.0
74.55,2.0
74.56,2.0
74.57,2.0
74.59,4.0
74.6,5.0
74.61,2.0
74.62,1.0
74.63,1.0
74.64,3.0
74.65,2.0
74.66,3.0
74.67,4.0
74.68,1.0
74.7,4.0
74.71,3.0
74.73,2.0
74.75,4.0
74.76,2.0
74.77,1.0
74.78,1.0
74.79,2.0
74.81,2.0
74.82,3.0
74.83,3.0
74.85,2.0
74.86,3.0
74.87,4.0
74.88,5.0
74.89,2.0
74.9,1.0
74.92,2.0
74.93,1.0
74.94,1.0
74.95,1.0
74.96,3.0
74.98,4.0
74.99,3.0
75.0,1.0
75.01,2.0
75.02,1.0
75.06,1.0
75.07,2.0
75.08,1.0
75.09,2.0
75.1,2.0
75.11,2.0
75.12,1.0
75.14,3.0
75.15,2.0
75.16,3.0
75.17,2.0
75.18,1.0
75.19,2.0
75.2,1.0
75.21,1.0
75.22,1.0
75.24,2.0
75.25,5.0
75.26,2.0
75.27,3.0
75.28,1.0
75.29,1.0
75.3,3.0
75.31,3.0
75.32,2.0
75.33,3.0
75.34,2.0
75.35,2.0
75.36,1.0
75.37,2.0
75.38,2.0
75.41,3.0
75.42,2.0
75.45,2.0
75.46,1.0
75.47,1.0
75.48,1.0
75.49,1.0
75.51,1.0
75.52,1.0
75.54,2.0
75.55,4.0
75.57,3.0
75.58,2.0
75.61,1.0
75.62,1.0
75.63,1.0
75.64,2.0
75.65,3.0
75.66,2.0
75.68,3.0
75.69,1.0
75.71,3.0
75.72,4.0
75.73,1.0
75.75,1.0
75.76,1.0
75.78,2.0
75.79,1.0
75.8,1.0
75.82,1.0
75.83,1.0
75.84,1.0
75.85,1.0
75.88,1.0
75.93,3.0
75.97,1.0
75.98,3.0
76.0,1.0
76.01,1.0
76.02,2.0
76.03,2.0
76.07,1.0
76.08,2.0
76.1,2.0
76.13,1.0
76.15,2.0
76.16,4.0
76.17,2.0
76.18,1.0
76.19,1.0
76.2,2.0
76.25,3.0
76.26,2.0
76.28,3.0
76.3,1.0
76.31,1.0
76.33,1.0
76.34,1.0
76.35,1.0
76.4,2.0
76.44,1.0
76.45,1.0
76.46,2.0
76.47,1.0
76.49,1.0
76.52,1.0
76.53,2.0
76.56,1.0
76.58,3.0
76.59,3.0
76.6,1.0
76.61,1.0
76.62,1.0
76.68,1.0
76.71,1.0
76.74,1.0
76.77,2.0
76.78,1.0
76.81,2.0
76.89,1.0
76.95,1.0
76.96,1.0
77.01,1.0
77.5,1.0
77.67,1.0

