GC_content,mapped,occurence
29.67,0.0,1.0
35.01,0.0,1.0
36.45,1.0,1.0
36.86,1.0,1.0
38.33,1.0,1.0
38.72,1.0,1.0
38.82,0.0,1.0
39.32,0.0,1.0
40.46,1.0,1.0
40.82,0.0,1.0
41.05,0.0,1.0
41.14,0.0,1.0
41.23,0.0,1.0
41.33,0.0,1.0
41.45,0.0,2.0
41.48,0.0,1.0
41.52,0.0,2.0
41.58,0.0,2.0
41.65,0.0,1.0
41.67,0.0,3.0
41.72,0.0,1.0
41.79,0.0,1.0
41.83,0.0,1.0
41.9,0.0,3.0
41.94,0.0,1.0
42.01,0.0,1.0
42.15,0.0,1.0
42.21,0.0,1.0
42.24,0.0,2.0
42.26,0.0,1.0
42.29,1.0,1.0
42.35,0.0,1.0
42.38,0.0,1.0
42.41,0.0,1.0
42.42,0.0,2.0
42.44,0.0,1.0
42.45,0.0,1.0
42.53,0.0,1.0
42.59,0.0,1.0
42.6,0.0,2.0
42.66,0.0,1.0
42.69,0.0,1.0
42.72,0.0,1.0
42.74,0.0,1.0
42.78,0.0,2.0
42.86,0.0,5.0
42.89,0.0,1.0
42.91,0.0,1.0
42.94,0.0,1.0
42.96,0.0,2.0
42.97,0.0,2.0
43.04,0.0,1.0
43.05,0.0,1.0
43.1,0.0,2.0
43.12,0.0,1.0
43.14,0.0,1.0
43.17,0.0,2.0
43.19,0.0,1.0
43.2,0.0,1.0
43.21,0.0,1.0
43.3,0.0,1.0
43.32,0.0,2.0
43.33,0.0,3.0
43.35,0.0,1.0
43.37,0.0,2.0
43.39,0.0,2.0
43.4,0.0,1.0
43.41,0.0,2.0
43.49,0.0,1.0
43.49,1.0,1.0
43.5,0.0,1.0
43.5,1.0,1.0
43.51,0.0,1.0
43.52,0.0,2.0
43.52,1.0,1.0
43.53,1.0,1.0
43.54,0.0,1.0
43.55,0.0,1.0
43.56,0.0,2.0
43.57,0.0,2.0
43.58,0.0,1.0
43.6,0.0,1.0
43.61,0.0,1.0
43.62,0.0,1.0
43.63,0.0,1.0
43.67,0.0,1.0
43.69,0.0,2.0
43.7,0.0,1.0
43.71,0.0,1.0
43.72,1.0,1.0
43.75,0.0,1.0
43.78,0.0,1.0
43.79,1.0,1.0
43.8,1.0,1.0
43.81,0.0,1.0
43.82,0.0,3.0
43.83,0.0,1.0
43.83,1.0,1.0
43.84,0.0,2.0
43.86,0.0,2.0
43.87,0.0,1.0
43.91,1.0,1.0
43.93,0.0,1.0
43.94,0.0,1.0
43.94,1.0,1.0
43.95,0.0,2.0
43.96,0.0,1.0
43.97,0.0,1.0
43.98,0.0,1.0
44.0,0.0,1.0
44.02,0.0,1.0
44.03,0.0,3.0
44.04,0.0,1.0
44.04,1.0,1.0
44.06,1.0,2.0
44.07,0.0,1.0
44.08,0.0,2.0
44.09,0.0,1.0
44.1,0.0,1.0
44.11,0.0,2.0
44.13,0.0,3.0
44.15,0.0,2.0
44.15,1.0,1.0
44.16,0.0,1.0
44.18,1.0,2.0
44.19,0.0,4.0
44.2,1.0,1.0
44.22,0.0,1.0
44.24,0.0,3.0
44.24,1.0,1.0
44.25,0.0,2.0
44.26,0.0,1.0
44.27,0.0,1.0
44.27,1.0,1.0
44.28,1.0,1.0
44.29,0.0,1.0
44.34,0.0,2.0
44.35,0.0,2.0
44.36,1.0,1.0
44.38,0.0,1.0
44.38,1.0,1.0
44.41,0.0,1.0
44.41,1.0,2.0
44.42,0.0,1.0
44.43,1.0,1.0
44.44,0.0,3.0
44.44,1.0,1.0
44.47,0.0,2.0
44.48,0.0,1.0
44.49,0.0,1.0
44.5,0.0,3.0
44.51,1.0,3.0
44.52,0.0,1.0
44.53,0.0,1.0
44.53,1.0,1.0
44.54,0.0,2.0
44.54,1.0,1.0
44.55,1.0,2.0
44.56,0.0,1.0
44.57,0.0,2.0
44.58,0.0,1.0
44.58,1.0,1.0
44.6,1.0,1.0
44.61,0.0,1.0
44.62,1.0,1.0
44.63,1.0,2.0
44.65,0.0,2.0
44.65,1.0,2.0
44.66,0.0,1.0
44.66,1.0,4.0
44.67,0.0,1.0
44.67,1.0,2.0
44.68,0.0,1.0
44.7,0.0,2.0
44.7,1.0,2.0
44.71,0.0,2.0
44.71,1.0,2.0
44.72,0.0,2.0
44.72,1.0,2.0
44.73,1.0,2.0
44.75,0.0,2.0
44.75,1.0,3.0
44.77,1.0,1.0
44.78,0.0,2.0
44.78,1.0,3.0
44.79,0.0,2.0
44.79,1.0,3.0
44.8,0.0,1.0
44.8,1.0,2.0
44.81,1.0,2.0
44.82,0.0,1.0
44.83,0.0,1.0
44.83,1.0,2.0
44.84,1.0,2.0
44.85,1.0,2.0
44.86,1.0,4.0
44.87,0.0,1.0
44.87,1.0,3.0
44.88,1.0,1.0
44.89,1.0,2.0
44.9,1.0,1.0
44.91,0.0,1.0
44.91,1.0,2.0
44.92,1.0,2.0
44.93,0.0,1.0
44.95,0.0,1.0
44.96,1.0,1.0
44.97,1.0,1.0
44.98,0.0,2.0
44.98,1.0,3.0
44.99,1.0,3.0
45.01,1.0,2.0
45.03,0.0,1.0
45.03,1.0,2.0
45.05,0.0,1.0
45.05,1.0,1.0
45.06,1.0,1.0
45.07,0.0,2.0
45.07,1.0,2.0
45.08,1.0,3.0
45.09,0.0,1.0
45.09,1.0,1.0
45.11,1.0,6.0
45.12,0.0,1.0
45.12,1.0,2.0
45.13,0.0,2.0
45.14,1.0,3.0
45.15,1.0,3.0
45.16,1.0,2.0
45.17,0.0,1.0
45.17,1.0,2.0
45.18,0.0,1.0
45.18,1.0,3.0
45.19,1.0,4.0
45.2,1.0,2.0
45.21,1.0,3.0
45.22,1.0,1.0
45.23,1.0,2.0
45.24,1.0,2.0
45.25,0.0,1.0
45.25,1.0,1.0
45.26,0.0,4.0
45.26,1.0,2.0
45.27,0.0,1.0
45.28,1.0,4.0
45.29,0.0,1.0
45.29,1.0,2.0
45.31,0.0,1.0
45.31,1.0,3.0
45.32,1.0,3.0
45.33,0.0,3.0
45.33,1.0,1.0
45.34,0.0,1.0
45.34,1.0,1.0
45.35,0.0,2.0
45.35,1.0,1.0
45.36,1.0,2.0
45.37,0.0,1.0
45.37,1.0,1.0
45.38,0.0,1.0
45.38,1.0,2.0
45.39,0.0,1.0
45.39,1.0,4.0
45.4,0.0,1.0
45.4,1.0,1.0
45.41,0.0,1.0
45.41,1.0,4.0
45.42,1.0,3.0
45.43,1.0,1.0
45.44,0.0,1.0
45.44,1.0,2.0
45.45,0.0,2.0
45.45,1.0,7.0
45.48,0.0,1.0
45.49,0.0,1.0
45.49,1.0,4.0
45.5,0.0,1.0
45.5,1.0,2.0
45.51,1.0,6.0
45.52,0.0,1.0
45.52,1.0,5.0
45.53,1.0,5.0
45.54,0.0,1.0
45.54,1.0,4.0
45.55,1.0,1.0
45.56,0.0,1.0
45.56,1.0,3.0
45.57,1.0,4.0
45.58,1.0,3.0
45.59,0.0,1.0
45.59,1.0,5.0
45.6,0.0,3.0
45.6,1.0,1.0
45.61,1.0,2.0
45.62,1.0,6.0
45.63,0.0,1.0
45.63,1.0,2.0
45.64,0.0,1.0
45.64,1.0,4.0
45.65,1.0,1.0
45.66,0.0,1.0
45.66,1.0,3.0
45.67,1.0,1.0
45.68,1.0,1.0
45.69,1.0,3.0
45.7,0.0,1.0
45.7,1.0,2.0
45.71,0.0,1.0
45.71,1.0,3.0
45.72,0.0,2.0
45.72,1.0,3.0
45.73,0.0,2.0
45.73,1.0,4.0
45.74,0.0,1.0
45.74,1.0,3.0
45.75,0.0,2.0
45.75,1.0,3.0
45.77,1.0,2.0
45.78,1.0,4.0
45.79,0.0,1.0
45.79,1.0,6.0
45.8,0.0,1.0
45.8,1.0,7.0
45.81,1.0,2.0
45.82,1.0,3.0
45.83,0.0,3.0
45.83,1.0,2.0
45.84,1.0,1.0
45.85,0.0,2.0
45.85,1.0,7.0
45.86,1.0,4.0
45.87,0.0,1.0
45.88,0.0,1.0
45.88,1.0,2.0
45.89,1.0,4.0
45.9,0.0,3.0
45.9,1.0,5.0
45.91,0.0,1.0
45.91,1.0,2.0
45.92,0.0,2.0
45.92,1.0,6.0
45.93,0.0,3.0
45.93,1.0,1.0
45.94,1.0,3.0
45.95,0.0,1.0
45.95,1.0,2.0
45.96,0.0,1.0
45.96,1.0,4.0
45.97,1.0,6.0
45.98,0.0,1.0
45.98,1.0,5.0
45.99,1.0,6.0
46.0,0.0,1.0
46.0,1.0,5.0
46.01,0.0,1.0
46.01,1.0,2.0
46.02,0.0,1.0
46.02,1.0,2.0
46.03,0.0,1.0
46.03,1.0,7.0
46.04,0.0,1.0
46.04,1.0,2.0
46.05,0.0,2.0
46.05,1.0,2.0
46.06,1.0,8.0
46.07,0.0,2.0
46.07,1.0,2.0
46.08,0.0,2.0
46.08,1.0,7.0
46.09,0.0,1.0
46.09,1.0,5.0
46.1,0.0,2.0
46.1,1.0,4.0
46.11,1.0,4.0
46.12,1.0,11.0
46.13,1.0,3.0
46.14,1.0,2.0
46.15,0.0,1.0
46.15,1.0,12.0
46.17,0.0,2.0
46.17,1.0,5.0
46.18,0.0,2.0
46.18,1.0,7.0
46.19,0.0,1.0
46.19,1.0,5.0
46.2,0.0,2.0
46.2,1.0,3.0
46.21,0.0,1.0
46.21,1.0,6.0
46.22,0.0,1.0
46.22,1.0,17.0
46.23,0.0,1.0
46.23,1.0,4.0
46.24,0.0,3.0
46.24,1.0,7.0
46.25,1.0,4.0
46.26,1.0,5.0
46.27,1.0,8.0
46.28,0.0,1.0
46.28,1.0,7.0
46.29,1.0,4.0
46.3,1.0,4.0
46.31,0.0,1.0
46.31,1.0,2.0
46.32,1.0,3.0
46.33,0.0,1.0
46.33,1.0,2.0
46.34,0.0,1.0
46.34,1.0,4.0
46.35,1.0,9.0
46.36,0.0,3.0
46.36,1.0,4.0
46.37,0.0,1.0
46.37,1.0,8.0
46.38,1.0,6.0
46.39,1.0,6.0
46.4,1.0,5.0
46.41,0.0,1.0
46.41,1.0,10.0
46.42,1.0,6.0
46.43,0.0,1.0
46.43,1.0,4.0
46.44,1.0,3.0
46.45,0.0,2.0
46.45,1.0,7.0
46.46,0.0,1.0
46.46,1.0,3.0
46.47,1.0,5.0
46.48,1.0,9.0
46.49,0.0,2.0
46.49,1.0,3.0
46.5,0.0,1.0
46.5,1.0,6.0
46.51,0.0,1.0
46.51,1.0,9.0
46.52,1.0,6.0
46.53,0.0,3.0
46.53,1.0,2.0
46.54,0.0,2.0
46.54,1.0,7.0
46.55,0.0,1.0
46.55,1.0,12.0
46.56,0.0,1.0
46.56,1.0,12.0
46.57,1.0,5.0
46.58,0.0,2.0
46.58,1.0,14.0
46.59,0.0,2.0
46.59,1.0,6.0
46.6,1.0,5.0
46.61,0.0,1.0
46.61,1.0,22.0
46.62,0.0,2.0
46.62,1.0,8.0
46.63,0.0,2.0
46.63,1.0,4.0
46.64,1.0,39.0
46.65,1.0,7.0
46.67,0.0,2.0
46.67,1.0,11.0
46.69,1.0,7.0
46.7,0.0,1.0
46.7,1.0,3.0
46.71,1.0,3.0
46.72,0.0,1.0
46.72,1.0,6.0
46.73,0.0,2.0
46.73,1.0,6.0
46.74,1.0,9.0
46.75,0.0,3.0
46.75,1.0,4.0
46.76,1.0,6.0
46.77,1.0,18.0
46.78,0.0,1.0
46.78,1.0,8.0
46.79,0.0,2.0
46.79,1.0,5.0
46.8,0.0,2.0
46.8,1.0,6.0
46.81,1.0,17.0
46.82,0.0,1.0
46.82,1.0,3.0
46.83,0.0,1.0
46.83,1.0,9.0
46.84,0.0,1.0
46.84,1.0,24.0
46.85,1.0,8.0
46.86,0.0,1.0
46.86,1.0,16.0
46.87,0.0,1.0
46.88,0.0,1.0
46.88,1.0,5.0
46.89,1.0,12.0
46.9,1.0,9.0
46.91,0.0,1.0
46.91,1.0,3.0
46.92,0.0,1.0
46.92,1.0,6.0
46.93,0.0,1.0
46.93,1.0,6.0
46.94,0.0,1.0
46.94,1.0,4.0
46.95,1.0,13.0
46.96,0.0,2.0
46.96,1.0,3.0
46.97,0.0,1.0
46.97,1.0,6.0
46.98,1.0,11.0
46.99,1.0,9.0
47.0,1.0,8.0
47.01,0.0,1.0
47.01,1.0,12.0
47.02,1.0,3.0
47.03,1.0,71.0
47.04,1.0,11.0
47.05,1.0,1.0
47.06,0.0,2.0
47.06,1.0,57.0
47.07,1.0,1.0
47.08,1.0,10.0
47.09,0.0,1.0
47.09,1.0,7.0
47.1,0.0,2.0
47.1,1.0,4.0
47.11,1.0,5.0
47.12,1.0,3.0
47.13,1.0,5.0
47.14,1.0,5.0
47.15,1.0,23.0
47.16,1.0,3.0
47.17,1.0,12.0
47.18,0.0,2.0
47.18,1.0,7.0
47.19,1.0,6.0
47.2,1.0,6.0
47.21,1.0,13.0
47.22,0.0,1.0
47.22,1.0,8.0
47.23,1.0,39.0
47.24,0.0,3.0
47.24,1.0,8.0
47.25,1.0,1.0
47.26,0.0,1.0
47.26,1.0,30.0
47.27,0.0,2.0
47.27,1.0,7.0
47.28,1.0,14.0
47.29,1.0,4.0
47.3,1.0,12.0
47.31,1.0,10.0
47.32,1.0,4.0
47.33,0.0,2.0
47.33,1.0,11.0
47.34,1.0,1.0
47.35,0.0,1.0
47.35,1.0,9.0
47.36,0.0,1.0
47.36,1.0,2.0
47.37,0.0,3.0
47.37,1.0,13.0
47.38,0.0,2.0
47.38,1.0,5.0
47.39,0.0,3.0
47.39,1.0,10.0
47.4,0.0,2.0
47.4,1.0,4.0
47.41,1.0,14.0
47.42,1.0,7.0
47.43,0.0,1.0
47.43,1.0,7.0
47.44,0.0,4.0
47.44,1.0,19.0
47.45,0.0,1.0
47.45,1.0,4.0
47.46,0.0,2.0
47.46,1.0,127.0
47.47,0.0,2.0
47.47,1.0,5.0
47.48,0.0,2.0
47.48,1.0,34.0
47.49,0.0,2.0
47.49,1.0,8.0
47.5,0.0,2.0
47.5,1.0,7.0
47.51,1.0,6.0
47.52,0.0,1.0
47.52,1.0,8.0
47.53,0.0,2.0
47.53,1.0,19.0
47.54,1.0,8.0
47.55,0.0,1.0
47.55,1.0,7.0
47.56,1.0,6.0
47.57,0.0,1.0
47.57,1.0,7.0
47.58,0.0,2.0
47.58,1.0,8.0
47.59,0.0,2.0
47.59,1.0,9.0
47.6,1.0,12.0
47.61,1.0,3.0
47.62,1.0,8.0
47.63,1.0,3.0
47.64,1.0,16.0
47.65,1.0,4.0
47.66,1.0,24.0
47.67,0.0,1.0
47.67,1.0,1.0
47.68,0.0,1.0
47.68,1.0,20.0
47.69,1.0,9.0
47.7,1.0,14.0
47.71,0.0,1.0
47.71,1.0,6.0
47.72,0.0,1.0
47.72,1.0,6.0
47.73,1.0,4.0
47.74,0.0,4.0
47.74,1.0,13.0
47.75,1.0,3.0
47.76,1.0,6.0
47.77,0.0,2.0
47.77,1.0,5.0
47.78,0.0,2.0
47.78,1.0,1.0
47.79,1.0,8.0
47.8,0.0,4.0
47.8,1.0,5.0
47.81,1.0,5.0
47.82,1.0,1.0
47.83,0.0,2.0
47.83,1.0,5.0
47.84,1.0,11.0
47.85,0.0,3.0
47.85,1.0,2.0
47.86,1.0,14.0
47.87,1.0,3.0
47.88,0.0,1.0
47.88,1.0,13.0
47.89,1.0,5.0
47.9,0.0,3.0
47.9,1.0,12.0
47.91,0.0,2.0
47.91,1.0,4.0
47.92,0.0,2.0
47.92,1.0,3.0
47.93,1.0,7.0
47.94,1.0,5.0
47.95,1.0,2.0
47.96,0.0,1.0
47.96,1.0,6.0
47.97,0.0,1.0
47.97,1.0,7.0
47.98,0.0,1.0
47.98,1.0,3.0
47.99,0.0,1.0
47.99,1.0,3.0
48.0,1.0,6.0
48.01,1.0,4.0
48.02,1.0,2.0
48.03,1.0,8.0
48.04,1.0,2.0
48.05,0.0,1.0
48.05,1.0,4.0
48.06,0.0,1.0
48.06,1.0,3.0
48.07,1.0,15.0
48.08,0.0,1.0
48.08,1.0,9.0
48.09,0.0,1.0
48.09,1.0,9.0
48.1,1.0,3.0
48.11,0.0,2.0
48.11,1.0,2.0
48.12,1.0,7.0
48.13,1.0,3.0
48.14,1.0,2.0
48.15,0.0,1.0
48.15,1.0,5.0
48.16,1.0,8.0
48.17,1.0,6.0
48.18,1.0,4.0
48.19,1.0,4.0
48.2,0.0,1.0
48.2,1.0,4.0
48.21,0.0,1.0
48.21,1.0,8.0
48.22,0.0,1.0
48.22,1.0,2.0
48.23,1.0,3.0
48.24,1.0,3.0
48.25,1.0,2.0
48.26,0.0,1.0
48.26,1.0,6.0
48.27,1.0,1.0
48.28,1.0,16.0
48.29,1.0,5.0
48.3,1.0,6.0
48.31,0.0,1.0
48.31,1.0,7.0
48.32,1.0,2.0
48.33,0.0,3.0
48.33,1.0,4.0
48.34,0.0,1.0
48.34,1.0,3.0
48.35,0.0,1.0
48.35,1.0,4.0
48.36,1.0,5.0
48.39,0.0,1.0
48.39,1.0,2.0
48.4,0.0,1.0
48.4,1.0,7.0
48.41,0.0,1.0
48.41,1.0,8.0
48.42,1.0,3.0
48.43,0.0,2.0
48.43,1.0,10.0
48.44,0.0,1.0
48.44,1.0,6.0
48.45,0.0,1.0
48.45,1.0,2.0
48.46,0.0,1.0
48.46,1.0,5.0
48.47,1.0,3.0
48.48,1.0,3.0
48.49,1.0,1.0
48.5,0.0,1.0
48.5,1.0,4.0
48.51,0.0,1.0
48.51,1.0,7.0
48.52,1.0,5.0
48.53,1.0,4.0
48.54,0.0,1.0
48.54,1.0,1.0
48.55,0.0,2.0
48.56,1.0,2.0
48.57,1.0,3.0
48.58,1.0,3.0
48.59,1.0,2.0
48.6,0.0,3.0
48.6,1.0,1.0
48.61,1.0,2.0
48.62,0.0,1.0
48.62,1.0,3.0
48.63,1.0,2.0
48.64,1.0,4.0
48.65,0.0,1.0
48.65,1.0,6.0
48.66,1.0,2.0
48.67,1.0,4.0
48.68,0.0,2.0
48.68,1.0,1.0
48.69,1.0,2.0
48.7,0.0,1.0
48.7,1.0,2.0
48.71,1.0,5.0
48.72,1.0,3.0
48.73,1.0,3.0
48.74,1.0,4.0
48.75,0.0,2.0
48.75,1.0,3.0
48.76,0.0,2.0
48.76,1.0,1.0
48.77,0.0,2.0
48.77,1.0,3.0
48.78,0.0,2.0
48.78,1.0,4.0
48.79,0.0,2.0
48.79,1.0,3.0
48.8,0.0,1.0
48.8,1.0,3.0
48.81,0.0,4.0
48.81,1.0,2.0
48.82,0.0,2.0
48.82,1.0,2.0
48.83,0.0,2.0
48.84,0.0,1.0
48.84,1.0,3.0
48.85,0.0,1.0
48.85,1.0,3.0
48.86,1.0,3.0
48.87,1.0,3.0
48.88,1.0,8.0
48.89,0.0,1.0
48.89,1.0,1.0
48.9,1.0,5.0
48.91,0.0,2.0
48.91,1.0,4.0
48.92,1.0,2.0
48.93,1.0,2.0
48.94,0.0,1.0
48.94,1.0,2.0
48.95,0.0,2.0
48.95,1.0,1.0
48.96,0.0,1.0
48.96,1.0,1.0
48.97,1.0,1.0
48.98,0.0,3.0
48.99,0.0,1.0
48.99,1.0,4.0
49.0,1.0,2.0
49.01,0.0,1.0
49.01,1.0,3.0
49.02,0.0,2.0
49.02,1.0,1.0
49.03,1.0,3.0
49.04,1.0,2.0
49.05,0.0,1.0
49.06,0.0,1.0
49.06,1.0,1.0
49.07,1.0,3.0
49.09,0.0,1.0
49.09,1.0,3.0
49.1,0.0,1.0
49.1,1.0,2.0
49.11,0.0,1.0
49.11,1.0,3.0
49.12,0.0,1.0
49.12,1.0,3.0
49.13,1.0,3.0
49.14,1.0,1.0
49.15,0.0,1.0
49.16,0.0,1.0
49.16,1.0,1.0
49.17,0.0,1.0
49.17,1.0,2.0
49.19,0.0,1.0
49.19,1.0,1.0
49.2,0.0,1.0
49.2,1.0,2.0
49.21,0.0,2.0
49.21,1.0,3.0
49.22,1.0,1.0
49.23,1.0,1.0
49.25,0.0,1.0
49.25,1.0,3.0
49.26,0.0,2.0
49.26,1.0,1.0
49.27,0.0,1.0
49.27,1.0,2.0
49.28,0.0,1.0
49.28,1.0,2.0
49.29,1.0,2.0
49.3,0.0,1.0
49.3,1.0,4.0
49.31,1.0,1.0
49.32,0.0,2.0
49.32,1.0,3.0
49.33,0.0,2.0
49.33,1.0,1.0
49.34,0.0,3.0
49.34,1.0,1.0
49.35,0.0,1.0
49.35,1.0,1.0
49.37,0.0,1.0
49.37,1.0,2.0
49.38,0.0,1.0
49.38,1.0,2.0
49.4,0.0,1.0
49.4,1.0,1.0
49.41,1.0,1.0
49.42,1.0,2.0
49.43,1.0,1.0
49.44,0.0,2.0
49.44,1.0,2.0
49.45,1.0,2.0
49.46,1.0,9.0
49.47,0.0,3.0
49.48,0.0,1.0
49.48,1.0,2.0
49.49,0.0,1.0
49.5,1.0,2.0
49.51,0.0,2.0
49.52,1.0,2.0
49.55,0.0,1.0
49.55,1.0,3.0
49.56,1.0,3.0
49.57,1.0,1.0
49.58,0.0,1.0
49.58,1.0,3.0
49.59,1.0,2.0
49.62,1.0,1.0
49.63,1.0,2.0
49.64,0.0,1.0
49.64,1.0,6.0
49.65,0.0,1.0
49.65,1.0,1.0
49.66,1.0,2.0
49.67,1.0,2.0
49.68,0.0,3.0
49.68,1.0,1.0
49.69,0.0,1.0
49.69,1.0,3.0
49.71,1.0,2.0
49.72,1.0,1.0
49.73,1.0,2.0
49.75,0.0,3.0
49.75,1.0,1.0
49.76,1.0,1.0
49.77,0.0,1.0
49.77,1.0,3.0
49.78,0.0,1.0
49.78,1.0,1.0
49.79,0.0,1.0
49.79,1.0,1.0
49.8,1.0,1.0
49.81,0.0,1.0
49.81,1.0,4.0
49.82,0.0,1.0
49.82,1.0,24.0
49.83,0.0,1.0
49.83,1.0,2.0
49.84,1.0,1.0
49.85,0.0,2.0
49.85,1.0,2.0
49.86,1.0,1.0
49.87,0.0,1.0
49.87,1.0,2.0
49.89,1.0,2.0
49.9,0.0,1.0
49.9,1.0,3.0
49.92,0.0,1.0
49.92,1.0,1.0
49.94,0.0,1.0
49.95,0.0,1.0
50.0,0.0,10.0
50.0,1.0,20.0
50.07,0.0,1.0
50.07,1.0,1.0
50.08,1.0,2.0
50.09,0.0,1.0
50.09,1.0,3.0
50.11,0.0,1.0
50.11,1.0,2.0
50.12,0.0,1.0
50.13,0.0,1.0
50.13,1.0,3.0
50.14,0.0,1.0
50.15,0.0,1.0
50.15,1.0,2.0
50.17,0.0,1.0
50.17,1.0,1.0
50.18,0.0,1.0
50.18,1.0,24.0
50.2,0.0,1.0
50.2,1.0,2.0
50.21,1.0,2.0
50.22,1.0,2.0
50.23,1.0,1.0
50.24,1.0,2.0
50.25,0.0,1.0
50.25,1.0,1.0
50.26,0.0,1.0
50.26,1.0,2.0
50.27,1.0,2.0
50.28,0.0,2.0
50.29,0.0,1.0
50.3,1.0,1.0
50.31,0.0,2.0
50.32,0.0,1.0
50.32,1.0,2.0
50.33,0.0,1.0
50.33,1.0,3.0
50.35,1.0,2.0
50.36,1.0,16.0
50.37,0.0,2.0
50.37,1.0,1.0
50.38,0.0,1.0
50.39,1.0,1.0
50.41,0.0,1.0
50.41,1.0,2.0
50.42,0.0,3.0
50.43,1.0,2.0
50.45,0.0,1.0
50.45,1.0,2.0
50.46,1.0,2.0
50.47,0.0,1.0
50.47,1.0,1.0
50.5,0.0,1.0
50.5,1.0,1.0
50.51,1.0,1.0
50.53,1.0,1.0
50.54,0.0,1.0
50.54,1.0,14.0
50.55,1.0,3.0
50.56,0.0,1.0
50.56,1.0,2.0
50.57,0.0,2.0
50.57,1.0,3.0
50.58,0.0,1.0
50.6,0.0,1.0
50.6,1.0,1.0
50.61,0.0,1.0
50.61,1.0,3.0
50.64,0.0,2.0
50.64,1.0,1.0
50.65,0.0,1.0
50.65,1.0,2.0
50.66,0.0,4.0
50.66,1.0,2.0
50.68,0.0,1.0
50.68,1.0,1.0
50.71,0.0,2.0
50.71,1.0,2.0
50.72,0.0,3.0
50.72,1.0,2.0
50.73,1.0,4.0
50.74,1.0,4.0
50.75,1.0,1.0
50.76,1.0,2.0
50.77,0.0,1.0
50.78,1.0,1.0
50.79,0.0,1.0
50.79,1.0,2.0
50.8,0.0,1.0
50.8,1.0,1.0
50.81,0.0,1.0
50.81,1.0,1.0
50.82,0.0,1.0
50.82,1.0,1.0
50.83,0.0,1.0
50.83,1.0,1.0
50.85,0.0,1.0
50.85,1.0,1.0
50.86,0.0,1.0
50.86,1.0,2.0
50.87,0.0,1.0
50.87,1.0,3.0
50.88,1.0,5.0
50.89,1.0,1.0
50.9,0.0,1.0
50.9,1.0,2.0
50.91,0.0,1.0
50.91,1.0,3.0
50.92,0.0,1.0
50.92,1.0,1.0
50.93,0.0,2.0
50.93,1.0,2.0
50.94,0.0,2.0
50.94,1.0,3.0
50.95,0.0,1.0
50.95,1.0,1.0
50.96,0.0,1.0
50.96,1.0,1.0
50.97,0.0,1.0
50.97,1.0,2.0
50.99,0.0,1.0
50.99,1.0,1.0
51.0,0.0,1.0
51.01,0.0,1.0
51.02,1.0,1.0
51.03,0.0,1.0
51.03,1.0,1.0
51.04,0.0,2.0
51.04,1.0,1.0
51.05,0.0,3.0
51.05,1.0,1.0
51.06,0.0,1.0
51.06,1.0,1.0
51.07,0.0,1.0
51.08,1.0,3.0
51.09,1.0,5.0
51.1,0.0,2.0
51.1,1.0,2.0
51.11,0.0,2.0
51.11,1.0,3.0
51.12,1.0,1.0
51.13,0.0,1.0
51.13,1.0,1.0
51.14,0.0,1.0
51.14,1.0,1.0
51.15,0.0,1.0
51.15,1.0,1.0
51.16,0.0,1.0
51.16,1.0,2.0
51.17,0.0,1.0
51.18,0.0,1.0
51.2,0.0,1.0
51.21,0.0,1.0
51.22,0.0,1.0
51.23,0.0,3.0
51.24,0.0,1.0
51.26,1.0,4.0
51.28,1.0,1.0
51.29,0.0,1.0
51.29,1.0,1.0
51.3,0.0,1.0
51.3,1.0,1.0
51.31,0.0,1.0
51.32,0.0,2.0
51.32,1.0,1.0
51.33,1.0,3.0
51.35,0.0,1.0
51.35,1.0,2.0
51.37,0.0,3.0
51.37,1.0,1.0
51.41,0.0,1.0
51.42,0.0,1.0
51.43,0.0,1.0
51.44,0.0,1.0
51.45,0.0,1.0
51.45,1.0,1.0
51.46,1.0,1.0
51.48,1.0,2.0
51.49,1.0,1.0
51.5,0.0,1.0
51.5,1.0,1.0
51.52,1.0,1.0
51.53,1.0,2.0
51.54,1.0,1.0
51.56,0.0,1.0
51.56,1.0,1.0
51.57,1.0,2.0
51.58,0.0,1.0
51.59,0.0,2.0
51.6,0.0,1.0
51.6,1.0,1.0
51.63,0.0,1.0
51.63,1.0,1.0
51.66,0.0,1.0
51.67,0.0,2.0
51.67,1.0,2.0
51.68,1.0,2.0
51.71,1.0,2.0
51.72,0.0,1.0
51.72,1.0,1.0
51.74,1.0,1.0
51.75,1.0,1.0
51.77,1.0,2.0
51.78,0.0,2.0
51.78,1.0,1.0
51.8,0.0,2.0
51.82,1.0,2.0
51.84,0.0,1.0
51.88,0.0,1.0
51.89,0.0,1.0
51.89,1.0,2.0
51.91,0.0,1.0
51.91,1.0,1.0
51.92,1.0,1.0
51.93,0.0,1.0
51.93,1.0,1.0
51.96,0.0,1.0
51.97,0.0,1.0
51.97,1.0,1.0
51.98,1.0,2.0
51.99,0.0,1.0
51.99,1.0,1.0
52.0,0.0,1.0
52.0,1.0,1.0
52.01,1.0,2.0
52.02,1.0,1.0
52.03,0.0,2.0
52.03,1.0,2.0
52.04,1.0,1.0
52.08,1.0,1.0
52.09,1.0,1.0
52.11,0.0,1.0
52.11,1.0,1.0
52.12,0.0,1.0
52.13,0.0,1.0
52.13,1.0,1.0
52.15,0.0,3.0
52.16,0.0,2.0
52.17,0.0,1.0
52.2,0.0,1.0
52.21,0.0,1.0
52.21,1.0,1.0
52.22,1.0,1.0
52.26,1.0,2.0
52.27,1.0,1.0
52.28,0.0,1.0
52.29,0.0,2.0
52.3,1.0,1.0
52.31,1.0,2.0
52.32,0.0,1.0
52.32,1.0,1.0
52.33,0.0,2.0
52.33,1.0,2.0
52.34,1.0,2.0
52.37,0.0,1.0
52.38,0.0,1.0
52.4,0.0,1.0
52.4,1.0,1.0
52.41,1.0,1.0
52.42,0.0,1.0
52.43,0.0,2.0
52.44,0.0,3.0
52.46,0.0,1.0
52.46,1.0,1.0
52.47,1.0,1.0
52.48,1.0,1.0
52.51,0.0,1.0
52.52,0.0,1.0
52.54,0.0,1.0
52.55,1.0,1.0
52.56,0.0,1.0
52.56,1.0,1.0
52.57,0.0,2.0
52.57,1.0,1.0
52.58,0.0,1.0
52.6,0.0,1.0
52.61,0.0,1.0
52.62,1.0,1.0
52.63,0.0,2.0
52.64,1.0,1.0
52.65,0.0,1.0
52.66,0.0,1.0
52.66,1.0,1.0
52.67,1.0,1.0
52.68,0.0,1.0
52.69,0.0,1.0
52.7,0.0,1.0
52.71,0.0,1.0
52.72,0.0,2.0
52.74,0.0,1.0
52.74,1.0,2.0
52.75,0.0,1.0
52.75,1.0,1.0
52.78,0.0,3.0
52.79,1.0,2.0
52.81,1.0,1.0
52.82,0.0,1.0
52.82,1.0,1.0
52.84,1.0,1.0
52.89,1.0,1.0
52.9,0.0,1.0
52.94,0.0,2.0
52.96,1.0,1.0
52.99,0.0,1.0
52.99,1.0,1.0
53.02,0.0,1.0
53.02,1.0,1.0
53.05,0.0,1.0
53.07,0.0,1.0
53.09,0.0,1.0
53.1,0.0,1.0
53.16,0.0,1.0
53.19,1.0,1.0
53.21,1.0,1.0
53.28,0.0,1.0
53.29,0.0,1.0
53.29,1.0,1.0
53.31,1.0,1.0
53.32,0.0,2.0
53.33,1.0,2.0
53.35,0.0,2.0
53.35,1.0,1.0
53.38,0.0,1.0
53.39,0.0,2.0
53.41,1.0,1.0
53.44,0.0,1.0
53.46,0.0,1.0
53.47,0.0,1.0
53.47,1.0,1.0
53.51,0.0,1.0
53.54,0.0,2.0
53.57,0.0,1.0
53.58,0.0,1.0
53.6,1.0,1.0
53.61,0.0,1.0
53.62,0.0,1.0
53.63,0.0,1.0
53.63,1.0,1.0
53.64,0.0,1.0
53.65,0.0,3.0
53.66,1.0,1.0
53.68,0.0,1.0
53.7,0.0,3.0
53.71,1.0,1.0
53.72,0.0,1.0
53.73,0.0,1.0
53.74,0.0,1.0
53.75,0.0,2.0
53.79,0.0,1.0
53.8,0.0,2.0
53.81,0.0,2.0
53.85,0.0,2.0
53.87,0.0,1.0
53.88,0.0,2.0
53.92,0.0,2.0
53.95,0.0,1.0
53.99,0.0,2.0
54.01,0.0,2.0
54.01,1.0,1.0
54.02,0.0,1.0
54.03,1.0,1.0
54.04,0.0,1.0
54.07,0.0,1.0
54.08,1.0,1.0
54.1,0.0,1.0
54.12,0.0,3.0
54.15,0.0,1.0
54.17,0.0,1.0
54.18,0.0,1.0
54.21,0.0,1.0
54.22,1.0,1.0
54.25,0.0,1.0
54.26,1.0,1.0
54.27,0.0,1.0
54.28,0.0,2.0
54.3,0.0,1.0
54.32,1.0,1.0
54.35,0.0,2.0
54.37,0.0,1.0
54.39,0.0,1.0
54.41,0.0,1.0
54.43,0.0,1.0
54.44,0.0,1.0
54.46,0.0,1.0
54.49,0.0,2.0
54.51,0.0,2.0
54.52,0.0,1.0
54.57,0.0,1.0
54.59,0.0,1.0
54.74,0.0,1.0
54.75,1.0,1.0
54.76,0.0,1.0
54.82,0.0,1.0
54.84,0.0,1.0
54.85,0.0,2.0
54.86,0.0,1.0
54.87,0.0,1.0
54.9,0.0,1.0
54.91,0.0,1.0
54.93,0.0,1.0
54.94,0.0,1.0
54.94,1.0,1.0
55.0,0.0,1.0
55.08,0.0,1.0
55.11,0.0,2.0
55.12,0.0,1.0
55.13,1.0,1.0
55.16,0.0,2.0
55.17,0.0,2.0
55.24,0.0,1.0
55.26,0.0,1.0
55.26,1.0,1.0
55.31,0.0,1.0
55.38,0.0,2.0
55.41,0.0,2.0
55.44,0.0,1.0
55.45,1.0,1.0
55.48,0.0,2.0
55.49,0.0,1.0
55.53,0.0,2.0
55.54,0.0,1.0
55.56,1.0,1.0
55.62,0.0,1.0
55.63,0.0,1.0
55.72,0.0,1.0
55.77,0.0,1.0
55.92,0.0,1.0
55.98,0.0,1.0
56.0,0.0,1.0
56.02,0.0,2.0
56.05,0.0,1.0
56.22,0.0,1.0
56.23,0.0,1.0
56.31,0.0,1.0
56.33,0.0,2.0
56.38,0.0,1.0
56.4,0.0,2.0
56.47,0.0,1.0
56.57,0.0,1.0
56.64,0.0,1.0
56.69,0.0,1.0
56.74,0.0,1.0
56.89,0.0,1.0
56.89,1.0,1.0
56.92,1.0,1.0
57.08,0.0,1.0
57.32,0.0,1.0
57.4,0.0,1.0
57.57,0.0,1.0
57.69,0.0,1.0
57.78,0.0,1.0
58.02,1.0,1.0
58.51,0.0,1.0
58.69,0.0,1.0
59.07,0.0,1.0
59.2,1.0,1.0
59.31,0.0,1.0
59.42,1.0,1.0
59.43,0.0,1.0
59.86,1.0,1.0
60.51,1.0,1.0
63.25,1.0,1.0
65.68,1.0,1.0

