seq_score,mapped,occurence
43.04,0.0,1.0
43.93,1.0,1.0
44.06,1.0,1.0
45.44,0.0,1.0
45.86,0.0,1.0
46.07,0.0,1.0
46.45,1.0,1.0
46.71,1.0,1.0
46.94,0.0,1.0
47.89,1.0,1.0
48.04,1.0,1.0
48.08,1.0,1.0
48.09,1.0,1.0
48.47,0.0,1.0
48.62,1.0,1.0
48.67,1.0,1.0
48.69,1.0,1.0
48.76,0.0,1.0
48.94,0.0,1.0
48.95,1.0,1.0
48.97,0.0,1.0
49.01,1.0,1.0
49.3,1.0,1.0
49.45,0.0,1.0
49.5,0.0,1.0
49.67,1.0,1.0
49.75,1.0,1.0
49.86,0.0,1.0
49.86,1.0,1.0
49.97,0.0,1.0
50.22,1.0,1.0
50.43,1.0,2.0
50.44,1.0,1.0
50.51,0.0,1.0
50.61,0.0,1.0
50.86,1.0,1.0
50.92,1.0,1.0
51.03,0.0,1.0
51.14,1.0,1.0
51.16,1.0,2.0
51.24,1.0,1.0
51.26,0.0,1.0
51.42,0.0,1.0
51.62,0.0,1.0
51.67,0.0,1.0
51.69,1.0,1.0
51.77,1.0,1.0
51.96,1.0,1.0
52.07,0.0,1.0
52.14,1.0,1.0
52.16,0.0,1.0
52.25,0.0,1.0
52.28,1.0,1.0
52.33,0.0,1.0
52.51,1.0,1.0
52.55,0.0,1.0
52.64,1.0,1.0
52.8,1.0,1.0
52.84,1.0,1.0
52.94,1.0,1.0
52.95,0.0,1.0
52.96,1.0,1.0
52.98,1.0,1.0
53.02,1.0,1.0
53.03,1.0,1.0
53.11,0.0,1.0
53.15,1.0,1.0
53.18,1.0,1.0
53.21,1.0,1.0
53.23,1.0,1.0
53.26,1.0,1.0
53.3,1.0,1.0
53.34,1.0,1.0
53.35,1.0,1.0
53.38,1.0,1.0
53.43,1.0,1.0
53.45,1.0,1.0
53.46,0.0,1.0
53.54,1.0,1.0
53.58,1.0,1.0
53.59,1.0,1.0
53.63,1.0,1.0
53.74,0.0,1.0
53.77,1.0,1.0
53.93,1.0,1.0
54.0,0.0,1.0
54.06,1.0,1.0
54.1,1.0,1.0
54.2,1.0,1.0
54.23,0.0,1.0
54.28,1.0,2.0
54.36,0.0,1.0
54.38,1.0,1.0
54.4,1.0,1.0
54.44,0.0,1.0
54.47,1.0,1.0
54.52,0.0,1.0
54.53,1.0,1.0
54.59,1.0,1.0
54.64,1.0,1.0
54.65,0.0,1.0
54.7,1.0,2.0
54.74,1.0,1.0
54.76,1.0,1.0
54.78,1.0,1.0
54.96,1.0,1.0
55.23,1.0,2.0
55.24,1.0,1.0
55.36,1.0,1.0
55.39,1.0,1.0
55.47,1.0,2.0
55.49,0.0,1.0
55.5,0.0,1.0
55.51,1.0,2.0
55.52,0.0,1.0
55.52,1.0,1.0
55.54,1.0,1.0
55.59,0.0,1.0
55.61,1.0,1.0
55.69,1.0,1.0
55.88,1.0,1.0
55.92,1.0,1.0
55.99,1.0,1.0
56.02,1.0,1.0
56.09,1.0,1.0
56.17,0.0,1.0
56.21,0.0,1.0
56.24,0.0,1.0
56.28,1.0,1.0
56.35,1.0,1.0
56.37,1.0,1.0
56.38,1.0,1.0
56.43,1.0,1.0
56.45,1.0,1.0
56.49,1.0,2.0
56.51,1.0,1.0
56.54,0.0,1.0
56.6,0.0,1.0
56.66,1.0,1.0
56.67,0.0,1.0
56.67,1.0,1.0
56.68,0.0,1.0
56.81,1.0,1.0
56.84,0.0,1.0
56.87,1.0,1.0
56.89,1.0,2.0
56.94,1.0,1.0
57.01,1.0,1.0
57.1,1.0,1.0
57.15,1.0,1.0
57.27,1.0,1.0
57.34,1.0,1.0
57.37,1.0,1.0
57.48,1.0,1.0
57.51,1.0,1.0
57.52,1.0,1.0
57.64,1.0,1.0
57.69,1.0,1.0
57.7,1.0,1.0
57.73,1.0,1.0
57.79,1.0,1.0
57.81,0.0,1.0
57.87,1.0,1.0
57.89,0.0,1.0
57.9,0.0,1.0
57.91,0.0,1.0
57.91,1.0,1.0
57.92,1.0,3.0
57.96,1.0,2.0
57.98,1.0,1.0
58.02,1.0,1.0
58.03,1.0,1.0
58.04,1.0,1.0
58.05,1.0,2.0
58.1,1.0,1.0
58.11,1.0,1.0
58.13,0.0,1.0
58.15,0.0,1.0
58.18,1.0,1.0
58.2,1.0,1.0
58.3,1.0,1.0
58.36,1.0,1.0
58.46,1.0,1.0
58.47,0.0,1.0
58.49,1.0,1.0
58.5,0.0,1.0
58.51,1.0,1.0
58.56,1.0,1.0
58.58,1.0,1.0
58.59,1.0,1.0
58.61,1.0,1.0
58.63,1.0,1.0
58.66,1.0,2.0
58.7,1.0,1.0
58.73,1.0,1.0
58.75,0.0,1.0
58.75,1.0,1.0
58.76,1.0,1.0
58.78,1.0,1.0
58.83,1.0,1.0
58.86,1.0,2.0
58.87,1.0,1.0
58.89,1.0,1.0
58.91,0.0,1.0
58.92,0.0,1.0
58.95,1.0,1.0
58.98,0.0,1.0
59.0,1.0,1.0
59.02,1.0,1.0
59.04,1.0,1.0
59.05,0.0,1.0
59.07,0.0,1.0
59.07,1.0,1.0
59.09,0.0,1.0
59.11,1.0,1.0
59.14,0.0,1.0
59.14,1.0,1.0
59.16,1.0,1.0
59.23,1.0,1.0
59.25,0.0,1.0
59.26,0.0,1.0
59.27,1.0,1.0
59.3,1.0,1.0
59.32,1.0,1.0
59.33,1.0,1.0
59.36,1.0,1.0
59.38,1.0,1.0
59.39,0.0,1.0
59.4,1.0,2.0
59.41,1.0,1.0
59.44,0.0,1.0
59.44,1.0,1.0
59.48,1.0,1.0
59.49,0.0,2.0
59.5,1.0,1.0
59.54,1.0,1.0
59.55,1.0,1.0
59.56,1.0,1.0
59.59,0.0,1.0
59.59,1.0,2.0
59.62,1.0,1.0
59.64,1.0,1.0
59.66,0.0,1.0
59.68,1.0,2.0
59.69,1.0,1.0
59.76,1.0,2.0
59.8,1.0,1.0
59.81,0.0,1.0
59.84,1.0,1.0
59.85,1.0,3.0
59.87,0.0,1.0
59.89,1.0,1.0
59.91,1.0,2.0
59.93,0.0,1.0
59.95,0.0,1.0
59.95,1.0,1.0
59.96,1.0,1.0
59.98,1.0,1.0
60.01,0.0,1.0
60.04,1.0,1.0
60.05,1.0,1.0
60.08,1.0,2.0
60.09,1.0,1.0
60.1,1.0,1.0
60.11,1.0,2.0
60.12,0.0,1.0
60.12,1.0,2.0
60.13,1.0,2.0
60.15,1.0,1.0
60.16,1.0,1.0
60.2,1.0,2.0
60.21,1.0,2.0
60.22,0.0,1.0
60.23,1.0,1.0
60.24,1.0,1.0
60.25,1.0,1.0
60.29,0.0,1.0
60.29,1.0,1.0
60.3,1.0,1.0
60.32,1.0,1.0
60.33,0.0,1.0
60.34,1.0,1.0
60.35,1.0,2.0
60.36,0.0,1.0
60.37,1.0,1.0
60.4,0.0,1.0
60.4,1.0,1.0
60.42,1.0,2.0
60.44,1.0,1.0
60.45,1.0,1.0
60.48,1.0,1.0
60.5,1.0,2.0
60.51,1.0,1.0
60.52,0.0,1.0
60.52,1.0,3.0
60.53,1.0,1.0
60.54,0.0,1.0
60.54,1.0,1.0
60.55,0.0,1.0
60.55,1.0,1.0
60.56,0.0,2.0
60.57,1.0,1.0
60.59,1.0,1.0
60.6,1.0,1.0
60.61,1.0,3.0
60.62,0.0,1.0
60.63,1.0,2.0
60.64,1.0,1.0
60.65,1.0,1.0
60.66,1.0,1.0
60.67,1.0,2.0
60.72,1.0,1.0
60.77,1.0,1.0
60.78,0.0,1.0
60.78,1.0,2.0
60.79,1.0,1.0
60.8,1.0,1.0
60.81,1.0,1.0
60.85,0.0,1.0
60.85,1.0,1.0
60.86,1.0,1.0
60.87,1.0,1.0
60.88,0.0,1.0
60.92,1.0,1.0
60.93,1.0,1.0
60.94,1.0,2.0
60.96,0.0,1.0
60.97,0.0,1.0
60.97,1.0,2.0
60.98,1.0,1.0
60.99,0.0,1.0
61.0,1.0,2.0
61.02,0.0,2.0
61.02,1.0,2.0
61.05,1.0,1.0
61.06,1.0,1.0
61.07,1.0,1.0
61.08,1.0,2.0
61.09,1.0,1.0
61.1,1.0,1.0
61.12,0.0,2.0
61.13,0.0,3.0
61.13,1.0,1.0
61.14,1.0,2.0
61.15,1.0,1.0
61.16,1.0,1.0
61.17,1.0,2.0
61.18,1.0,1.0
61.2,1.0,2.0
61.21,1.0,2.0
61.22,0.0,1.0
61.24,0.0,1.0
61.24,1.0,1.0
61.26,1.0,2.0
61.27,1.0,1.0
61.28,1.0,2.0
61.29,1.0,1.0
61.33,0.0,1.0
61.34,1.0,1.0
61.36,1.0,1.0
61.37,1.0,1.0
61.38,1.0,2.0
61.4,0.0,1.0
61.4,1.0,1.0
61.43,1.0,1.0
61.44,1.0,1.0
61.45,1.0,1.0
61.46,1.0,1.0
61.48,0.0,2.0
61.49,1.0,1.0
61.51,0.0,2.0
61.51,1.0,1.0
61.52,1.0,1.0
61.53,1.0,2.0
61.55,1.0,1.0
61.56,1.0,1.0
61.57,0.0,1.0
61.58,0.0,1.0
61.58,1.0,1.0
61.59,1.0,1.0
61.6,0.0,1.0
61.6,1.0,3.0
61.61,1.0,2.0
61.62,1.0,1.0
61.63,1.0,1.0
61.64,1.0,1.0
61.65,1.0,1.0
61.66,1.0,2.0
61.67,1.0,1.0
61.68,1.0,1.0
61.69,0.0,2.0
61.71,1.0,4.0
61.72,0.0,1.0
61.74,1.0,3.0
61.76,0.0,1.0
61.77,1.0,2.0
61.78,1.0,1.0
61.81,0.0,1.0
61.81,1.0,1.0
61.82,1.0,2.0
61.83,1.0,1.0
61.84,1.0,1.0
61.88,1.0,1.0
61.91,0.0,1.0
61.91,1.0,2.0
61.92,1.0,1.0
61.94,1.0,1.0
61.96,0.0,1.0
61.97,1.0,2.0
61.99,0.0,1.0
61.99,1.0,2.0
62.0,1.0,5.0
62.01,1.0,1.0
62.03,1.0,1.0
62.04,1.0,3.0
62.05,1.0,2.0
62.06,1.0,1.0
62.07,0.0,1.0
62.07,1.0,1.0
62.1,1.0,3.0
62.12,1.0,3.0
62.13,0.0,1.0
62.16,0.0,1.0
62.16,1.0,4.0
62.18,1.0,1.0
62.19,1.0,1.0
62.23,1.0,2.0
62.24,1.0,1.0
62.25,0.0,1.0
62.26,0.0,1.0
62.26,1.0,1.0
62.29,0.0,1.0
62.29,1.0,1.0
62.3,1.0,1.0
62.32,1.0,4.0
62.33,0.0,1.0
62.33,1.0,1.0
62.34,1.0,2.0
62.35,1.0,1.0
62.36,1.0,2.0
62.37,1.0,2.0
62.38,1.0,1.0
62.39,1.0,2.0
62.4,1.0,3.0
62.41,1.0,1.0
62.42,0.0,1.0
62.43,1.0,1.0
62.44,1.0,1.0
62.45,0.0,1.0
62.45,1.0,2.0
62.47,0.0,2.0
62.49,1.0,1.0
62.51,1.0,1.0
62.52,1.0,1.0
62.53,0.0,2.0
62.53,1.0,3.0
62.55,1.0,2.0
62.56,0.0,1.0
62.57,1.0,2.0
62.58,1.0,1.0
62.6,0.0,1.0
62.6,1.0,2.0
62.61,0.0,1.0
62.62,1.0,1.0
62.64,1.0,1.0
62.65,0.0,1.0
62.65,1.0,2.0
62.66,0.0,1.0
62.66,1.0,1.0
62.67,0.0,1.0
62.67,1.0,2.0
62.68,1.0,3.0
62.69,1.0,1.0
62.7,1.0,1.0
62.71,1.0,1.0
62.72,0.0,1.0
62.72,1.0,2.0
62.74,1.0,1.0
62.75,1.0,2.0
62.76,1.0,1.0
62.77,1.0,2.0
62.78,0.0,1.0
62.78,1.0,2.0
62.79,1.0,2.0
62.8,0.0,1.0
62.8,1.0,3.0
62.81,1.0,5.0
62.82,1.0,2.0
62.83,0.0,1.0
62.83,1.0,2.0
62.84,1.0,1.0
62.85,0.0,2.0
62.86,1.0,1.0
62.87,1.0,1.0
62.88,1.0,1.0
62.89,1.0,3.0
62.9,1.0,2.0
62.91,1.0,1.0
62.92,0.0,1.0
62.92,1.0,3.0
62.93,0.0,2.0
62.93,1.0,1.0
62.94,1.0,2.0
62.95,1.0,3.0
62.96,1.0,2.0
62.97,1.0,1.0
62.98,1.0,2.0
62.99,1.0,6.0
63.0,0.0,1.0
63.0,1.0,3.0
63.01,1.0,5.0
63.02,1.0,3.0
63.03,1.0,2.0
63.04,0.0,1.0
63.05,1.0,2.0
63.06,1.0,1.0
63.07,1.0,1.0
63.08,1.0,1.0
63.09,0.0,1.0
63.09,1.0,1.0
63.1,0.0,1.0
63.1,1.0,1.0
63.11,1.0,1.0
63.12,1.0,2.0
63.13,1.0,2.0
63.14,1.0,2.0
63.15,1.0,3.0
63.16,0.0,1.0
63.16,1.0,3.0
63.17,0.0,1.0
63.19,1.0,2.0
63.2,1.0,2.0
63.21,0.0,1.0
63.21,1.0,1.0
63.22,0.0,1.0
63.25,0.0,2.0
63.25,1.0,3.0
63.26,1.0,2.0
63.27,1.0,3.0
63.28,0.0,1.0
63.29,0.0,1.0
63.29,1.0,2.0
63.3,0.0,1.0
63.31,1.0,1.0
63.33,1.0,2.0
63.35,0.0,1.0
63.35,1.0,4.0
63.36,1.0,1.0
63.37,0.0,1.0
63.37,1.0,2.0
63.38,1.0,1.0
63.39,1.0,2.0
63.41,1.0,1.0
63.42,1.0,2.0
63.43,1.0,1.0
63.44,1.0,1.0
63.45,1.0,2.0
63.46,1.0,2.0
63.47,0.0,1.0
63.47,1.0,2.0
63.48,0.0,1.0
63.48,1.0,2.0
63.49,0.0,2.0
63.49,1.0,2.0
63.5,0.0,1.0
63.51,1.0,2.0
63.53,1.0,1.0
63.54,1.0,2.0
63.55,0.0,2.0
63.55,1.0,1.0
63.56,0.0,1.0
63.56,1.0,2.0
63.57,1.0,3.0
63.58,0.0,1.0
63.58,1.0,2.0
63.59,1.0,1.0
63.61,0.0,1.0
63.61,1.0,2.0
63.62,1.0,1.0
63.64,0.0,1.0
63.65,0.0,1.0
63.65,1.0,6.0
63.66,0.0,1.0
63.66,1.0,1.0
63.67,1.0,1.0
63.68,0.0,2.0
63.68,1.0,3.0
63.69,1.0,3.0
63.7,1.0,1.0
63.71,1.0,3.0
63.72,1.0,2.0
63.73,1.0,2.0
63.74,1.0,1.0
63.75,1.0,3.0
63.76,1.0,1.0
63.77,1.0,1.0
63.78,1.0,3.0
63.79,1.0,2.0
63.8,0.0,1.0
63.81,0.0,1.0
63.81,1.0,1.0
63.82,1.0,1.0
63.83,0.0,2.0
63.83,1.0,3.0
63.84,0.0,1.0
63.84,1.0,4.0
63.86,0.0,1.0
63.86,1.0,2.0
63.87,0.0,1.0
63.87,1.0,2.0
63.88,1.0,2.0
63.89,0.0,1.0
63.89,1.0,1.0
63.9,0.0,1.0
63.9,1.0,1.0
63.91,0.0,1.0
63.92,0.0,1.0
63.92,1.0,1.0
63.93,1.0,3.0
63.94,1.0,2.0
63.95,0.0,1.0
63.96,1.0,2.0
63.97,1.0,1.0
63.98,1.0,1.0
63.99,1.0,2.0
64.0,0.0,1.0
64.0,1.0,3.0
64.01,1.0,4.0
64.03,0.0,1.0
64.03,1.0,1.0
64.04,0.0,1.0
64.04,1.0,2.0
64.05,0.0,1.0
64.06,1.0,1.0
64.07,1.0,1.0
64.08,1.0,1.0
64.09,1.0,2.0
64.11,1.0,1.0
64.13,0.0,1.0
64.13,1.0,1.0
64.14,0.0,1.0
64.14,1.0,1.0
64.15,0.0,1.0
64.16,0.0,1.0
64.16,1.0,1.0
64.17,0.0,1.0
64.17,1.0,1.0
64.18,0.0,1.0
64.18,1.0,2.0
64.19,1.0,1.0
64.2,0.0,2.0
64.2,1.0,1.0
64.21,0.0,3.0
64.22,1.0,4.0
64.23,0.0,1.0
64.24,0.0,1.0
64.24,1.0,2.0
64.25,0.0,1.0
64.25,1.0,1.0
64.26,1.0,1.0
64.27,1.0,1.0
64.28,1.0,2.0
64.29,1.0,1.0
64.3,0.0,1.0
64.3,1.0,1.0
64.31,1.0,2.0
64.32,1.0,1.0
64.33,1.0,1.0
64.34,0.0,1.0
64.35,1.0,1.0
64.36,0.0,1.0
64.36,1.0,1.0
64.39,0.0,1.0
64.39,1.0,1.0
64.4,1.0,1.0
64.41,0.0,2.0
64.41,1.0,2.0
64.42,1.0,4.0
64.44,1.0,2.0
64.45,0.0,1.0
64.45,1.0,1.0
64.46,0.0,1.0
64.46,1.0,3.0
64.47,1.0,1.0
64.48,1.0,4.0
64.5,1.0,2.0
64.51,0.0,1.0
64.51,1.0,4.0
64.52,1.0,1.0
64.54,0.0,1.0
64.54,1.0,1.0
64.55,0.0,1.0
64.55,1.0,1.0
64.56,1.0,1.0
64.57,1.0,2.0
64.58,0.0,1.0
64.58,1.0,3.0
64.59,0.0,1.0
64.6,1.0,2.0
64.61,0.0,1.0
64.61,1.0,3.0
64.62,1.0,1.0
64.63,1.0,3.0
64.64,1.0,1.0
64.66,0.0,1.0
64.66,1.0,4.0
64.67,0.0,1.0
64.67,1.0,5.0
64.68,1.0,2.0
64.69,0.0,1.0
64.69,1.0,2.0
64.7,1.0,2.0
64.71,1.0,4.0
64.72,0.0,1.0
64.72,1.0,2.0
64.73,1.0,2.0
64.74,1.0,1.0
64.75,1.0,1.0
64.76,1.0,1.0
64.77,1.0,2.0
64.78,1.0,1.0
64.79,0.0,1.0
64.8,1.0,4.0
64.81,0.0,2.0
64.82,1.0,3.0
64.83,0.0,1.0
64.83,1.0,1.0
64.84,0.0,1.0
64.84,1.0,1.0
64.85,0.0,1.0
64.85,1.0,2.0
64.86,1.0,2.0
64.87,1.0,1.0
64.88,0.0,1.0
64.88,1.0,2.0
64.89,1.0,3.0
64.91,1.0,1.0
64.92,0.0,2.0
64.92,1.0,1.0
64.93,1.0,2.0
64.95,0.0,4.0
64.95,1.0,1.0
64.96,0.0,1.0
64.96,1.0,3.0
64.97,0.0,1.0
64.98,0.0,1.0
64.98,1.0,1.0
64.99,0.0,1.0
64.99,1.0,1.0
65.0,1.0,3.0
65.02,1.0,1.0
65.03,1.0,4.0
65.04,0.0,1.0
65.05,0.0,1.0
65.05,1.0,1.0
65.06,0.0,2.0
65.07,0.0,1.0
65.07,1.0,1.0
65.08,1.0,1.0
65.09,0.0,1.0
65.09,1.0,2.0
65.1,1.0,4.0
65.11,0.0,3.0
65.11,1.0,1.0
65.12,1.0,2.0
65.13,1.0,2.0
65.14,0.0,1.0
65.14,1.0,2.0
65.16,0.0,1.0
65.16,1.0,4.0
65.17,1.0,1.0
65.19,1.0,2.0
65.2,0.0,1.0
65.2,1.0,4.0
65.21,1.0,3.0
65.22,1.0,1.0
65.23,1.0,3.0
65.25,1.0,2.0
65.26,1.0,2.0
65.27,1.0,2.0
65.28,1.0,2.0
65.29,0.0,1.0
65.3,0.0,2.0
65.3,1.0,3.0
65.31,0.0,1.0
65.31,1.0,5.0
65.32,1.0,1.0
65.33,0.0,1.0
65.33,1.0,1.0
65.34,0.0,1.0
65.34,1.0,2.0
65.35,0.0,1.0
65.35,1.0,2.0
65.36,1.0,4.0
65.38,0.0,1.0
65.39,0.0,1.0
65.39,1.0,2.0
65.4,0.0,2.0
65.4,1.0,2.0
65.41,0.0,1.0
65.41,1.0,6.0
65.42,0.0,1.0
65.42,1.0,3.0
65.43,0.0,2.0
65.43,1.0,2.0
65.44,0.0,1.0
65.44,1.0,1.0
65.45,0.0,1.0
65.45,1.0,3.0
65.46,1.0,2.0
65.47,0.0,1.0
65.47,1.0,2.0
65.49,1.0,3.0
65.5,0.0,1.0
65.5,1.0,1.0
65.51,0.0,1.0
65.52,1.0,3.0
65.53,0.0,1.0
65.53,1.0,4.0
65.54,1.0,3.0
65.55,1.0,2.0
65.56,0.0,1.0
65.56,1.0,1.0
65.57,0.0,1.0
65.57,1.0,2.0
65.58,0.0,1.0
65.59,0.0,1.0
65.59,1.0,1.0
65.6,0.0,1.0
65.6,1.0,1.0
65.61,1.0,1.0
65.62,0.0,2.0
65.62,1.0,3.0
65.63,0.0,1.0
65.63,1.0,1.0
65.66,1.0,3.0
65.67,0.0,2.0
65.67,1.0,4.0
65.68,1.0,4.0
65.69,1.0,2.0
65.7,1.0,3.0
65.71,0.0,1.0
65.71,1.0,5.0
65.72,0.0,3.0
65.72,1.0,3.0
65.73,1.0,3.0
65.74,1.0,2.0
65.75,1.0,1.0
65.76,1.0,1.0
65.77,0.0,1.0
65.78,1.0,1.0
65.79,1.0,2.0
65.8,1.0,2.0
65.81,1.0,1.0
65.82,1.0,2.0
65.83,0.0,2.0
65.83,1.0,4.0
65.84,1.0,1.0
65.85,0.0,1.0
65.85,1.0,4.0
65.86,1.0,1.0
65.87,1.0,3.0
65.88,0.0,1.0
65.88,1.0,2.0
65.89,1.0,1.0
65.9,0.0,1.0
65.9,1.0,3.0
65.91,1.0,2.0
65.92,0.0,1.0
65.92,1.0,3.0
65.93,0.0,1.0
65.93,1.0,1.0
65.94,1.0,3.0
65.95,0.0,1.0
65.95,1.0,1.0
65.96,1.0,1.0
65.97,0.0,1.0
65.97,1.0,2.0
65.98,1.0,1.0
66.0,0.0,3.0
66.0,1.0,4.0
66.01,0.0,1.0
66.01,1.0,3.0
66.02,1.0,1.0
66.03,1.0,1.0
66.04,1.0,3.0
66.05,0.0,1.0
66.05,1.0,4.0
66.06,0.0,1.0
66.06,1.0,1.0
66.08,0.0,2.0
66.08,1.0,3.0
66.09,1.0,2.0
66.1,1.0,2.0
66.11,0.0,1.0
66.11,1.0,1.0
66.13,1.0,5.0
66.14,0.0,1.0
66.15,1.0,5.0
66.16,1.0,4.0
66.17,0.0,1.0
66.17,1.0,1.0
66.18,0.0,1.0
66.18,1.0,2.0
66.2,0.0,1.0
66.2,1.0,1.0
66.21,0.0,1.0
66.21,1.0,1.0
66.22,1.0,1.0
66.23,1.0,1.0
66.25,0.0,1.0
66.25,1.0,3.0
66.26,0.0,1.0
66.26,1.0,2.0
66.27,0.0,1.0
66.27,1.0,1.0
66.28,1.0,3.0
66.29,1.0,2.0
66.3,1.0,3.0
66.31,1.0,1.0
66.32,1.0,1.0
66.33,0.0,3.0
66.33,1.0,4.0
66.34,1.0,3.0
66.35,1.0,3.0
66.36,0.0,1.0
66.36,1.0,1.0
66.37,1.0,4.0
66.38,1.0,5.0
66.39,1.0,6.0
66.4,0.0,2.0
66.4,1.0,1.0
66.41,0.0,2.0
66.41,1.0,6.0
66.42,1.0,3.0
66.43,1.0,3.0
66.45,0.0,2.0
66.45,1.0,1.0
66.46,1.0,1.0
66.47,0.0,1.0
66.47,1.0,3.0
66.48,1.0,1.0
66.49,0.0,2.0
66.49,1.0,2.0
66.5,0.0,1.0
66.5,1.0,1.0
66.51,0.0,1.0
66.51,1.0,3.0
66.53,1.0,3.0
66.54,1.0,1.0
66.55,1.0,1.0
66.56,0.0,2.0
66.56,1.0,1.0
66.57,1.0,4.0
66.58,1.0,1.0
66.59,1.0,3.0
66.6,1.0,2.0
66.61,1.0,2.0
66.62,0.0,1.0
66.62,1.0,3.0
66.63,0.0,1.0
66.64,0.0,2.0
66.65,1.0,2.0
66.66,0.0,3.0
66.66,1.0,2.0
66.67,0.0,2.0
66.67,1.0,1.0
66.68,0.0,1.0
66.68,1.0,4.0
66.69,0.0,1.0
66.69,1.0,5.0
66.7,1.0,2.0
66.71,0.0,1.0
66.71,1.0,2.0
66.72,0.0,2.0
66.72,1.0,3.0
66.73,1.0,4.0
66.74,0.0,2.0
66.74,1.0,1.0
66.76,0.0,1.0
66.76,1.0,5.0
66.77,1.0,2.0
66.78,1.0,4.0
66.79,0.0,1.0
66.79,1.0,1.0
66.8,1.0,1.0
66.81,0.0,1.0
66.81,1.0,1.0
66.82,1.0,1.0
66.83,1.0,2.0
66.84,1.0,1.0
66.85,1.0,5.0
66.86,0.0,1.0
66.86,1.0,5.0
66.87,0.0,1.0
66.87,1.0,3.0
66.88,0.0,1.0
66.88,1.0,3.0
66.89,0.0,1.0
66.89,1.0,3.0
66.9,1.0,1.0
66.91,1.0,5.0
66.92,1.0,2.0
66.93,1.0,3.0
66.94,1.0,4.0
66.95,1.0,1.0
66.96,1.0,2.0
66.97,1.0,3.0
66.99,0.0,1.0
66.99,1.0,1.0
67.0,1.0,4.0
67.01,0.0,1.0
67.01,1.0,4.0
67.02,0.0,1.0
67.02,1.0,1.0
67.03,0.0,1.0
67.03,1.0,4.0
67.04,1.0,3.0
67.05,0.0,2.0
67.05,1.0,2.0
67.06,0.0,3.0
67.06,1.0,3.0
67.07,1.0,3.0
67.08,0.0,1.0
67.08,1.0,2.0
67.09,0.0,1.0
67.09,1.0,2.0
67.1,0.0,2.0
67.1,1.0,3.0
67.11,0.0,1.0
67.11,1.0,4.0
67.12,1.0,3.0
67.13,1.0,3.0
67.14,0.0,2.0
67.14,1.0,1.0
67.15,0.0,2.0
67.15,1.0,3.0
67.16,1.0,1.0
67.17,0.0,1.0
67.17,1.0,4.0
67.18,0.0,1.0
67.18,1.0,3.0
67.19,0.0,1.0
67.19,1.0,3.0
67.2,1.0,1.0
67.21,0.0,1.0
67.21,1.0,6.0
67.22,1.0,4.0
67.23,0.0,1.0
67.23,1.0,1.0
67.24,0.0,1.0
67.24,1.0,4.0
67.25,0.0,1.0
67.25,1.0,1.0
67.26,1.0,3.0
67.27,1.0,4.0
67.28,1.0,4.0
67.29,0.0,1.0
67.29,1.0,1.0
67.31,1.0,1.0
67.32,0.0,1.0
67.32,1.0,1.0
67.33,0.0,1.0
67.33,1.0,1.0
67.34,1.0,2.0
67.35,0.0,1.0
67.35,1.0,1.0
67.36,1.0,3.0
67.37,0.0,2.0
67.38,1.0,2.0
67.39,0.0,1.0
67.39,1.0,1.0
67.4,0.0,1.0
67.4,1.0,5.0
67.41,1.0,4.0
67.42,0.0,2.0
67.42,1.0,2.0
67.43,0.0,1.0
67.43,1.0,3.0
67.44,1.0,4.0
67.45,1.0,2.0
67.46,1.0,1.0
67.47,1.0,2.0
67.48,0.0,2.0
67.48,1.0,2.0
67.49,1.0,2.0
67.5,1.0,4.0
67.51,1.0,1.0
67.52,1.0,2.0
67.53,1.0,2.0
67.55,0.0,1.0
67.55,1.0,1.0
67.56,0.0,1.0
67.56,1.0,3.0
67.57,0.0,2.0
67.58,1.0,1.0
67.59,1.0,3.0
67.61,1.0,2.0
67.62,0.0,1.0
67.62,1.0,5.0
67.63,0.0,1.0
67.63,1.0,2.0
67.65,1.0,3.0
67.66,0.0,4.0
67.66,1.0,2.0
67.67,0.0,1.0
67.67,1.0,2.0
67.68,0.0,1.0
67.7,1.0,1.0
67.71,0.0,1.0
67.71,1.0,2.0
67.72,0.0,1.0
67.72,1.0,2.0
67.73,0.0,1.0
67.73,1.0,3.0
67.74,0.0,2.0
67.74,1.0,1.0
67.75,1.0,2.0
67.76,1.0,4.0
67.77,0.0,3.0
67.77,1.0,1.0
67.78,0.0,1.0
67.78,1.0,3.0
67.79,0.0,1.0
67.79,1.0,1.0
67.8,0.0,1.0
67.8,1.0,3.0
67.81,1.0,1.0
67.82,1.0,3.0
67.83,0.0,1.0
67.83,1.0,1.0
67.84,1.0,2.0
67.85,0.0,2.0
67.85,1.0,2.0
67.86,0.0,1.0
67.86,1.0,1.0
67.87,0.0,1.0
67.87,1.0,1.0
67.88,1.0,3.0
67.89,0.0,2.0
67.89,1.0,3.0
67.9,0.0,1.0
67.9,1.0,1.0
67.91,0.0,1.0
67.91,1.0,1.0
67.92,1.0,1.0
67.93,1.0,3.0
67.94,1.0,4.0
67.95,1.0,1.0
67.96,1.0,1.0
67.97,1.0,3.0
67.98,1.0,1.0
67.99,0.0,2.0
67.99,1.0,2.0
68.0,1.0,4.0
68.01,0.0,1.0
68.01,1.0,2.0
68.02,1.0,1.0
68.03,1.0,2.0
68.04,1.0,2.0
68.05,0.0,1.0
68.05,1.0,2.0
68.06,1.0,3.0
68.07,1.0,2.0
68.08,1.0,3.0
68.09,0.0,1.0
68.09,1.0,1.0
68.1,0.0,1.0
68.1,1.0,1.0
68.11,1.0,1.0
68.12,0.0,2.0
68.12,1.0,6.0
68.13,1.0,3.0
68.14,1.0,3.0
68.15,0.0,2.0
68.15,1.0,1.0
68.16,1.0,2.0
68.17,0.0,1.0
68.17,1.0,6.0
68.18,0.0,1.0
68.18,1.0,2.0
68.19,0.0,4.0
68.19,1.0,1.0
68.2,1.0,4.0
68.21,1.0,1.0
68.22,0.0,1.0
68.22,1.0,5.0
68.23,0.0,1.0
68.23,1.0,2.0
68.24,0.0,1.0
68.24,1.0,2.0
68.25,0.0,1.0
68.25,1.0,4.0
68.26,1.0,2.0
68.27,1.0,2.0
68.28,0.0,1.0
68.28,1.0,1.0
68.29,0.0,4.0
68.3,0.0,1.0
68.3,1.0,7.0
68.31,0.0,2.0
68.31,1.0,3.0
68.32,1.0,3.0
68.33,1.0,5.0
68.34,1.0,1.0
68.35,1.0,2.0
68.36,0.0,1.0
68.36,1.0,2.0
68.37,0.0,1.0
68.37,1.0,4.0
68.38,0.0,1.0
68.38,1.0,2.0
68.39,0.0,1.0
68.39,1.0,1.0
68.4,0.0,1.0
68.4,1.0,4.0
68.41,0.0,1.0
68.41,1.0,1.0
68.42,1.0,4.0
68.43,1.0,3.0
68.44,0.0,1.0
68.44,1.0,1.0
68.45,0.0,1.0
68.45,1.0,4.0
68.46,0.0,1.0
68.46,1.0,3.0
68.47,1.0,3.0
68.48,1.0,4.0
68.49,0.0,1.0
68.49,1.0,3.0
68.5,0.0,1.0
68.5,1.0,1.0
68.51,0.0,1.0
68.51,1.0,4.0
68.52,1.0,3.0
68.53,1.0,4.0
68.54,1.0,4.0
68.55,1.0,3.0
68.56,1.0,2.0
68.57,0.0,2.0
68.57,1.0,7.0
68.58,1.0,3.0
68.59,1.0,2.0
68.6,1.0,3.0
68.61,0.0,1.0
68.61,1.0,4.0
68.62,1.0,1.0
68.63,1.0,4.0
68.64,1.0,4.0
68.65,0.0,3.0
68.65,1.0,1.0
68.66,0.0,1.0
68.66,1.0,5.0
68.67,0.0,1.0
68.67,1.0,2.0
68.68,0.0,1.0
68.68,1.0,2.0
68.69,1.0,5.0
68.7,1.0,5.0
68.71,0.0,1.0
68.72,1.0,3.0
68.73,0.0,3.0
68.73,1.0,1.0
68.74,0.0,1.0
68.75,1.0,6.0
68.76,1.0,3.0
68.77,0.0,1.0
68.77,1.0,2.0
68.78,0.0,1.0
68.78,1.0,2.0
68.79,0.0,1.0
68.79,1.0,1.0
68.8,0.0,1.0
68.8,1.0,2.0
68.81,0.0,1.0
68.81,1.0,2.0
68.82,1.0,10.0
68.83,0.0,1.0
68.83,1.0,2.0
68.84,1.0,2.0
68.85,1.0,1.0
68.86,1.0,1.0
68.87,0.0,1.0
68.87,1.0,1.0
68.88,0.0,1.0
68.88,1.0,4.0
68.89,0.0,1.0
68.89,1.0,4.0
68.9,1.0,3.0
68.91,0.0,2.0
68.91,1.0,3.0
68.92,0.0,2.0
68.92,1.0,2.0
68.93,1.0,2.0
68.94,0.0,1.0
68.94,1.0,3.0
68.95,0.0,1.0
68.95,1.0,2.0
68.96,1.0,2.0
68.97,1.0,4.0
68.98,0.0,1.0
68.98,1.0,2.0
68.99,1.0,3.0
69.0,0.0,2.0
69.0,1.0,7.0
69.01,1.0,1.0
69.02,0.0,1.0
69.02,1.0,1.0
69.03,0.0,1.0
69.03,1.0,5.0
69.04,0.0,2.0
69.04,1.0,1.0
69.05,1.0,4.0
69.06,1.0,3.0
69.07,0.0,1.0
69.07,1.0,3.0
69.08,0.0,1.0
69.08,1.0,1.0
69.09,1.0,4.0
69.1,1.0,1.0
69.11,1.0,2.0
69.12,0.0,2.0
69.12,1.0,4.0
69.13,0.0,1.0
69.13,1.0,3.0
69.14,1.0,1.0
69.15,0.0,2.0
69.15,1.0,2.0
69.16,0.0,1.0
69.16,1.0,1.0
69.17,0.0,1.0
69.17,1.0,5.0
69.18,1.0,2.0
69.19,0.0,1.0
69.19,1.0,4.0
69.2,0.0,1.0
69.2,1.0,4.0
69.21,0.0,1.0
69.22,0.0,1.0
69.22,1.0,1.0
69.23,1.0,4.0
69.24,0.0,1.0
69.24,1.0,4.0
69.25,1.0,4.0
69.26,1.0,1.0
69.27,0.0,1.0
69.27,1.0,1.0
69.28,1.0,3.0
69.3,1.0,5.0
69.31,1.0,5.0
69.32,1.0,3.0
69.33,1.0,1.0
69.34,1.0,5.0
69.35,1.0,2.0
69.36,1.0,1.0
69.37,0.0,1.0
69.37,1.0,4.0
69.38,0.0,1.0
69.38,1.0,3.0
69.39,0.0,1.0
69.39,1.0,3.0
69.4,0.0,2.0
69.41,1.0,5.0
69.42,1.0,3.0
69.43,0.0,1.0
69.43,1.0,2.0
69.44,0.0,1.0
69.44,1.0,5.0
69.45,1.0,1.0
69.46,0.0,1.0
69.46,1.0,2.0
69.47,1.0,1.0
69.49,1.0,3.0
69.5,1.0,4.0
69.51,0.0,1.0
69.51,1.0,3.0
69.52,1.0,3.0
69.53,1.0,4.0
69.54,0.0,1.0
69.55,1.0,1.0
69.56,0.0,1.0
69.56,1.0,2.0
69.57,0.0,1.0
69.57,1.0,2.0
69.58,0.0,2.0
69.58,1.0,2.0
69.59,1.0,1.0
69.6,1.0,1.0
69.61,0.0,2.0
69.61,1.0,3.0
69.62,1.0,1.0
69.63,1.0,3.0
69.64,1.0,4.0
69.65,0.0,1.0
69.65,1.0,4.0
69.66,1.0,1.0
69.67,0.0,1.0
69.67,1.0,2.0
69.68,1.0,2.0
69.69,1.0,3.0
69.7,0.0,2.0
69.71,1.0,3.0
69.72,0.0,1.0
69.72,1.0,2.0
69.73,1.0,2.0
69.74,1.0,5.0
69.75,0.0,1.0
69.75,1.0,1.0
69.77,1.0,3.0
69.78,0.0,1.0
69.78,1.0,3.0
69.79,0.0,1.0
69.79,1.0,5.0
69.8,0.0,1.0
69.8,1.0,2.0
69.81,1.0,5.0
69.82,1.0,5.0
69.83,0.0,1.0
69.83,1.0,2.0
69.84,0.0,2.0
69.84,1.0,4.0
69.85,0.0,1.0
69.85,1.0,3.0
69.86,0.0,2.0
69.86,1.0,1.0
69.87,0.0,1.0
69.87,1.0,6.0
69.88,1.0,4.0
69.89,1.0,3.0
69.9,1.0,1.0
69.91,0.0,1.0
69.91,1.0,2.0
69.92,1.0,2.0
69.93,0.0,1.0
69.93,1.0,2.0
69.94,1.0,5.0
69.95,0.0,1.0
69.95,1.0,5.0
69.96,1.0,3.0
69.97,1.0,2.0
69.98,1.0,1.0
69.99,1.0,4.0
70.0,0.0,1.0
70.0,1.0,2.0
70.01,1.0,3.0
70.02,0.0,1.0
70.02,1.0,3.0
70.03,0.0,1.0
70.03,1.0,2.0
70.04,1.0,2.0
70.05,0.0,1.0
70.06,0.0,2.0
70.06,1.0,7.0
70.07,0.0,3.0
70.07,1.0,3.0
70.08,1.0,5.0
70.09,1.0,2.0
70.1,0.0,1.0
70.1,1.0,1.0
70.11,0.0,1.0
70.11,1.0,1.0
70.12,0.0,1.0
70.12,1.0,4.0
70.13,0.0,1.0
70.13,1.0,4.0
70.14,0.0,3.0
70.14,1.0,3.0
70.15,0.0,2.0
70.15,1.0,7.0
70.16,0.0,1.0
70.16,1.0,1.0
70.17,1.0,3.0
70.18,1.0,3.0
70.19,0.0,3.0
70.19,1.0,2.0
70.2,0.0,3.0
70.2,1.0,3.0
70.21,1.0,4.0
70.22,0.0,1.0
70.22,1.0,2.0
70.23,0.0,1.0
70.23,1.0,2.0
70.24,0.0,2.0
70.24,1.0,4.0
70.25,1.0,2.0
70.26,0.0,1.0
70.26,1.0,2.0
70.27,0.0,1.0
70.27,1.0,2.0
70.28,0.0,1.0
70.28,1.0,2.0
70.29,0.0,2.0
70.29,1.0,3.0
70.3,0.0,1.0
70.3,1.0,3.0
70.31,1.0,6.0
70.32,1.0,4.0
70.33,1.0,3.0
70.34,1.0,1.0
70.35,0.0,2.0
70.35,1.0,4.0
70.36,0.0,1.0
70.36,1.0,2.0
70.37,1.0,4.0
70.38,0.0,1.0
70.38,1.0,2.0
70.39,1.0,1.0
70.4,0.0,2.0
70.4,1.0,4.0
70.41,0.0,1.0
70.41,1.0,2.0
70.42,0.0,1.0
70.42,1.0,2.0
70.43,0.0,2.0
70.43,1.0,5.0
70.44,1.0,1.0
70.45,1.0,3.0
70.46,0.0,1.0
70.46,1.0,1.0
70.47,0.0,1.0
70.48,1.0,3.0
70.49,0.0,1.0
70.49,1.0,4.0
70.5,0.0,1.0
70.5,1.0,2.0
70.51,0.0,1.0
70.51,1.0,1.0
70.52,0.0,2.0
70.52,1.0,1.0
70.53,0.0,1.0
70.53,1.0,1.0
70.54,1.0,2.0
70.55,1.0,1.0
70.56,1.0,3.0
70.57,0.0,2.0
70.57,1.0,1.0
70.58,1.0,1.0
70.59,1.0,1.0
70.6,0.0,2.0
70.6,1.0,4.0
70.61,0.0,2.0
70.61,1.0,6.0
70.62,0.0,1.0
70.62,1.0,1.0
70.63,0.0,1.0
70.64,1.0,2.0
70.66,1.0,3.0
70.67,1.0,2.0
70.68,0.0,1.0
70.68,1.0,6.0
70.69,0.0,3.0
70.69,1.0,2.0
70.7,1.0,1.0
70.71,0.0,1.0
70.71,1.0,2.0
70.72,0.0,1.0
70.72,1.0,1.0
70.73,0.0,3.0
70.73,1.0,4.0
70.74,1.0,4.0
70.75,1.0,3.0
70.76,0.0,1.0
70.76,1.0,2.0
70.77,1.0,3.0
70.78,1.0,3.0
70.79,1.0,1.0
70.8,0.0,2.0
70.8,1.0,1.0
70.81,0.0,1.0
70.81,1.0,4.0
70.82,1.0,2.0
70.83,1.0,6.0
70.84,0.0,2.0
70.84,1.0,3.0
70.85,0.0,1.0
70.85,1.0,3.0
70.86,1.0,4.0
70.87,1.0,1.0
70.88,1.0,2.0
70.89,1.0,3.0
70.9,1.0,1.0
70.91,1.0,3.0
70.92,1.0,2.0
70.93,0.0,2.0
70.93,1.0,3.0
70.94,1.0,2.0
70.95,0.0,2.0
70.96,1.0,2.0
70.97,1.0,7.0
70.99,0.0,2.0
70.99,1.0,5.0
71.0,0.0,1.0
71.0,1.0,2.0
71.01,1.0,3.0
71.02,0.0,1.0
71.02,1.0,2.0
71.03,0.0,1.0
71.03,1.0,2.0
71.04,0.0,1.0
71.04,1.0,4.0
71.05,1.0,4.0
71.06,0.0,2.0
71.06,1.0,4.0
71.07,0.0,1.0
71.07,1.0,2.0
71.08,1.0,1.0
71.09,1.0,3.0
71.1,1.0,2.0
71.11,0.0,1.0
71.11,1.0,1.0
71.12,1.0,5.0
71.13,0.0,1.0
71.13,1.0,2.0
71.14,1.0,1.0
71.15,0.0,1.0
71.15,1.0,4.0
71.16,0.0,1.0
71.16,1.0,2.0
71.17,0.0,2.0
71.17,1.0,8.0
71.18,1.0,1.0
71.19,0.0,1.0
71.19,1.0,2.0
71.2,1.0,5.0
71.21,1.0,4.0
71.22,0.0,1.0
71.22,1.0,6.0
71.23,0.0,1.0
71.23,1.0,1.0
71.24,0.0,1.0
71.24,1.0,1.0
71.25,1.0,2.0
71.26,0.0,1.0
71.26,1.0,5.0
71.27,1.0,4.0
71.28,0.0,2.0
71.28,1.0,3.0
71.3,0.0,1.0
71.3,1.0,2.0
71.31,0.0,2.0
71.31,1.0,3.0
71.32,1.0,1.0
71.33,0.0,2.0
71.33,1.0,1.0
71.34,1.0,1.0
71.35,1.0,5.0
71.36,0.0,1.0
71.36,1.0,4.0
71.37,0.0,1.0
71.37,1.0,4.0
71.39,0.0,1.0
71.39,1.0,1.0
71.4,0.0,1.0
71.4,1.0,3.0
71.41,0.0,1.0
71.41,1.0,4.0
71.42,1.0,3.0
71.43,1.0,2.0
71.44,0.0,2.0
71.44,1.0,4.0
71.45,1.0,4.0
71.46,1.0,1.0
71.47,1.0,1.0
71.48,1.0,3.0
71.49,1.0,1.0
71.5,0.0,1.0
71.5,1.0,2.0
71.51,0.0,1.0
71.51,1.0,2.0
71.52,1.0,4.0
71.53,0.0,3.0
71.53,1.0,2.0
71.54,0.0,1.0
71.54,1.0,3.0
71.55,0.0,1.0
71.55,1.0,1.0
71.56,0.0,3.0
71.56,1.0,1.0
71.58,0.0,2.0
71.58,1.0,3.0
71.59,1.0,4.0
71.6,1.0,2.0
71.61,0.0,2.0
71.61,1.0,3.0
71.62,0.0,1.0
71.62,1.0,5.0
71.63,0.0,1.0
71.63,1.0,2.0
71.64,0.0,1.0
71.65,0.0,1.0
71.65,1.0,1.0
71.66,0.0,1.0
71.66,1.0,3.0
71.67,1.0,3.0
71.68,0.0,1.0
71.68,1.0,3.0
71.69,1.0,2.0
71.7,0.0,2.0
71.7,1.0,1.0
71.72,0.0,2.0
71.72,1.0,2.0
71.73,1.0,3.0
71.74,0.0,1.0
71.74,1.0,2.0
71.75,1.0,2.0
71.76,0.0,1.0
71.76,1.0,4.0
71.77,1.0,2.0
71.78,0.0,1.0
71.78,1.0,2.0
71.79,0.0,1.0
71.79,1.0,3.0
71.8,0.0,2.0
71.8,1.0,4.0
71.81,0.0,2.0
71.81,1.0,4.0
71.82,0.0,2.0
71.83,1.0,2.0
71.84,0.0,3.0
71.84,1.0,4.0
71.86,1.0,2.0
71.87,0.0,2.0
71.87,1.0,5.0
71.88,1.0,5.0
71.89,1.0,1.0
71.9,1.0,3.0
71.91,0.0,1.0
71.91,1.0,4.0
71.92,1.0,3.0
71.93,1.0,2.0
71.94,0.0,1.0
71.94,1.0,1.0
71.95,1.0,3.0
71.96,1.0,1.0
71.97,1.0,2.0
71.98,0.0,1.0
71.98,1.0,1.0
71.99,0.0,1.0
71.99,1.0,3.0
72.0,0.0,1.0
72.0,1.0,7.0
72.01,0.0,1.0
72.01,1.0,5.0
72.02,0.0,1.0
72.02,1.0,2.0
72.03,1.0,1.0
72.04,1.0,2.0
72.05,0.0,1.0
72.05,1.0,1.0
72.06,1.0,2.0
72.07,0.0,1.0
72.07,1.0,7.0
72.08,0.0,1.0
72.08,1.0,2.0
72.1,0.0,1.0
72.1,1.0,2.0
72.11,1.0,3.0
72.12,1.0,4.0
72.13,0.0,2.0
72.13,1.0,2.0
72.14,1.0,2.0
72.15,0.0,2.0
72.15,1.0,3.0
72.16,1.0,2.0
72.17,1.0,2.0
72.18,0.0,1.0
72.19,0.0,1.0
72.19,1.0,5.0
72.2,1.0,1.0
72.21,0.0,1.0
72.21,1.0,2.0
72.22,0.0,1.0
72.22,1.0,1.0
72.23,0.0,1.0
72.23,1.0,1.0
72.24,1.0,1.0
72.25,1.0,2.0
72.26,0.0,3.0
72.26,1.0,6.0
72.27,0.0,1.0
72.27,1.0,2.0
72.28,1.0,1.0
72.29,0.0,1.0
72.29,1.0,2.0
72.3,0.0,1.0
72.3,1.0,5.0
72.31,1.0,1.0
72.32,0.0,3.0
72.32,1.0,3.0
72.33,1.0,2.0
72.34,0.0,2.0
72.34,1.0,1.0
72.35,1.0,4.0
72.36,0.0,2.0
72.37,1.0,3.0
72.38,1.0,1.0
72.39,0.0,2.0
72.39,1.0,5.0
72.4,0.0,1.0
72.41,1.0,2.0
72.42,0.0,3.0
72.42,1.0,1.0
72.43,0.0,1.0
72.43,1.0,4.0
72.44,0.0,2.0
72.44,1.0,3.0
72.45,0.0,1.0
72.45,1.0,3.0
72.46,0.0,1.0
72.46,1.0,4.0
72.48,1.0,2.0
72.49,1.0,2.0
72.51,0.0,1.0
72.51,1.0,4.0
72.52,1.0,2.0
72.53,1.0,1.0
72.54,1.0,2.0
72.55,0.0,2.0
72.55,1.0,5.0
72.56,0.0,1.0
72.56,1.0,3.0
72.57,0.0,1.0
72.57,1.0,2.0
72.58,1.0,1.0
72.59,0.0,1.0
72.6,1.0,3.0
72.61,1.0,1.0
72.62,1.0,3.0
72.63,1.0,3.0
72.64,1.0,4.0
72.65,0.0,1.0
72.65,1.0,3.0
72.66,0.0,1.0
72.67,0.0,1.0
72.67,1.0,2.0
72.68,0.0,1.0
72.68,1.0,6.0
72.69,0.0,1.0
72.7,1.0,1.0
72.71,0.0,1.0
72.72,1.0,2.0
72.73,1.0,3.0
72.74,1.0,1.0
72.75,0.0,1.0
72.76,0.0,3.0
72.76,1.0,1.0
72.77,0.0,1.0
72.77,1.0,3.0
72.78,0.0,2.0
72.78,1.0,4.0
72.79,1.0,1.0
72.8,1.0,2.0
72.81,0.0,1.0
72.81,1.0,3.0
72.83,1.0,4.0
72.84,0.0,3.0
72.84,1.0,1.0
72.85,0.0,2.0
72.85,1.0,3.0
72.86,0.0,1.0
72.86,1.0,2.0
72.87,1.0,2.0
72.88,0.0,1.0
72.88,1.0,3.0
72.89,0.0,5.0
72.89,1.0,2.0
72.9,0.0,1.0
72.9,1.0,1.0
72.91,0.0,1.0
72.91,1.0,3.0
72.92,1.0,3.0
72.93,1.0,2.0
72.94,1.0,2.0
72.95,0.0,1.0
72.95,1.0,3.0
72.96,0.0,2.0
72.96,1.0,2.0
72.97,0.0,1.0
72.97,1.0,1.0
72.98,0.0,2.0
72.98,1.0,3.0
72.99,0.0,1.0
72.99,1.0,1.0
73.0,1.0,4.0
73.01,1.0,1.0
73.02,0.0,2.0
73.02,1.0,3.0
73.03,1.0,3.0
73.04,0.0,1.0
73.04,1.0,2.0
73.05,1.0,3.0
73.06,0.0,1.0
73.06,1.0,1.0
73.08,0.0,1.0
73.08,1.0,1.0
73.09,0.0,1.0
73.09,1.0,1.0
73.11,1.0,1.0
73.12,0.0,2.0
73.12,1.0,1.0
73.13,0.0,2.0
73.13,1.0,6.0
73.14,0.0,1.0
73.14,1.0,4.0
73.15,1.0,2.0
73.16,0.0,1.0
73.16,1.0,2.0
73.17,0.0,1.0
73.17,1.0,5.0
73.18,0.0,2.0
73.19,0.0,1.0
73.2,1.0,2.0
73.21,0.0,2.0
73.21,1.0,5.0
73.22,0.0,1.0
73.22,1.0,3.0
73.24,0.0,2.0
73.24,1.0,1.0
73.25,0.0,1.0
73.25,1.0,2.0
73.26,1.0,2.0
73.27,0.0,1.0
73.28,1.0,2.0
73.29,1.0,2.0
73.3,0.0,1.0
73.3,1.0,2.0
73.31,1.0,1.0
73.32,1.0,1.0
73.33,0.0,1.0
73.33,1.0,2.0
73.36,0.0,2.0
73.37,1.0,1.0
73.38,1.0,2.0
73.39,1.0,1.0
73.4,1.0,3.0
73.41,0.0,1.0
73.42,0.0,1.0
73.42,1.0,1.0
73.43,0.0,1.0
73.43,1.0,2.0
73.44,1.0,4.0
73.45,0.0,1.0
73.45,1.0,1.0
73.46,0.0,1.0
73.46,1.0,1.0
73.47,0.0,1.0
73.47,1.0,2.0
73.48,1.0,3.0
73.49,0.0,1.0
73.49,1.0,1.0
73.51,0.0,1.0
73.51,1.0,1.0
73.53,0.0,1.0
73.53,1.0,2.0
73.54,0.0,1.0
73.54,1.0,3.0
73.55,1.0,2.0
73.57,1.0,1.0
73.59,0.0,1.0
73.59,1.0,2.0
73.61,0.0,1.0
73.61,1.0,3.0
73.63,1.0,3.0
73.64,1.0,1.0
73.65,1.0,1.0
73.66,1.0,4.0
73.67,1.0,3.0
73.68,1.0,1.0
73.69,0.0,1.0
73.69,1.0,1.0
73.7,1.0,4.0
73.71,0.0,4.0
73.71,1.0,1.0
73.72,1.0,2.0
73.73,1.0,6.0
73.74,0.0,1.0
73.74,1.0,1.0
73.75,1.0,2.0
73.76,1.0,2.0
73.77,1.0,4.0
73.78,0.0,1.0
73.78,1.0,1.0
73.79,0.0,2.0
73.8,1.0,1.0
73.81,1.0,3.0
73.82,1.0,2.0
73.83,0.0,1.0
73.83,1.0,1.0
73.84,1.0,2.0
73.85,1.0,2.0
73.86,0.0,1.0
73.86,1.0,1.0
73.87,1.0,2.0
73.89,0.0,1.0
73.91,1.0,1.0
73.92,0.0,2.0
73.93,0.0,1.0
73.93,1.0,2.0
73.94,1.0,3.0
73.95,1.0,2.0
73.96,1.0,1.0
73.97,0.0,1.0
73.97,1.0,2.0
73.98,0.0,1.0
73.98,1.0,1.0
73.99,1.0,1.0
74.0,0.0,1.0
74.0,1.0,2.0
74.01,0.0,1.0
74.02,1.0,1.0
74.03,1.0,2.0
74.04,0.0,2.0
74.04,1.0,1.0
74.05,0.0,2.0
74.05,1.0,1.0
74.06,1.0,2.0
74.07,0.0,1.0
74.08,0.0,1.0
74.08,1.0,1.0
74.09,1.0,2.0
74.1,1.0,1.0
74.11,0.0,1.0
74.11,1.0,1.0
74.12,0.0,1.0
74.13,0.0,1.0
74.13,1.0,1.0
74.15,0.0,1.0
74.16,1.0,1.0
74.17,0.0,1.0
74.17,1.0,2.0
74.18,1.0,1.0
74.19,0.0,1.0
74.19,1.0,2.0
74.2,0.0,2.0
74.21,0.0,1.0
74.21,1.0,2.0
74.23,1.0,1.0
74.24,0.0,1.0
74.24,1.0,1.0
74.25,1.0,1.0
74.26,1.0,1.0
74.28,1.0,2.0
74.29,0.0,4.0
74.29,1.0,1.0
74.3,0.0,1.0
74.31,1.0,1.0
74.32,1.0,1.0
74.33,0.0,1.0
74.33,1.0,1.0
74.34,1.0,2.0
74.37,0.0,1.0
74.37,1.0,1.0
74.38,0.0,1.0
74.39,0.0,1.0
74.39,1.0,2.0
74.4,0.0,1.0
74.4,1.0,1.0
74.41,1.0,2.0
74.43,0.0,1.0
74.43,1.0,2.0
74.44,1.0,3.0
74.46,0.0,1.0
74.47,1.0,2.0
74.48,0.0,1.0
74.48,1.0,1.0
74.49,1.0,1.0
74.5,0.0,1.0
74.52,0.0,1.0
74.52,1.0,1.0
74.53,0.0,2.0
74.53,1.0,1.0
74.55,0.0,1.0
74.55,1.0,2.0
74.56,1.0,1.0
74.57,1.0,1.0
74.58,1.0,1.0
74.6,0.0,1.0
74.6,1.0,1.0
74.61,0.0,1.0
74.61,1.0,2.0
74.62,1.0,1.0
74.63,1.0,1.0
74.64,0.0,1.0
74.65,1.0,2.0
74.67,0.0,1.0
74.69,0.0,1.0
74.7,0.0,1.0
74.7,1.0,1.0
74.71,1.0,1.0
74.72,0.0,1.0
74.72,1.0,1.0
74.73,1.0,1.0
74.74,0.0,1.0
74.74,1.0,1.0
74.77,0.0,1.0
74.77,1.0,1.0
74.78,0.0,1.0
74.78,1.0,1.0
74.79,0.0,2.0
74.79,1.0,1.0
74.8,1.0,1.0
74.81,0.0,1.0
74.81,1.0,3.0
74.82,0.0,2.0
74.83,0.0,1.0
74.83,1.0,1.0
74.86,1.0,1.0
74.87,0.0,1.0
74.87,1.0,1.0
74.91,1.0,1.0
74.92,0.0,1.0
74.92,1.0,2.0
74.93,0.0,1.0
74.94,0.0,1.0
74.95,1.0,4.0
74.96,1.0,1.0
74.98,0.0,1.0
74.99,0.0,1.0
74.99,1.0,2.0
75.03,1.0,1.0
75.04,1.0,1.0
75.05,1.0,2.0
75.06,1.0,1.0
75.07,1.0,1.0
75.08,1.0,1.0
75.09,1.0,1.0
75.1,0.0,1.0
75.1,1.0,1.0
75.11,0.0,1.0
75.12,1.0,2.0
75.13,1.0,1.0
75.14,0.0,1.0
75.15,1.0,1.0
75.17,0.0,1.0
75.18,0.0,1.0
75.18,1.0,1.0
75.19,1.0,1.0
75.2,0.0,1.0
75.21,1.0,2.0
75.24,1.0,2.0
75.27,1.0,1.0
75.28,1.0,2.0
75.29,0.0,1.0
75.3,1.0,3.0
75.32,1.0,1.0
75.33,0.0,1.0
75.38,1.0,1.0
75.39,1.0,1.0
75.4,1.0,1.0
75.44,0.0,1.0
75.45,1.0,1.0
75.46,1.0,1.0
75.48,0.0,1.0
75.48,1.0,1.0
75.49,0.0,1.0
75.51,0.0,1.0
75.51,1.0,1.0
75.54,0.0,2.0
75.55,0.0,1.0
75.56,0.0,1.0
75.56,1.0,1.0
75.58,0.0,1.0
75.59,1.0,1.0
75.61,0.0,2.0
75.63,1.0,1.0
75.65,1.0,1.0
75.66,0.0,1.0
75.66,1.0,1.0
75.67,0.0,1.0
75.72,0.0,1.0
75.73,0.0,1.0
75.73,1.0,1.0
75.78,1.0,1.0
75.79,1.0,1.0
75.8,0.0,1.0
75.81,0.0,1.0
75.82,1.0,1.0
75.83,0.0,1.0
75.83,1.0,3.0
75.85,0.0,1.0
75.89,1.0,1.0
75.91,1.0,1.0
75.92,1.0,1.0
75.93,1.0,1.0
75.95,0.0,1.0
76.02,1.0,1.0
76.08,1.0,1.0
76.09,1.0,1.0
76.1,0.0,1.0
76.1,1.0,1.0
76.11,0.0,1.0
76.15,0.0,1.0
76.18,0.0,1.0
76.21,0.0,1.0
76.22,0.0,1.0
76.24,0.0,1.0
76.29,1.0,1.0
76.3,1.0,1.0
76.31,0.0,1.0
76.36,0.0,1.0
76.38,1.0,1.0
76.41,0.0,1.0
76.45,0.0,2.0
76.48,1.0,1.0
76.5,1.0,1.0
76.57,1.0,1.0
76.62,0.0,1.0
76.73,0.0,2.0
76.74,0.0,1.0
76.79,0.0,1.0
76.96,0.0,1.0
76.97,1.0,1.0
77.16,0.0,1.0
77.42,0.0,1.0
77.83,0.0,1.0
77.93,0.0,1.0

