GC_content,occurence
31.72,1.0
33.62,1.0
38.83,1.0
39.64,1.0
39.72,1.0
39.81,1.0
40.62,1.0
40.74,1.0
40.83,1.0
40.91,2.0
41.25,2.0
41.33,1.0
41.34,1.0
41.42,1.0
41.52,1.0
41.56,1.0
41.57,1.0
41.61,1.0
41.7,1.0
41.93,1.0
42.2,1.0
42.38,2.0
42.48,1.0
42.68,1.0
42.76,3.0
42.77,1.0
42.95,1.0
43.03,1.0
43.24,1.0
43.25,1.0
43.27,1.0
43.38,1.0
43.4,1.0
43.42,1.0
43.48,1.0
43.5,2.0
43.59,1.0
43.6,3.0
43.64,1.0
43.71,1.0
43.72,1.0
43.79,1.0
43.82,3.0
43.88,1.0
43.94,1.0
43.98,3.0
44.08,1.0
44.12,2.0
44.16,1.0
44.18,1.0
44.23,1.0
44.27,1.0
44.28,1.0
44.31,1.0
44.32,1.0
44.38,2.0
44.39,1.0
44.44,2.0
44.5,2.0
44.51,1.0
44.52,1.0
44.55,2.0
44.57,1.0
44.58,1.0
44.61,2.0
44.63,1.0
44.64,2.0
44.68,1.0
44.71,1.0
44.72,1.0
44.74,2.0
44.75,2.0
44.77,1.0
44.78,1.0
44.81,1.0
44.82,1.0
44.83,2.0
44.84,1.0
44.87,1.0
44.88,1.0
44.89,1.0
45.0,1.0
45.03,2.0
45.06,1.0
45.13,1.0
45.14,3.0
45.15,1.0
45.16,1.0
45.18,3.0
45.21,1.0
45.22,1.0
45.28,2.0
45.29,5.0
45.32,1.0
45.34,1.0
45.35,3.0
45.38,1.0
45.39,1.0
45.4,5.0
45.41,2.0
45.42,2.0
45.45,9.0
45.51,1.0
45.54,1.0
45.56,3.0
45.57,3.0
45.59,1.0
45.6,1.0
45.61,3.0
45.62,1.0
45.63,1.0
45.66,3.0
45.68,1.0
45.7,2.0
45.71,2.0
45.74,1.0
45.75,3.0
45.76,1.0
45.78,1.0
45.81,2.0
45.83,2.0
45.84,1.0
45.86,1.0
45.88,5.0
45.89,1.0
45.93,2.0
45.95,2.0
45.96,5.0
45.98,3.0
46.0,1.0
46.01,1.0
46.02,1.0
46.04,1.0
46.05,2.0
46.06,1.0
46.07,1.0
46.08,1.0
46.09,1.0
46.1,4.0
46.11,12.0
46.15,9.0
46.17,1.0
46.18,1.0
46.19,3.0
46.2,5.0
46.24,8.0
46.25,3.0
46.26,1.0
46.28,2.0
46.29,2.0
46.3,1.0
46.31,3.0
46.32,2.0
46.33,1.0
46.34,4.0
46.35,1.0
46.36,7.0
46.37,1.0
46.39,2.0
46.41,6.0
46.43,2.0
46.45,5.0
46.46,1.0
46.47,2.0
46.5,3.0
46.51,2.0
46.52,2.0
46.53,2.0
46.54,5.0
46.55,2.0
46.56,1.0
46.57,1.0
46.58,4.0
46.59,1.0
46.6,3.0
46.61,1.0
46.62,1.0
46.63,9.0
46.64,1.0
46.67,8.0
46.68,1.0
46.7,3.0
46.71,6.0
46.74,1.0
46.75,7.0
46.77,1.0
46.78,5.0
46.79,4.0
46.8,1.0
46.81,1.0
46.82,7.0
46.84,7.0
46.86,4.0
46.88,7.0
46.89,5.0
46.9,1.0
46.91,5.0
46.92,1.0
46.93,1.0
46.94,1.0
46.95,2.0
46.96,1.0
46.98,5.0
46.99,1.0
47.0,2.0
47.01,3.0
47.02,3.0
47.06,15.0
47.08,3.0
47.09,18.0
47.1,4.0
47.11,1.0
47.13,13.0
47.14,2.0
47.15,1.0
47.16,2.0
47.17,2.0
47.19,4.0
47.2,4.0
47.21,3.0
47.22,1.0
47.24,5.0
47.25,1.0
47.26,7.0
47.27,6.0
47.28,3.0
47.29,3.0
47.3,1.0
47.31,6.0
47.32,5.0
47.33,3.0
47.34,9.0
47.37,17.0
47.38,1.0
47.39,1.0
47.4,27.0
47.41,1.0
47.42,2.0
47.43,7.0
47.44,3.0
47.45,2.0
47.46,6.0
47.47,10.0
47.49,1.0
47.5,5.0
47.51,2.0
47.52,6.0
47.53,5.0
47.55,2.0
47.56,9.0
47.57,3.0
47.58,4.0
47.59,9.0
47.6,5.0
47.62,10.0
47.64,5.0
47.65,12.0
47.67,11.0
47.68,3.0
47.69,4.0
47.7,3.0
47.71,6.0
47.72,2.0
47.73,3.0
47.74,12.0
47.75,1.0
47.76,4.0
47.77,6.0
47.78,7.0
47.79,1.0
47.8,13.0
47.81,2.0
47.83,15.0
47.84,2.0
47.85,7.0
47.86,1.0
47.87,4.0
47.88,4.0
47.9,13.0
47.91,1.0
47.92,1.0
47.93,8.0
47.94,5.0
47.95,9.0
47.96,3.0
47.97,1.0
47.98,12.0
47.99,1.0
48.0,9.0
48.02,9.0
48.03,8.0
48.04,9.0
48.05,8.0
48.06,8.0
48.07,3.0
48.08,9.0
48.09,3.0
48.1,6.0
48.11,2.0
48.12,7.0
48.13,4.0
48.15,13.0
48.17,9.0
48.18,3.0
48.19,11.0
48.2,2.0
48.21,9.0
48.22,1.0
48.23,3.0
48.24,16.0
48.25,2.0
48.26,16.0
48.28,13.0
48.29,10.0
48.3,4.0
48.31,7.0
48.32,2.0
48.33,7.0
48.34,2.0
48.35,4.0
48.36,4.0
48.37,11.0
48.38,2.0
48.39,14.0
48.4,4.0
48.41,8.0
48.42,5.0
48.43,6.0
48.44,5.0
48.45,11.0
48.46,1.0
48.47,12.0
48.48,9.0
48.49,1.0
48.5,15.0
48.51,12.0
48.52,9.0
48.53,7.0
48.54,26.0
48.55,13.0
48.56,6.0
48.57,10.0
48.58,3.0
48.59,3.0
48.6,7.0
48.61,2.0
48.62,7.0
48.63,5.0
48.65,7.0
48.66,6.0
48.67,5.0
48.68,15.0
48.69,4.0
48.7,13.0
48.71,4.0
48.72,11.0
48.73,12.0
48.74,5.0
48.75,14.0
48.76,4.0
48.77,17.0
48.78,16.0
48.79,1.0
48.8,15.0
48.81,12.0
48.82,19.0
48.83,1.0
48.84,27.0
48.85,12.0
48.86,4.0
48.87,1.0
48.88,6.0
48.89,1.0
48.9,10.0
48.91,7.0
48.92,5.0
48.93,2.0
48.94,3.0
48.95,8.0
48.96,10.0
48.97,2.0
48.98,4.0
48.99,7.0
49.0,9.0
49.01,15.0
49.02,21.0
49.03,18.0
49.04,13.0
49.05,1.0
49.06,11.0
49.07,13.0
49.08,8.0
49.09,15.0
49.1,15.0
49.11,19.0
49.12,19.0
49.13,12.0
49.14,10.0
49.15,7.0
49.16,3.0
49.17,6.0
49.18,5.0
49.19,7.0
49.2,7.0
49.21,11.0
49.22,7.0
49.23,6.0
49.24,5.0
49.25,17.0
49.26,11.0
49.27,8.0
49.28,8.0
49.29,2.0
49.31,4.0
49.32,2.0
49.33,6.0
49.34,12.0
49.35,14.0
49.36,10.0
49.37,13.0
49.38,18.0
49.39,5.0
49.4,24.0
49.41,35.0
49.42,22.0
49.43,20.0
49.44,6.0
49.45,9.0
49.46,9.0
49.47,12.0
49.48,10.0
49.49,9.0
49.5,21.0
49.51,16.0
49.52,9.0
49.53,1.0
49.54,2.0
49.55,1.0
49.56,6.0
49.57,4.0
49.58,11.0
49.59,7.0
49.6,4.0
49.61,3.0
49.62,5.0
49.63,3.0
49.64,7.0
49.65,1.0
49.66,1.0
49.67,14.0
49.68,21.0
49.69,22.0
49.7,49.0
49.71,38.0
49.72,5.0
49.73,16.0
49.74,18.0
49.75,31.0
49.76,24.0
49.77,5.0
49.78,8.0
49.79,19.0
49.8,2.0
49.81,2.0
49.82,3.0
49.83,6.0
49.84,7.0
49.85,5.0
49.86,3.0
49.87,2.0
49.88,2.0
49.89,1.0
49.9,2.0
50.0,316.0
50.09,1.0
50.11,1.0
50.13,7.0
50.14,2.0
50.15,1.0
50.16,10.0
50.17,6.0
50.18,6.0
50.19,7.0
50.2,8.0
50.21,20.0
50.22,6.0
50.23,9.0
50.24,11.0
50.25,25.0
50.26,18.0
50.27,8.0
50.28,7.0
50.29,43.0
50.3,52.0
50.31,35.0
50.32,21.0
50.33,15.0
50.34,1.0
50.35,2.0
50.36,3.0
50.37,3.0
50.38,9.0
50.39,3.0
50.4,7.0
50.41,21.0
50.42,13.0
50.43,12.0
50.44,7.0
50.45,2.0
50.46,3.0
50.47,15.0
50.48,4.0
50.49,14.0
50.5,17.0
50.51,8.0
50.52,8.0
50.53,11.0
50.54,5.0
50.55,4.0
50.56,8.0
50.57,26.0
50.58,20.0
50.59,29.0
50.6,46.0
50.61,16.0
50.62,33.0
50.63,40.0
50.64,19.0
50.65,17.0
50.66,16.0
50.67,6.0
50.68,6.0
50.69,3.0
50.7,5.0
50.71,2.0
50.72,4.0
50.73,11.0
50.74,13.0
50.75,10.0
50.76,7.0
50.77,11.0
50.78,14.0
50.79,19.0
50.8,5.0
50.81,8.0
50.82,6.0
50.83,16.0
50.84,4.0
50.85,12.0
50.86,12.0
50.87,19.0
50.88,24.0
50.89,25.0
50.9,21.0
50.91,22.0
50.92,14.0
50.93,20.0
50.94,21.0
50.95,8.0
50.96,23.0
50.97,27.0
50.98,23.0
50.99,12.0
51.0,12.0
51.01,8.0
51.02,7.0
51.03,55.0
51.04,7.0
51.05,11.0
51.06,11.0
51.07,6.0
51.08,12.0
51.09,7.0
51.1,11.0
51.11,7.0
51.12,6.0
51.13,7.0
51.14,6.0
51.15,18.0
51.16,23.0
51.17,1.0
51.18,39.0
51.19,50.0
51.2,15.0
51.21,5.0
51.22,18.0
51.23,20.0
51.24,16.0
51.25,12.0
51.26,7.0
51.27,22.0
51.28,25.0
51.29,6.0
51.3,17.0
51.31,9.0
51.32,20.0
51.33,11.0
51.34,4.0
51.35,8.0
51.36,4.0
51.37,3.0
51.38,4.0
51.39,1.0
51.4,6.0
51.41,3.0
51.42,1.0
51.43,4.0
51.44,7.0
51.45,10.0
51.46,21.0
51.47,6.0
51.48,24.0
51.49,7.0
51.5,44.0
51.52,26.0
51.53,15.0
51.54,4.0
51.55,13.0
51.56,8.0
51.57,11.0
51.58,6.0
51.59,14.0
51.6,4.0
51.61,19.0
51.63,23.0
51.64,2.0
51.65,3.0
51.66,9.0
51.67,7.0
51.68,3.0
51.69,6.0
51.7,1.0
51.71,6.0
51.72,25.0
51.73,1.0
51.74,23.0
51.75,2.0
51.76,32.0
51.77,1.0
51.78,3.0
51.79,52.0
51.8,2.0
51.81,23.0
51.82,4.0
51.83,19.0
51.84,1.0
51.85,21.0
51.87,3.0
51.88,12.0
51.89,3.0
51.9,16.0
51.91,4.0
51.92,15.0
51.93,2.0
51.94,3.0
51.95,17.0
51.96,8.0
51.97,21.0
51.98,11.0
51.99,1.0
52.0,19.0
52.01,2.0
52.02,7.0
52.03,2.0
52.04,5.0
52.05,11.0
52.06,4.0
52.07,12.0
52.08,7.0
52.09,2.0
52.1,22.0
52.11,3.0
52.12,24.0
52.13,4.0
52.14,3.0
52.15,14.0
52.16,6.0
52.17,12.0
52.19,2.0
52.2,20.0
52.22,12.0
52.23,12.0
52.24,6.0
52.25,2.0
52.26,13.0
52.27,5.0
52.28,7.0
52.29,3.0
52.3,5.0
52.31,2.0
52.32,4.0
52.33,4.0
52.34,1.0
52.35,10.0
52.36,5.0
52.37,1.0
52.38,12.0
52.4,3.0
52.41,12.0
52.43,5.0
52.44,7.0
52.45,3.0
52.46,4.0
52.47,7.0
52.48,4.0
52.49,3.0
52.5,12.0
52.51,2.0
52.52,1.0
52.53,11.0
52.55,2.0
52.56,9.0
52.57,2.0
52.58,5.0
52.6,9.0
52.61,2.0
52.62,1.0
52.63,13.0
52.64,1.0
52.65,2.0
52.66,11.0
52.67,1.0
52.68,2.0
52.69,6.0
52.7,3.0
52.71,1.0
52.72,4.0
52.73,7.0
52.74,7.0
52.75,2.0
52.76,14.0
52.77,4.0
52.78,4.0
52.79,5.0
52.8,4.0
52.81,1.0
52.82,4.0
52.83,6.0
52.84,4.0
52.85,1.0
52.86,4.0
52.87,3.0
52.88,1.0
52.89,1.0
52.9,6.0
52.91,5.0
52.92,2.0
52.94,7.0
52.97,9.0
52.98,10.0
52.99,1.0
53.0,1.0
53.01,6.0
53.02,2.0
53.03,5.0
53.06,5.0
53.07,1.0
53.08,1.0
53.09,6.0
53.1,1.0
53.12,10.0
53.14,2.0
53.15,1.0
53.16,4.0
53.17,1.0
53.18,2.0
53.19,1.0
53.2,1.0
53.21,4.0
53.22,2.0
53.23,2.0
53.25,4.0
53.26,1.0
53.28,2.0
53.29,1.0
53.3,3.0
53.33,7.0
53.36,1.0
53.37,6.0
53.41,1.0
53.42,4.0
53.43,1.0
53.45,1.0
53.46,3.0
53.47,1.0
53.49,1.0
53.5,3.0
53.54,1.0
53.55,1.0
53.57,1.0
53.58,1.0
53.59,1.0
53.6,1.0
53.61,3.0
53.64,4.0
53.65,1.0
53.66,1.0
53.69,1.0
53.7,6.0
53.71,1.0
53.75,1.0
53.76,3.0
53.8,2.0
53.81,1.0
53.83,1.0
53.85,2.0
53.87,1.0
53.88,2.0
53.89,3.0
53.9,3.0
53.92,1.0
53.95,2.0
53.96,1.0
53.99,1.0
54.0,1.0
54.01,1.0
54.04,1.0
54.05,1.0
54.08,1.0
54.09,1.0
54.1,2.0
54.12,1.0
54.14,1.0
54.15,1.0
54.19,1.0
54.22,1.0
54.24,1.0
54.25,1.0
54.32,1.0
54.33,2.0
54.34,1.0
54.39,1.0
54.4,4.0
54.42,1.0
54.43,2.0
54.44,1.0
54.49,2.0
54.5,1.0
54.53,1.0
54.55,3.0
54.56,1.0
54.6,1.0
54.64,1.0
54.65,1.0
54.67,1.0
54.71,1.0
54.72,1.0
54.73,1.0
54.75,1.0
54.78,1.0
54.8,1.0
54.82,1.0
54.85,1.0
54.98,1.0
55.05,1.0
55.08,1.0
55.11,1.0
55.28,1.0
55.31,1.0
55.36,1.0
55.49,1.0
55.56,1.0
55.75,1.0
55.78,1.0
55.81,1.0
55.84,1.0
55.96,1.0
55.97,1.0
56.09,1.0
56.25,1.0
56.27,1.0
56.29,1.0
56.32,1.0
56.45,1.0
56.67,1.0
56.71,1.0
56.73,1.0
56.93,1.0
57.06,1.0
57.14,1.0
57.25,1.0
57.32,1.0
58.55,1.0
59.07,1.0
59.41,1.0
59.87,1.0
60.25,1.0

