seq_score,occurence
37.13,1.0
45.66,1.0
46.97,1.0
47.07,1.0
47.69,1.0
48.0,1.0
48.05,1.0
48.78,1.0
48.83,1.0
48.89,2.0
49.07,1.0
49.1,1.0
49.11,1.0
49.31,1.0
50.12,1.0
50.17,1.0
50.18,1.0
50.2,1.0
50.22,1.0
50.29,1.0
50.3,1.0
50.39,1.0
50.45,1.0
50.49,1.0
50.51,1.0
50.55,1.0
50.74,1.0
50.79,1.0
51.34,1.0
51.37,1.0
51.44,1.0
51.51,1.0
51.7,1.0
51.72,1.0
51.75,1.0
51.78,1.0
51.88,1.0
52.0,1.0
52.12,1.0
52.15,1.0
52.22,1.0
52.26,1.0
52.3,1.0
52.33,1.0
52.36,1.0
52.37,1.0
52.49,1.0
52.62,1.0
52.81,1.0
52.9,1.0
52.97,1.0
53.0,2.0
53.28,1.0
53.32,1.0
53.36,1.0
53.61,1.0
53.68,1.0
53.72,1.0
53.89,1.0
53.91,1.0
53.96,1.0
54.02,1.0
54.06,1.0
54.07,1.0
54.1,1.0
54.2,1.0
54.24,1.0
54.25,1.0
54.31,1.0
54.36,1.0
54.41,1.0
54.43,1.0
54.51,2.0
54.59,1.0
54.6,1.0
54.68,1.0
54.79,1.0
54.8,1.0
55.06,1.0
55.12,1.0
55.22,1.0
55.24,1.0
55.27,1.0
55.31,1.0
55.38,1.0
55.58,1.0
55.64,1.0
55.69,1.0
55.7,1.0
55.71,1.0
55.72,2.0
55.9,1.0
55.91,1.0
55.94,1.0
55.95,2.0
55.99,1.0
56.0,1.0
56.04,1.0
56.09,1.0
56.11,1.0
56.25,1.0
56.27,1.0
56.3,1.0
56.31,1.0
56.37,1.0
56.41,1.0
56.45,1.0
56.52,1.0
56.61,1.0
56.64,1.0
56.76,2.0
56.79,3.0
56.84,1.0
56.85,1.0
56.86,1.0
56.88,1.0
56.94,1.0
56.96,2.0
57.0,1.0
57.02,1.0
57.03,1.0
57.05,1.0
57.08,1.0
57.21,1.0
57.24,1.0
57.25,1.0
57.27,1.0
57.33,1.0
57.34,1.0
57.45,1.0
57.46,2.0
57.47,1.0
57.48,1.0
57.53,3.0
57.57,1.0
57.6,1.0
57.65,2.0
57.69,1.0
57.73,1.0
57.74,1.0
57.75,2.0
57.78,1.0
57.79,2.0
57.82,1.0
57.83,1.0
57.88,1.0
57.93,1.0
57.94,1.0
57.97,1.0
58.03,2.0
58.05,1.0
58.11,1.0
58.15,1.0
58.22,2.0
58.23,1.0
58.27,2.0
58.28,1.0
58.3,1.0
58.33,1.0
58.39,1.0
58.41,1.0
58.51,3.0
58.52,2.0
58.54,1.0
58.56,2.0
58.62,3.0
58.68,1.0
58.78,1.0
58.8,1.0
58.85,1.0
58.95,1.0
58.97,2.0
59.02,1.0
59.03,1.0
59.05,2.0
59.06,1.0
59.1,1.0
59.12,2.0
59.13,1.0
59.14,2.0
59.16,1.0
59.2,2.0
59.24,1.0
59.27,1.0
59.31,1.0
59.42,1.0
59.43,1.0
59.45,1.0
59.47,1.0
59.49,1.0
59.54,1.0
59.55,1.0
59.56,1.0
59.57,1.0
59.59,4.0
59.62,2.0
59.63,1.0
59.64,2.0
59.68,1.0
59.69,1.0
59.7,1.0
59.73,1.0
59.78,1.0
59.79,1.0
59.81,1.0
59.82,1.0
59.86,1.0
59.89,1.0
59.9,1.0
59.93,1.0
59.94,3.0
60.01,1.0
60.02,1.0
60.03,2.0
60.04,2.0
60.05,1.0
60.06,1.0
60.07,1.0
60.08,2.0
60.11,1.0
60.13,1.0
60.15,1.0
60.16,1.0
60.18,1.0
60.22,1.0
60.24,2.0
60.27,2.0
60.29,2.0
60.31,1.0
60.32,1.0
60.33,1.0
60.38,1.0
60.42,1.0
60.43,2.0
60.47,1.0
60.48,1.0
60.5,2.0
60.52,1.0
60.54,3.0
60.56,1.0
60.57,1.0
60.58,1.0
60.59,2.0
60.6,1.0
60.61,1.0
60.63,1.0
60.67,3.0
60.68,3.0
60.7,2.0
60.73,4.0
60.74,2.0
60.75,1.0
60.76,2.0
60.77,3.0
60.78,1.0
60.79,1.0
60.8,4.0
60.82,2.0
60.83,2.0
60.84,2.0
60.85,1.0
60.88,1.0
60.89,4.0
60.9,1.0
60.93,1.0
60.94,1.0
60.96,1.0
60.97,2.0
60.99,1.0
61.0,1.0
61.02,2.0
61.03,1.0
61.04,3.0
61.07,1.0
61.08,2.0
61.12,2.0
61.14,2.0
61.16,1.0
61.18,1.0
61.19,2.0
61.21,2.0
61.22,2.0
61.23,1.0
61.25,1.0
61.26,2.0
61.28,2.0
61.3,3.0
61.31,1.0
61.32,3.0
61.33,2.0
61.34,2.0
61.35,1.0
61.36,2.0
61.37,2.0
61.38,3.0
61.4,1.0
61.43,1.0
61.47,1.0
61.48,1.0
61.49,1.0
61.5,2.0
61.51,2.0
61.52,1.0
61.54,3.0
61.56,2.0
61.57,3.0
61.58,2.0
61.59,4.0
61.6,1.0
61.61,1.0
61.62,1.0
61.63,2.0
61.64,3.0
61.65,1.0
61.68,2.0
61.69,1.0
61.7,3.0
61.72,1.0
61.73,2.0
61.74,3.0
61.75,1.0
61.76,3.0
61.77,1.0
61.78,3.0
61.79,1.0
61.83,2.0
61.85,1.0
61.86,1.0
61.87,1.0
61.88,1.0
61.89,5.0
61.9,1.0
61.91,1.0
61.92,3.0
61.94,2.0
61.95,3.0
61.96,1.0
61.97,1.0
61.98,2.0
62.0,1.0
62.01,1.0
62.02,1.0
62.04,2.0
62.05,1.0
62.07,1.0
62.08,1.0
62.09,3.0
62.1,1.0
62.11,1.0
62.13,1.0
62.14,4.0
62.15,2.0
62.16,3.0
62.17,2.0
62.18,3.0
62.19,5.0
62.2,1.0
62.21,2.0
62.22,1.0
62.23,3.0
62.25,1.0
62.26,1.0
62.27,1.0
62.28,2.0
62.29,3.0
62.3,2.0
62.31,3.0
62.32,1.0
62.33,1.0
62.34,2.0
62.36,4.0
62.39,1.0
62.4,1.0
62.41,3.0
62.42,1.0
62.44,4.0
62.45,1.0
62.46,3.0
62.47,1.0
62.51,1.0
62.53,3.0
62.54,4.0
62.55,1.0
62.56,1.0
62.59,2.0
62.61,1.0
62.62,1.0
62.63,2.0
62.64,1.0
62.65,1.0
62.67,2.0
62.68,2.0
62.69,1.0
62.7,1.0
62.71,1.0
62.72,2.0
62.73,1.0
62.74,2.0
62.75,1.0
62.77,2.0
62.79,1.0
62.8,1.0
62.81,2.0
62.82,2.0
62.83,4.0
62.84,3.0
62.85,1.0
62.86,2.0
62.87,3.0
62.9,1.0
62.92,1.0
62.93,3.0
62.94,4.0
62.95,1.0
62.96,1.0
62.97,2.0
62.98,1.0
63.01,5.0
63.02,1.0
63.04,3.0
63.05,1.0
63.07,1.0
63.08,2.0
63.1,4.0
63.11,1.0
63.12,3.0
63.13,5.0
63.14,2.0
63.15,2.0
63.16,2.0
63.17,1.0
63.18,4.0
63.19,1.0
63.2,2.0
63.21,2.0
63.22,1.0
63.23,2.0
63.24,1.0
63.25,3.0
63.26,1.0
63.27,2.0
63.28,4.0
63.29,1.0
63.3,1.0
63.31,2.0
63.32,3.0
63.33,1.0
63.34,1.0
63.35,2.0
63.36,1.0
63.37,2.0
63.38,2.0
63.39,4.0
63.4,2.0
63.41,1.0
63.42,2.0
63.43,2.0
63.44,1.0
63.45,3.0
63.46,3.0
63.5,3.0
63.51,2.0
63.52,1.0
63.53,2.0
63.54,1.0
63.55,3.0
63.56,1.0
63.57,1.0
63.58,4.0
63.61,2.0
63.62,5.0
63.63,1.0
63.64,2.0
63.65,5.0
63.66,1.0
63.67,3.0
63.68,3.0
63.69,3.0
63.7,1.0
63.71,4.0
63.72,1.0
63.73,1.0
63.74,1.0
63.75,2.0
63.76,3.0
63.78,3.0
63.79,1.0
63.8,3.0
63.81,2.0
63.82,1.0
63.83,2.0
63.84,5.0
63.85,6.0
63.86,2.0
63.87,1.0
63.88,1.0
63.91,2.0
63.92,5.0
63.93,2.0
63.94,2.0
63.95,1.0
63.96,2.0
63.97,1.0
63.98,2.0
63.99,2.0
64.0,4.0
64.01,4.0
64.02,4.0
64.03,2.0
64.04,1.0
64.05,2.0
64.06,2.0
64.08,4.0
64.09,1.0
64.1,1.0
64.11,1.0
64.12,2.0
64.13,1.0
64.14,1.0
64.15,1.0
64.17,1.0
64.18,1.0
64.21,3.0
64.22,3.0
64.23,1.0
64.24,1.0
64.25,6.0
64.26,2.0
64.27,7.0
64.28,1.0
64.29,2.0
64.3,3.0
64.31,2.0
64.32,1.0
64.33,1.0
64.34,1.0
64.35,2.0
64.36,1.0
64.37,2.0
64.39,2.0
64.4,1.0
64.41,1.0
64.43,2.0
64.44,1.0
64.45,3.0
64.46,1.0
64.47,1.0
64.48,2.0
64.5,4.0
64.52,1.0
64.53,3.0
64.54,3.0
64.55,2.0
64.56,3.0
64.57,2.0
64.58,2.0
64.61,2.0
64.62,3.0
64.63,1.0
64.64,2.0
64.65,1.0
64.66,4.0
64.67,1.0
64.68,1.0
64.69,1.0
64.71,3.0
64.72,2.0
64.73,1.0
64.74,1.0
64.76,5.0
64.77,1.0
64.78,2.0
64.79,1.0
64.8,1.0
64.81,3.0
64.82,5.0
64.83,2.0
64.84,1.0
64.85,3.0
64.86,2.0
64.87,2.0
64.88,1.0
64.89,1.0
64.91,3.0
64.92,3.0
64.93,1.0
64.94,3.0
64.95,1.0
64.96,5.0
64.98,2.0
64.99,3.0
65.0,3.0
65.01,1.0
65.02,2.0
65.04,2.0
65.05,1.0
65.07,3.0
65.09,3.0
65.1,3.0
65.11,1.0
65.12,1.0
65.13,2.0
65.15,3.0
65.16,6.0
65.17,3.0
65.18,3.0
65.19,1.0
65.2,1.0
65.21,1.0
65.22,2.0
65.23,1.0
65.24,3.0
65.25,3.0
65.26,3.0
65.27,3.0
65.28,1.0
65.29,1.0
65.3,2.0
65.31,1.0
65.32,1.0
65.33,3.0
65.34,2.0
65.35,1.0
65.36,1.0
65.37,1.0
65.38,3.0
65.39,3.0
65.4,3.0
65.41,2.0
65.42,5.0
65.43,2.0
65.44,3.0
65.46,4.0
65.47,2.0
65.48,2.0
65.49,2.0
65.5,3.0
65.51,1.0
65.52,1.0
65.53,2.0
65.54,2.0
65.55,3.0
65.57,3.0
65.58,4.0
65.6,2.0
65.62,3.0
65.66,2.0
65.68,1.0
65.69,2.0
65.7,1.0
65.71,1.0
65.72,1.0
65.74,1.0
65.75,2.0
65.77,1.0
65.78,5.0
65.79,4.0
65.8,2.0
65.82,4.0
65.83,6.0
65.85,1.0
65.86,2.0
65.87,2.0
65.88,1.0
65.89,5.0
65.91,6.0
65.92,3.0
65.95,4.0
65.96,3.0
65.97,4.0
65.98,2.0
65.99,2.0
66.0,2.0
66.02,3.0
66.03,2.0
66.04,2.0
66.05,2.0
66.06,2.0
66.08,3.0
66.09,3.0
66.11,2.0
66.12,4.0
66.13,2.0
66.14,3.0
66.16,2.0
66.17,2.0
66.18,2.0
66.19,3.0
66.2,1.0
66.21,1.0
66.23,3.0
66.24,2.0
66.25,2.0
66.26,4.0
66.27,3.0
66.28,2.0
66.29,3.0
66.31,4.0
66.32,3.0
66.33,2.0
66.34,1.0
66.35,2.0
66.36,1.0
66.37,3.0
66.38,1.0
66.39,2.0
66.4,2.0
66.41,1.0
66.43,1.0
66.44,2.0
66.45,3.0
66.46,1.0
66.47,5.0
66.48,1.0
66.49,3.0
66.5,3.0
66.51,3.0
66.53,1.0
66.54,4.0
66.55,2.0
66.56,1.0
66.58,2.0
66.59,1.0
66.61,1.0
66.63,1.0
66.64,4.0
66.65,4.0
66.66,2.0
66.67,3.0
66.68,1.0
66.69,4.0
66.7,4.0
66.71,4.0
66.72,3.0
66.73,1.0
66.75,1.0
66.76,4.0
66.77,5.0
66.78,2.0
66.79,1.0
66.8,2.0
66.81,3.0
66.82,1.0
66.83,1.0
66.84,2.0
66.86,3.0
66.87,2.0
66.88,2.0
66.89,4.0
66.9,2.0
66.91,1.0
66.93,3.0
66.94,2.0
66.95,2.0
66.97,1.0
66.98,4.0
66.99,1.0
67.0,1.0
67.01,2.0
67.02,3.0
67.03,8.0
67.04,4.0
67.05,1.0
67.06,1.0
67.07,2.0
67.08,1.0
67.09,1.0
67.1,4.0
67.11,5.0
67.12,3.0
67.13,3.0
67.14,1.0
67.15,1.0
67.16,3.0
67.17,2.0
67.18,3.0
67.19,2.0
67.2,3.0
67.21,2.0
67.23,3.0
67.24,3.0
67.26,2.0
67.27,1.0
67.29,5.0
67.3,3.0
67.31,2.0
67.32,2.0
67.33,1.0
67.34,3.0
67.35,2.0
67.36,1.0
67.37,2.0
67.38,3.0
67.39,4.0
67.4,4.0
67.41,3.0
67.43,1.0
67.44,3.0
67.45,2.0
67.46,4.0
67.47,3.0
67.48,4.0
67.49,1.0
67.5,3.0
67.51,2.0
67.52,4.0
67.53,2.0
67.54,1.0
67.55,2.0
67.56,1.0
67.6,4.0
67.61,7.0
67.62,1.0
67.63,1.0
67.64,2.0
67.65,3.0
67.67,1.0
67.68,2.0
67.69,2.0
67.7,2.0
67.71,4.0
67.72,5.0
67.74,3.0
67.75,3.0
67.76,1.0
67.77,1.0
67.78,1.0
67.79,1.0
67.8,3.0
67.81,1.0
67.82,6.0
67.83,4.0
67.84,2.0
67.85,4.0
67.86,1.0
67.87,4.0
67.88,4.0
67.89,4.0
67.9,2.0
67.91,5.0
67.92,2.0
67.93,4.0
67.94,2.0
67.95,1.0
67.96,3.0
67.97,3.0
67.98,2.0
68.01,3.0
68.02,1.0
68.03,4.0
68.04,2.0
68.05,2.0
68.07,2.0
68.08,1.0
68.09,4.0
68.1,1.0
68.11,2.0
68.12,2.0
68.13,2.0
68.15,4.0
68.16,2.0
68.17,5.0
68.18,3.0
68.19,1.0
68.2,3.0
68.21,2.0
68.22,3.0
68.23,6.0
68.24,5.0
68.25,5.0
68.27,5.0
68.29,1.0
68.3,3.0
68.31,6.0
68.32,3.0
68.33,2.0
68.34,4.0
68.35,1.0
68.36,1.0
68.37,4.0
68.38,1.0
68.39,1.0
68.41,3.0
68.42,2.0
68.43,1.0
68.44,1.0
68.45,4.0
68.46,1.0
68.47,1.0
68.49,3.0
68.5,1.0
68.51,2.0
68.52,2.0
68.53,3.0
68.54,3.0
68.55,3.0
68.56,1.0
68.57,2.0
68.58,2.0
68.59,2.0
68.6,2.0
68.61,2.0
68.62,1.0
68.64,4.0
68.65,2.0
68.66,1.0
68.67,4.0
68.68,2.0
68.69,1.0
68.7,2.0
68.71,2.0
68.72,3.0
68.73,3.0
68.74,1.0
68.75,1.0
68.76,1.0
68.77,5.0
68.78,2.0
68.79,2.0
68.8,3.0
68.81,2.0
68.82,2.0
68.83,1.0
68.84,4.0
68.85,3.0
68.87,1.0
68.88,2.0
68.89,1.0
68.9,3.0
68.91,1.0
68.92,1.0
68.93,1.0
68.94,3.0
68.95,2.0
68.97,4.0
68.98,3.0
68.99,2.0
69.0,5.0
69.01,1.0
69.02,3.0
69.03,2.0
69.04,2.0
69.05,2.0
69.06,2.0
69.07,1.0
69.08,2.0
69.09,3.0
69.1,2.0
69.11,3.0
69.12,2.0
69.13,1.0
69.14,4.0
69.15,1.0
69.16,3.0
69.17,2.0
69.18,3.0
69.19,5.0
69.2,6.0
69.21,3.0
69.22,5.0
69.23,3.0
69.24,1.0
69.25,4.0
69.26,2.0
69.28,2.0
69.29,5.0
69.3,4.0
69.31,1.0
69.33,2.0
69.34,2.0
69.35,2.0
69.36,2.0
69.37,2.0
69.38,3.0
69.39,3.0
69.4,3.0
69.41,2.0
69.42,4.0
69.43,3.0
69.44,1.0
69.45,2.0
69.46,2.0
69.47,2.0
69.48,3.0
69.5,1.0
69.51,4.0
69.52,2.0
69.53,1.0
69.54,2.0
69.55,3.0
69.56,2.0
69.57,1.0
69.58,2.0
69.59,3.0
69.6,1.0
69.61,3.0
69.62,6.0
69.63,2.0
69.64,2.0
69.65,2.0
69.66,2.0
69.67,2.0
69.68,2.0
69.69,5.0
69.7,4.0
69.71,1.0
69.72,3.0
69.73,5.0
69.74,2.0
69.75,4.0
69.76,1.0
69.77,5.0
69.79,3.0
69.8,2.0
69.81,4.0
69.82,2.0
69.83,1.0
69.84,1.0
69.85,3.0
69.87,2.0
69.88,2.0
69.89,2.0
69.9,2.0
69.92,6.0
69.93,1.0
69.94,3.0
69.95,5.0
69.96,1.0
69.97,2.0
69.98,1.0
69.99,1.0
70.0,2.0
70.01,1.0
70.02,1.0
70.03,1.0
70.05,1.0
70.06,4.0
70.07,1.0
70.08,3.0
70.09,2.0
70.1,2.0
70.12,2.0
70.14,3.0
70.15,6.0
70.16,6.0
70.18,3.0
70.19,2.0
70.2,1.0
70.21,3.0
70.22,1.0
70.23,1.0
70.25,3.0
70.26,3.0
70.29,1.0
70.3,2.0
70.31,1.0
70.32,3.0
70.34,2.0
70.35,4.0
70.36,2.0
70.38,3.0
70.39,7.0
70.4,3.0
70.41,1.0
70.43,3.0
70.44,3.0
70.45,2.0
70.46,3.0
70.47,5.0
70.48,3.0
70.49,2.0
70.5,3.0
70.51,1.0
70.52,1.0
70.53,4.0
70.54,4.0
70.56,1.0
70.57,3.0
70.58,2.0
70.59,3.0
70.61,2.0
70.62,3.0
70.63,3.0
70.64,4.0
70.65,3.0
70.67,1.0
70.68,1.0
70.69,5.0
70.7,3.0
70.71,1.0
70.72,3.0
70.73,3.0
70.74,2.0
70.75,4.0
70.76,3.0
70.77,3.0
70.78,2.0
70.79,4.0
70.8,2.0
70.81,4.0
70.83,1.0
70.84,1.0
70.85,3.0
70.86,4.0
70.87,1.0
70.88,5.0
70.89,6.0
70.9,2.0
70.91,2.0
70.92,2.0
70.93,3.0
70.94,2.0
70.96,2.0
70.97,5.0
70.98,1.0
70.99,1.0
71.0,1.0
71.02,1.0
71.03,1.0
71.04,1.0
71.05,2.0
71.06,2.0
71.07,3.0
71.08,2.0
71.09,3.0
71.12,2.0
71.14,3.0
71.15,3.0
71.16,1.0
71.17,1.0
71.18,1.0
71.19,2.0
71.21,2.0
71.22,2.0
71.24,1.0
71.25,2.0
71.26,4.0
71.27,1.0
71.28,1.0
71.29,2.0
71.31,1.0
71.32,2.0
71.34,2.0
71.36,4.0
71.37,1.0
71.38,2.0
71.4,2.0
71.41,2.0
71.42,2.0
71.43,3.0
71.44,3.0
71.45,3.0
71.46,5.0
71.47,2.0
71.48,2.0
71.5,3.0
71.51,3.0
71.52,1.0
71.54,1.0
71.55,1.0
71.56,1.0
71.58,1.0
71.59,2.0
71.6,2.0
71.61,1.0
71.62,4.0
71.63,6.0
71.64,1.0
71.65,3.0
71.66,4.0
71.67,4.0
71.68,2.0
71.69,1.0
71.7,2.0
71.71,1.0
71.72,2.0
71.73,1.0
71.74,2.0
71.75,1.0
71.76,3.0
71.77,4.0
71.78,1.0
71.79,2.0
71.8,1.0
71.81,3.0
71.82,4.0
71.83,1.0
71.84,2.0
71.85,4.0
71.86,1.0
71.87,2.0
71.89,2.0
71.9,4.0
71.91,1.0
71.92,1.0
71.93,6.0
71.94,1.0
71.95,2.0
71.96,1.0
71.97,2.0
71.98,2.0
71.99,2.0
72.0,3.0
72.01,1.0
72.02,1.0
72.03,1.0
72.04,2.0
72.06,2.0
72.07,1.0
72.08,2.0
72.09,2.0
72.1,1.0
72.12,1.0
72.13,2.0
72.14,1.0
72.16,1.0
72.17,2.0
72.18,2.0
72.19,3.0
72.2,4.0
72.21,1.0
72.22,2.0
72.23,2.0
72.24,1.0
72.25,1.0
72.26,3.0
72.27,1.0
72.28,2.0
72.29,1.0
72.3,1.0
72.31,2.0
72.32,2.0
72.33,2.0
72.34,3.0
72.35,1.0
72.36,1.0
72.37,1.0
72.38,1.0
72.39,2.0
72.4,2.0
72.41,1.0
72.42,3.0
72.43,2.0
72.44,1.0
72.45,3.0
72.46,2.0
72.47,4.0
72.49,2.0
72.51,2.0
72.52,1.0
72.53,4.0
72.54,1.0
72.55,1.0
72.56,1.0
72.57,5.0
72.58,1.0
72.6,2.0
72.62,1.0
72.64,1.0
72.65,2.0
72.66,2.0
72.67,1.0
72.68,3.0
72.69,4.0
72.7,2.0
72.71,4.0
72.72,1.0
72.73,1.0
72.74,1.0
72.75,1.0
72.77,1.0
72.78,2.0
72.79,1.0
72.8,2.0
72.81,1.0
72.82,3.0
72.83,3.0
72.84,3.0
72.85,2.0
72.86,1.0
72.88,1.0
72.89,1.0
72.9,2.0
72.91,2.0
72.93,3.0
72.94,1.0
72.95,2.0
72.97,1.0
73.0,1.0
73.01,1.0
73.02,1.0
73.03,2.0
73.04,1.0
73.05,1.0
73.06,1.0
73.07,3.0
73.08,1.0
73.09,3.0
73.11,3.0
73.14,2.0
73.17,5.0
73.19,2.0
73.21,1.0
73.22,2.0
73.24,1.0
73.26,2.0
73.27,1.0
73.28,3.0
73.29,1.0
73.3,1.0
73.32,1.0
73.33,1.0
73.35,1.0
73.36,3.0
73.37,1.0
73.39,1.0
73.4,2.0
73.41,3.0
73.42,1.0
73.43,3.0
73.48,2.0
73.49,2.0
73.5,2.0
73.54,1.0
73.56,4.0
73.57,2.0
73.58,3.0
73.6,1.0
73.61,1.0
73.66,1.0
73.69,1.0
73.7,2.0
73.71,1.0
73.72,1.0
73.77,2.0
73.79,2.0
73.8,2.0
73.83,1.0
73.84,1.0
73.85,2.0
73.86,1.0
73.89,1.0
73.92,1.0
73.94,4.0
73.95,1.0
73.98,1.0
73.99,1.0
74.01,2.0
74.03,1.0
74.06,2.0
74.1,1.0
74.11,1.0
74.15,2.0
74.16,1.0
74.17,1.0
74.18,1.0
74.2,1.0
74.22,1.0
74.23,1.0
74.24,1.0
74.25,2.0
74.26,4.0
74.31,2.0
74.32,4.0
74.33,2.0
74.34,1.0
74.38,2.0
74.45,2.0
74.46,2.0
74.47,1.0
74.48,1.0
74.49,2.0
74.5,1.0
74.57,2.0
74.63,1.0
74.64,2.0
74.68,1.0
74.69,1.0
74.7,3.0
74.71,1.0
74.74,1.0
74.79,1.0
74.81,1.0
74.82,1.0
74.83,1.0
74.84,2.0
74.85,2.0
74.91,1.0
74.93,1.0
74.95,2.0
74.97,2.0
74.99,1.0
75.05,1.0
75.06,1.0
75.09,1.0
75.11,1.0
75.12,1.0
75.17,1.0
75.18,1.0
75.24,2.0
75.25,4.0
75.26,1.0
75.34,2.0
75.35,1.0
75.37,2.0
75.48,1.0
75.5,2.0
75.73,1.0
75.78,1.0
75.8,1.0
75.84,1.0
76.0,1.0
76.41,1.0
76.53,1.0
76.58,2.0
76.68,1.0
76.81,1.0
76.94,1.0
77.03,1.0
77.25,1.0
77.64,1.0

