read_length,mapped,occurence
47,1,8
48,1,3
52,1,1
53,1,9
54,1,2
55,1,76
56,1,2
65,1,1
74,1,1
77,1,1
78,1,3
80,1,2
82,1,1
85,1,4
86,1,2
87,1,2
88,1,5
89,1,11
90,1,44
91,1,4
92,1,2
93,1,1
95,1,2
96,1,1
100,1,1
103,1,2
105,1,1
110,1,2
133,1,1
139,1,1
142,1,1
146,1,1
149,1,1
150,0,9
150,1,72
151,0,6
151,1,37
152,0,4
152,1,20
153,0,4
153,1,14
154,0,3
154,1,11
155,0,2
155,1,7
156,0,2
156,1,4
157,1,1
158,0,4
158,1,4
159,0,3
159,1,1
160,0,2
160,1,3
161,0,3
161,1,3
162,0,1
162,1,4
163,0,2
164,0,1
164,1,2
165,0,2
165,1,1
166,0,2
166,1,4
167,0,1
168,0,3
168,1,3
169,0,3
169,1,5
170,0,3
170,1,6
171,0,4
171,1,4
172,0,1
172,1,7
173,0,3
173,1,14
174,0,1
174,1,8
175,0,3
175,1,6
176,0,2
176,1,8
177,0,1
177,1,5
178,0,7
178,1,2
179,0,4
179,1,10
180,0,4
180,1,6
181,0,4
181,1,10
182,0,2
182,1,18
183,0,2
183,1,21
184,1,25
185,1,40
186,0,1
186,1,40
187,1,23
188,0,4
188,1,26
189,1,8
190,0,2
190,1,6
191,1,3
192,0,1
192,1,1
193,0,1
193,1,3
194,1,1
195,0,1
195,1,1
196,0,2
196,1,1
198,1,1
199,1,1
200,1,2
201,0,3
201,1,3
202,0,1
202,1,5
203,1,1
204,1,3
205,0,1
205,1,4
206,1,2
207,0,2
207,1,4
208,0,2
208,1,3
210,0,2
210,1,5
211,1,5
212,1,11
213,0,1
213,1,5
214,0,1
214,1,7
215,1,4
216,0,1
216,1,7
217,0,1
217,1,5
218,0,1
218,1,6
219,0,1
219,1,7
220,0,1
220,1,8
221,1,10
222,0,1
222,1,3
223,1,15
224,1,12
225,0,1
225,1,21
226,0,4
226,1,50
227,1,19
228,1,15
229,1,13
230,0,1
230,1,16
231,1,20
232,1,32
233,0,3
233,1,110
234,0,1
234,1,32
235,1,21
236,1,45
237,0,1
237,1,14
238,1,4
239,0,2
239,1,10
240,0,1
240,1,4
241,0,3
241,1,9
242,1,3
243,1,1
244,1,6
245,1,7
246,1,7
247,1,7
248,0,2
248,1,6
249,1,7
250,0,1
250,1,3
251,1,10
252,1,8
253,1,8
254,0,1
254,1,8
255,0,1
255,1,12
256,1,11
257,0,1
257,1,15
258,0,1
258,1,15
259,0,3
259,1,24
260,0,1
260,1,57
261,0,1
261,1,18
262,0,3
262,1,20
263,1,42
264,1,17
265,1,18
266,1,10
267,0,2
267,1,10
268,1,9
269,0,2
269,1,11
270,1,8
271,0,1
271,1,10
272,0,1
272,1,20
273,1,31
274,1,62
275,0,1
275,1,42
276,1,55
277,1,176
278,1,37
279,1,18
280,1,15
281,0,1
281,1,9
282,1,8
283,0,2
283,1,11
284,1,7
285,0,1
285,1,7
286,0,1
286,1,26
287,0,1
287,1,45
288,0,2
288,1,25
289,0,1
289,1,27
290,1,30
291,1,19
292,1,16
293,1,10
294,1,12
295,0,1
295,1,4
296,0,1
296,1,3
297,1,5
298,1,3
299,0,1
299,1,1
300,0,1
300,1,5
301,0,1
301,1,4
302,1,4
303,1,3
304,1,4
305,0,1
305,1,4
306,1,3
307,0,1
307,1,4
308,0,1
308,1,4
309,0,1
309,1,3
310,0,1
310,1,5
311,1,13
312,0,1
312,1,17
313,0,2
313,1,13
314,1,19
315,1,11
316,0,2
316,1,18
317,0,1
317,1,21
318,1,12
319,1,13
320,1,5
321,0,2
321,1,6
322,1,3
323,0,2
323,1,2
324,1,3
325,1,8
326,1,3
327,0,1
327,1,2
328,1,4
329,0,1
329,1,5
330,1,3
331,1,4
332,0,1
332,1,4
333,1,4
334,0,3
334,1,5
335,1,4
336,0,2
336,1,7
337,1,2
338,1,9
339,0,2
339,1,7
340,1,8
341,0,3
341,1,20
342,0,2
342,1,13
343,0,3
343,1,16
344,0,2
344,1,22
345,1,9
346,1,13
347,0,1
347,1,8
348,0,1
348,1,5
349,1,3
350,1,5
351,1,11
352,1,5
353,1,5
354,0,1
354,1,4
355,0,2
355,1,1
356,1,2
357,0,2
357,1,2
358,1,1
359,1,4
360,1,5
361,1,3
362,1,2
363,0,1
363,1,5
364,0,1
364,1,2
365,0,1
365,1,6
366,1,2
367,0,1
367,1,9
368,1,17
369,0,1
369,1,10
370,1,12
371,0,1
371,1,6
372,0,2
372,1,13
373,1,5
374,0,1
374,1,8
375,1,5
376,1,6
377,1,1
378,0,1
378,1,3
379,1,4
380,1,1
381,1,2
382,1,1
383,1,1
384,0,2
384,1,6
385,1,3
386,1,3
387,0,1
387,1,5
388,1,2
389,1,4
390,1,3
391,1,2
392,1,6
393,1,2
394,1,7
395,1,8
396,1,4
397,1,14
398,1,12
399,1,11
400,1,7
401,1,2
402,1,4
403,1,6
404,0,1
404,1,3
405,0,1
405,1,2
406,1,1
407,1,2
408,1,4
409,1,3
410,0,1
410,1,1
411,1,3
412,0,1
412,1,3
413,1,1
414,1,2
415,1,1
416,1,5
417,0,2
417,1,3
418,1,5
419,1,4
420,1,6
421,1,8
422,1,10
423,1,2
424,1,11
425,0,1
425,1,5
426,1,8
427,1,6
428,1,4
429,0,1
429,1,1
431,1,2
432,0,2
432,1,5
433,1,3
434,1,2
435,1,3
436,1,1
437,0,1
438,1,2
439,0,1
439,1,3
440,1,2
441,0,1
441,1,2
442,1,3
443,0,1
443,1,1
444,1,3
445,1,1
446,0,1
446,1,9
447,0,2
447,1,4
448,0,1
448,1,4
449,1,4
450,1,7
451,1,9
452,1,6
453,0,1
453,1,4
454,1,3
455,0,3
455,1,4
456,1,5
457,1,3
458,1,1
459,0,1
459,1,2
460,0,1
460,1,1
461,1,2
462,1,4
464,0,1
464,1,2
465,0,2
466,0,1
466,1,2
467,0,1
468,1,2
469,0,2
469,1,2
470,1,1
471,0,1
471,1,3
472,1,1
473,0,2
473,1,2
474,0,1
474,1,2
475,1,8
476,1,5
477,1,2
478,0,1
478,1,8
479,1,6
480,1,6
481,0,1
481,1,6
482,1,4
483,1,2
484,0,1
484,1,1
485,0,1
485,1,5
487,0,1
487,1,1
488,0,2
488,1,3
489,1,1
490,1,2
491,0,1
492,1,3
493,0,1
494,0,1
494,1,1
495,0,1
495,1,1
496,1,1
497,1,3
498,1,2
499,1,1
500,0,1
500,1,4
501,1,1
502,1,2
503,1,3
504,1,2
505,1,2
506,1,5
507,0,1
507,1,8
508,0,1
508,1,7
509,1,4
510,1,4
511,1,2
512,0,1
512,1,1
513,1,3
514,1,4
515,1,2
516,1,1
518,0,1
518,1,1
519,1,1
520,1,1
522,0,1
522,1,2
523,1,1
524,0,1
524,1,1
525,0,1
525,1,1
527,0,1
527,1,2
528,1,5
529,1,3
530,1,5
531,0,1
531,1,1
532,1,2
533,1,3
534,0,1
534,1,4
535,1,1
536,1,4
537,1,2
538,0,1
538,1,4
540,0,1
540,1,1
541,1,1
542,1,2
543,0,1
545,1,1
546,1,2
548,1,1
549,0,2
549,1,2
550,1,4
552,1,1
554,1,1
555,1,2
556,1,3
558,1,4
559,0,1
559,1,3
560,1,4
561,0,1
561,1,3
562,1,4
563,0,1
563,1,5
564,0,1
564,1,4
565,1,5
566,1,2
567,1,1
568,0,1
568,1,3
569,0,2
569,1,4
570,1,3
571,1,1
572,0,1
573,0,1
573,1,3
575,1,3
576,1,2
577,1,2
578,1,3
579,1,2
580,1,1
581,1,2
582,1,1
584,1,3
585,1,4
586,1,1
587,1,2
588,1,1
589,0,1
589,1,8
590,1,1
591,0,1
591,1,5
592,1,1
594,0,1
594,1,2
595,0,2
595,1,3
596,1,2
597,1,1
598,1,1
599,1,4
600,0,1
601,1,2
602,1,2
603,1,1
604,1,1
605,0,1
605,1,2
606,1,1
608,0,1
608,1,1
609,0,1
610,0,2
611,1,2
612,1,3
614,0,1
614,1,2
616,1,2
617,1,4
619,1,1
620,1,1
621,1,2
625,1,1
627,1,2
628,1,1
629,1,1
630,0,1
632,1,1
633,1,2
634,1,3
635,1,1
636,0,1
636,1,1
639,0,2
639,1,2
640,0,1
641,0,1
641,1,4
642,0,1
643,0,1
643,1,1
644,0,1
645,0,1
645,1,2
646,0,1
646,1,1
647,1,1
648,1,1
649,0,1
649,1,1
651,0,1
651,1,2
652,1,2
654,1,3
655,1,1
656,1,3
658,0,1
658,1,1
660,1,1
661,1,1
663,0,1
663,1,2
665,1,4
666,1,1
667,1,3
668,0,1
668,1,4
669,1,3
672,0,1
672,1,1
673,1,2
674,0,1
674,1,2
675,1,1
676,0,1
677,1,1
678,0,1
678,1,1
680,0,2
681,1,1
682,1,1
683,1,1
684,0,1
686,0,1
688,0,1
688,1,1
689,0,1
689,1,1
690,0,1
691,0,1
691,1,1
692,1,1
693,1,2
695,1,1
696,0,2
696,1,1
697,0,1
697,1,1
698,0,1
698,1,2
700,0,1
700,1,1
702,0,1
702,1,2
703,1,1
704,1,2
705,0,1
707,0,1
709,1,2
711,1,3
712,0,1
713,0,1
714,1,3
719,1,1
720,0,1
722,1,2
723,1,2
724,0,1
726,1,2
727,0,1
727,1,1
729,1,3
730,1,1
735,0,1
738,0,1
740,0,2
742,0,1
742,1,1
743,1,1
744,1,1
745,1,2
746,1,1
747,1,1
748,1,1
749,1,2
750,1,1
751,1,2
752,1,3
755,1,1
756,1,1
757,1,1
758,1,1
759,0,1
759,1,1
761,0,1
762,0,1
767,1,2
768,0,1
771,0,1
771,1,2
773,1,1
774,1,1
775,1,1
779,1,1
780,0,1
781,1,1
783,1,2
787,1,1
792,0,1
792,1,2
794,0,1
795,0,1
796,1,1
798,1,2
806,0,1
806,1,1
810,0,1
811,1,1
817,0,1
820,1,1
821,0,1
823,1,1
824,1,1
827,1,2
830,0,1
830,1,1
831,1,1
833,0,1
833,1,1
835,1,1
837,0,1
838,1,1
840,1,1
842,1,1
848,1,1
851,0,1
853,1,1
856,1,1
859,1,1
865,1,1
868,1,1
878,1,2
879,1,1
880,1,1
886,0,1
886,1,1
890,1,1
895,1,1
896,1,1
906,1,1
912,0,1
918,0,1
932,0,1
935,0,1
937,1,1
941,1,1
947,1,1
963,0,1
964,0,1
967,1,1
968,1,2
972,1,1
989,1,1
995,1,1
996,1,1
1008,1,1
1012,1,1
1013,1,1
1016,0,1
1017,1,1
1025,1,1
1026,1,1
1031,1,1
1033,1,1
1041,1,1
1044,1,1
1045,1,1
1048,0,1
1048,1,1
1050,1,1
1058,0,1
1072,0,1
1073,1,1
1074,1,1
1079,0,1
1083,0,1
1088,0,1
1089,0,1
1095,1,1
1103,0,1
1110,0,1
1114,1,1
1115,1,1
1119,1,1
1130,1,1
1134,1,1
1138,1,1
1143,1,1
1167,0,1
1167,1,1
1175,0,1
1189,1,1

