seq_score,mapped,occurence
37.13,0.0,1.0
45.66,0.0,1.0
46.52,1.0,1.0
46.97,0.0,1.0
47.07,0.0,1.0
47.69,0.0,1.0
48.0,0.0,1.0
48.05,1.0,1.0
48.78,1.0,1.0
48.83,0.0,1.0
48.89,1.0,2.0
49.07,0.0,1.0
49.1,0.0,1.0
49.11,1.0,1.0
49.31,0.0,1.0
50.12,0.0,1.0
50.17,0.0,1.0
50.18,0.0,1.0
50.2,0.0,1.0
50.22,0.0,1.0
50.29,1.0,1.0
50.3,0.0,1.0
50.39,0.0,1.0
50.45,0.0,1.0
50.49,0.0,1.0
50.51,0.0,1.0
50.55,1.0,1.0
50.74,0.0,1.0
50.79,0.0,1.0
51.34,0.0,1.0
51.37,1.0,1.0
51.44,0.0,1.0
51.51,0.0,1.0
51.7,0.0,1.0
51.72,0.0,1.0
51.75,0.0,1.0
51.78,0.0,1.0
51.88,0.0,1.0
52.0,0.0,1.0
52.12,0.0,1.0
52.15,0.0,1.0
52.22,1.0,1.0
52.26,0.0,1.0
52.3,0.0,1.0
52.33,1.0,1.0
52.36,0.0,1.0
52.37,0.0,1.0
52.49,0.0,1.0
52.62,0.0,1.0
52.81,0.0,1.0
52.9,1.0,1.0
52.97,0.0,1.0
53.0,0.0,2.0
53.28,1.0,1.0
53.32,1.0,1.0
53.36,0.0,1.0
53.61,0.0,1.0
53.68,1.0,1.0
53.72,1.0,1.0
53.89,1.0,1.0
53.91,1.0,1.0
53.96,0.0,1.0
54.02,1.0,1.0
54.06,1.0,1.0
54.07,1.0,1.0
54.1,0.0,1.0
54.2,1.0,1.0
54.24,0.0,1.0
54.25,1.0,1.0
54.31,1.0,1.0
54.36,0.0,1.0
54.41,0.0,1.0
54.43,0.0,1.0
54.51,0.0,1.0
54.51,1.0,1.0
54.59,1.0,1.0
54.6,0.0,1.0
54.68,1.0,1.0
54.79,1.0,1.0
54.8,0.0,1.0
55.06,0.0,1.0
55.12,0.0,1.0
55.22,0.0,1.0
55.24,1.0,1.0
55.27,0.0,1.0
55.31,0.0,1.0
55.38,0.0,1.0
55.58,0.0,1.0
55.64,0.0,1.0
55.69,0.0,1.0
55.7,0.0,1.0
55.71,1.0,1.0
55.72,0.0,2.0
55.9,0.0,1.0
55.91,1.0,1.0
55.94,0.0,1.0
55.95,0.0,1.0
55.95,1.0,1.0
55.99,0.0,1.0
56.0,0.0,1.0
56.04,0.0,1.0
56.09,0.0,1.0
56.11,0.0,1.0
56.25,0.0,1.0
56.27,0.0,1.0
56.3,1.0,1.0
56.31,0.0,1.0
56.37,1.0,1.0
56.41,1.0,1.0
56.45,0.0,1.0
56.52,1.0,1.0
56.61,0.0,1.0
56.64,0.0,1.0
56.76,0.0,2.0
56.79,0.0,3.0
56.84,0.0,1.0
56.85,0.0,1.0
56.86,1.0,1.0
56.88,0.0,1.0
56.94,1.0,1.0
56.96,0.0,1.0
56.96,1.0,1.0
57.0,0.0,1.0
57.02,1.0,1.0
57.03,0.0,1.0
57.05,0.0,1.0
57.08,0.0,1.0
57.21,1.0,1.0
57.24,1.0,1.0
57.25,0.0,1.0
57.27,0.0,1.0
57.33,1.0,1.0
57.34,0.0,1.0
57.45,1.0,1.0
57.46,0.0,2.0
57.47,0.0,1.0
57.48,0.0,1.0
57.53,1.0,3.0
57.57,0.0,1.0
57.6,0.0,1.0
57.65,0.0,2.0
57.69,1.0,1.0
57.73,0.0,1.0
57.74,0.0,1.0
57.75,0.0,1.0
57.75,1.0,1.0
57.78,1.0,1.0
57.79,0.0,2.0
57.82,0.0,1.0
57.83,0.0,1.0
57.88,0.0,1.0
57.93,0.0,1.0
57.94,1.0,1.0
57.97,1.0,1.0
58.03,0.0,2.0
58.05,0.0,1.0
58.11,0.0,1.0
58.15,0.0,1.0
58.22,0.0,1.0
58.22,1.0,1.0
58.23,0.0,1.0
58.27,0.0,1.0
58.27,1.0,1.0
58.28,0.0,1.0
58.3,1.0,1.0
58.33,0.0,1.0
58.39,1.0,1.0
58.41,0.0,1.0
58.51,0.0,2.0
58.51,1.0,1.0
58.52,0.0,2.0
58.54,0.0,1.0
58.56,0.0,2.0
58.62,0.0,2.0
58.62,1.0,1.0
58.68,0.0,1.0
58.78,0.0,1.0
58.8,0.0,1.0
58.85,1.0,1.0
58.95,0.0,1.0
58.97,0.0,1.0
58.97,1.0,1.0
59.02,1.0,1.0
59.03,0.0,1.0
59.05,0.0,2.0
59.06,0.0,1.0
59.1,0.0,1.0
59.12,0.0,1.0
59.12,1.0,1.0
59.13,0.0,1.0
59.14,0.0,1.0
59.14,1.0,1.0
59.16,0.0,1.0
59.2,0.0,1.0
59.2,1.0,1.0
59.24,0.0,1.0
59.27,1.0,1.0
59.31,0.0,1.0
59.42,0.0,1.0
59.43,1.0,1.0
59.45,0.0,1.0
59.47,0.0,1.0
59.49,1.0,1.0
59.54,0.0,1.0
59.55,0.0,1.0
59.56,0.0,1.0
59.57,1.0,1.0
59.59,0.0,3.0
59.59,1.0,1.0
59.62,0.0,2.0
59.63,0.0,1.0
59.64,0.0,1.0
59.64,1.0,1.0
59.68,0.0,1.0
59.69,0.0,1.0
59.7,1.0,1.0
59.73,1.0,1.0
59.78,0.0,1.0
59.79,1.0,1.0
59.81,0.0,1.0
59.82,0.0,1.0
59.86,0.0,1.0
59.89,0.0,1.0
59.9,0.0,1.0
59.93,0.0,1.0
59.94,0.0,2.0
59.94,1.0,1.0
60.01,1.0,1.0
60.02,0.0,1.0
60.03,0.0,1.0
60.03,1.0,1.0
60.04,0.0,1.0
60.04,1.0,1.0
60.05,1.0,1.0
60.06,0.0,1.0
60.07,0.0,1.0
60.08,0.0,2.0
60.11,1.0,1.0
60.13,0.0,1.0
60.15,0.0,1.0
60.16,0.0,1.0
60.18,0.0,1.0
60.22,0.0,1.0
60.24,0.0,1.0
60.24,1.0,1.0
60.27,0.0,2.0
60.29,1.0,2.0
60.31,0.0,1.0
60.32,1.0,1.0
60.33,1.0,1.0
60.38,0.0,1.0
60.42,0.0,1.0
60.43,0.0,2.0
60.47,0.0,1.0
60.48,0.0,1.0
60.5,0.0,2.0
60.52,0.0,1.0
60.54,0.0,2.0
60.54,1.0,1.0
60.56,1.0,1.0
60.57,1.0,1.0
60.58,1.0,1.0
60.59,0.0,2.0
60.6,0.0,1.0
60.61,1.0,1.0
60.63,0.0,1.0
60.67,0.0,1.0
60.67,1.0,2.0
60.68,0.0,1.0
60.68,1.0,2.0
60.7,0.0,2.0
60.73,0.0,2.0
60.73,1.0,2.0
60.74,0.0,1.0
60.74,1.0,1.0
60.75,1.0,1.0
60.76,0.0,1.0
60.76,1.0,1.0
60.77,0.0,2.0
60.77,1.0,1.0
60.78,1.0,1.0
60.79,0.0,1.0
60.8,0.0,3.0
60.8,1.0,1.0
60.82,0.0,1.0
60.82,1.0,1.0
60.83,0.0,2.0
60.84,0.0,1.0
60.84,1.0,1.0
60.85,0.0,1.0
60.88,0.0,1.0
60.89,0.0,2.0
60.89,1.0,2.0
60.9,0.0,1.0
60.93,0.0,1.0
60.94,1.0,1.0
60.96,1.0,1.0
60.97,0.0,1.0
60.97,1.0,1.0
60.99,1.0,1.0
61.0,0.0,1.0
61.02,0.0,1.0
61.02,1.0,1.0
61.03,0.0,1.0
61.04,0.0,2.0
61.04,1.0,1.0
61.07,1.0,1.0
61.08,0.0,2.0
61.12,1.0,2.0
61.14,0.0,2.0
61.16,0.0,1.0
61.18,0.0,1.0
61.19,0.0,2.0
61.21,0.0,2.0
61.22,0.0,1.0
61.22,1.0,1.0
61.23,0.0,1.0
61.25,0.0,1.0
61.26,1.0,2.0
61.28,0.0,2.0
61.3,0.0,1.0
61.3,1.0,2.0
61.31,0.0,1.0
61.32,0.0,2.0
61.32,1.0,1.0
61.33,0.0,1.0
61.33,1.0,1.0
61.34,0.0,2.0
61.35,0.0,1.0
61.36,0.0,1.0
61.36,1.0,1.0
61.37,0.0,2.0
61.38,1.0,3.0
61.4,0.0,1.0
61.43,0.0,1.0
61.47,0.0,1.0
61.48,0.0,1.0
61.49,1.0,1.0
61.5,0.0,1.0
61.5,1.0,1.0
61.51,0.0,1.0
61.51,1.0,1.0
61.52,0.0,1.0
61.54,0.0,2.0
61.54,1.0,1.0
61.56,0.0,2.0
61.57,0.0,2.0
61.57,1.0,1.0
61.58,0.0,1.0
61.58,1.0,1.0
61.59,0.0,4.0
61.6,0.0,1.0
61.61,0.0,1.0
61.62,0.0,1.0
61.63,1.0,2.0
61.64,0.0,3.0
61.65,1.0,1.0
61.68,0.0,1.0
61.68,1.0,1.0
61.69,0.0,1.0
61.7,0.0,3.0
61.72,1.0,1.0
61.73,0.0,1.0
61.73,1.0,1.0
61.74,0.0,1.0
61.74,1.0,2.0
61.75,0.0,1.0
61.76,0.0,2.0
61.76,1.0,1.0
61.77,1.0,1.0
61.78,0.0,3.0
61.79,0.0,1.0
61.83,0.0,2.0
61.85,0.0,1.0
61.86,1.0,1.0
61.87,0.0,1.0
61.88,1.0,1.0
61.89,0.0,2.0
61.89,1.0,3.0
61.9,0.0,1.0
61.91,0.0,1.0
61.92,0.0,1.0
61.92,1.0,2.0
61.94,0.0,1.0
61.94,1.0,1.0
61.95,0.0,1.0
61.95,1.0,2.0
61.96,1.0,1.0
61.97,0.0,1.0
61.98,0.0,1.0
61.98,1.0,1.0
62.0,1.0,1.0
62.01,1.0,1.0
62.02,1.0,1.0
62.04,0.0,2.0
62.05,0.0,1.0
62.07,0.0,1.0
62.08,1.0,1.0
62.09,1.0,3.0
62.1,0.0,1.0
62.11,0.0,1.0
62.13,0.0,1.0
62.14,0.0,3.0
62.14,1.0,1.0
62.15,0.0,2.0
62.16,0.0,3.0
62.17,0.0,2.0
62.18,0.0,1.0
62.18,1.0,2.0
62.19,0.0,4.0
62.19,1.0,1.0
62.2,0.0,1.0
62.21,0.0,1.0
62.21,1.0,1.0
62.22,0.0,1.0
62.23,0.0,2.0
62.23,1.0,1.0
62.25,0.0,1.0
62.26,0.0,1.0
62.27,0.0,1.0
62.28,0.0,1.0
62.28,1.0,1.0
62.29,1.0,3.0
62.3,0.0,2.0
62.31,0.0,2.0
62.31,1.0,1.0
62.32,0.0,1.0
62.33,0.0,1.0
62.34,0.0,2.0
62.36,0.0,3.0
62.36,1.0,1.0
62.39,0.0,1.0
62.4,1.0,1.0
62.41,0.0,3.0
62.42,0.0,1.0
62.44,0.0,3.0
62.44,1.0,1.0
62.45,0.0,1.0
62.46,0.0,1.0
62.46,1.0,2.0
62.47,0.0,1.0
62.51,1.0,1.0
62.53,0.0,3.0
62.54,0.0,4.0
62.55,0.0,1.0
62.56,0.0,1.0
62.59,0.0,2.0
62.61,1.0,1.0
62.62,0.0,1.0
62.63,0.0,2.0
62.64,0.0,1.0
62.65,0.0,1.0
62.67,1.0,2.0
62.68,0.0,1.0
62.68,1.0,1.0
62.69,0.0,1.0
62.7,0.0,1.0
62.71,1.0,1.0
62.72,1.0,2.0
62.73,1.0,1.0
62.74,0.0,2.0
62.75,0.0,1.0
62.77,0.0,2.0
62.79,0.0,1.0
62.8,1.0,1.0
62.81,0.0,2.0
62.82,0.0,2.0
62.83,0.0,3.0
62.83,1.0,1.0
62.84,0.0,3.0
62.85,0.0,1.0
62.86,0.0,2.0
62.87,0.0,3.0
62.9,0.0,1.0
62.92,0.0,1.0
62.93,1.0,3.0
62.94,0.0,2.0
62.94,1.0,2.0
62.95,0.0,1.0
62.96,0.0,1.0
62.97,0.0,1.0
62.97,1.0,1.0
62.98,0.0,1.0
63.01,0.0,4.0
63.01,1.0,1.0
63.02,0.0,1.0
63.04,0.0,3.0
63.05,0.0,1.0
63.07,1.0,1.0
63.08,0.0,1.0
63.08,1.0,1.0
63.1,0.0,3.0
63.1,1.0,1.0
63.11,0.0,1.0
63.12,0.0,3.0
63.13,0.0,4.0
63.13,1.0,1.0
63.14,0.0,2.0
63.15,0.0,2.0
63.16,0.0,2.0
63.17,0.0,1.0
63.18,0.0,4.0
63.19,0.0,1.0
63.2,0.0,2.0
63.21,1.0,2.0
63.22,1.0,1.0
63.23,0.0,1.0
63.23,1.0,1.0
63.24,0.0,1.0
63.25,0.0,1.0
63.25,1.0,2.0
63.26,0.0,1.0
63.27,0.0,2.0
63.28,0.0,4.0
63.29,0.0,1.0
63.3,0.0,1.0
63.31,0.0,1.0
63.31,1.0,1.0
63.32,0.0,1.0
63.32,1.0,2.0
63.33,1.0,1.0
63.34,1.0,1.0
63.35,0.0,2.0
63.36,1.0,1.0
63.37,0.0,2.0
63.38,1.0,2.0
63.39,0.0,4.0
63.4,0.0,1.0
63.4,1.0,1.0
63.41,0.0,1.0
63.42,0.0,1.0
63.42,1.0,1.0
63.43,0.0,2.0
63.44,0.0,1.0
63.45,0.0,3.0
63.46,0.0,2.0
63.46,1.0,1.0
63.5,0.0,2.0
63.5,1.0,1.0
63.51,0.0,1.0
63.51,1.0,1.0
63.52,1.0,1.0
63.53,0.0,2.0
63.54,0.0,1.0
63.55,0.0,2.0
63.55,1.0,1.0
63.56,0.0,1.0
63.57,0.0,1.0
63.58,0.0,3.0
63.58,1.0,1.0
63.61,0.0,2.0
63.62,0.0,2.0
63.62,1.0,3.0
63.63,0.0,1.0
63.64,0.0,2.0
63.65,0.0,5.0
63.66,0.0,1.0
63.67,0.0,3.0
63.68,0.0,2.0
63.68,1.0,1.0
63.69,0.0,3.0
63.7,0.0,1.0
63.71,0.0,4.0
63.72,1.0,1.0
63.73,1.0,1.0
63.74,0.0,1.0
63.75,0.0,2.0
63.76,0.0,3.0
63.78,0.0,2.0
63.78,1.0,1.0
63.79,0.0,1.0
63.8,0.0,3.0
63.81,0.0,2.0
63.82,0.0,1.0
63.83,0.0,2.0
63.84,0.0,5.0
63.85,0.0,5.0
63.85,1.0,1.0
63.86,0.0,2.0
63.87,0.0,1.0
63.88,1.0,1.0
63.91,0.0,2.0
63.92,0.0,2.0
63.92,1.0,3.0
63.93,0.0,2.0
63.94,1.0,2.0
63.95,0.0,1.0
63.96,0.0,1.0
63.96,1.0,1.0
63.97,0.0,1.0
63.98,0.0,2.0
63.99,0.0,1.0
63.99,1.0,1.0
64.0,0.0,4.0
64.01,0.0,3.0
64.01,1.0,1.0
64.02,0.0,4.0
64.03,0.0,1.0
64.03,1.0,1.0
64.04,0.0,1.0
64.05,0.0,1.0
64.05,1.0,1.0
64.06,0.0,1.0
64.06,1.0,1.0
64.08,0.0,4.0
64.09,0.0,1.0
64.1,0.0,1.0
64.11,1.0,1.0
64.12,0.0,1.0
64.12,1.0,1.0
64.13,0.0,1.0
64.14,0.0,1.0
64.15,0.0,1.0
64.17,0.0,1.0
64.18,0.0,1.0
64.21,0.0,2.0
64.21,1.0,1.0
64.22,0.0,2.0
64.22,1.0,1.0
64.23,1.0,1.0
64.24,0.0,1.0
64.25,0.0,5.0
64.25,1.0,1.0
64.26,0.0,2.0
64.27,0.0,4.0
64.27,1.0,3.0
64.28,0.0,1.0
64.29,0.0,1.0
64.29,1.0,1.0
64.3,0.0,3.0
64.31,0.0,2.0
64.32,1.0,1.0
64.33,0.0,1.0
64.34,0.0,1.0
64.35,0.0,2.0
64.36,0.0,1.0
64.37,0.0,2.0
64.39,0.0,2.0
64.4,0.0,1.0
64.41,0.0,1.0
64.43,0.0,2.0
64.44,1.0,1.0
64.45,0.0,2.0
64.45,1.0,1.0
64.46,0.0,1.0
64.47,0.0,1.0
64.48,0.0,2.0
64.5,0.0,4.0
64.52,0.0,1.0
64.53,0.0,2.0
64.53,1.0,1.0
64.54,0.0,2.0
64.54,1.0,1.0
64.55,0.0,1.0
64.55,1.0,1.0
64.56,0.0,2.0
64.56,1.0,1.0
64.57,0.0,1.0
64.57,1.0,1.0
64.58,0.0,1.0
64.58,1.0,1.0
64.61,0.0,2.0
64.62,0.0,3.0
64.63,0.0,1.0
64.64,1.0,2.0
64.65,0.0,1.0
64.66,0.0,1.0
64.66,1.0,3.0
64.67,0.0,1.0
64.68,0.0,1.0
64.69,1.0,1.0
64.71,0.0,3.0
64.72,0.0,2.0
64.73,0.0,1.0
64.74,0.0,1.0
64.76,0.0,3.0
64.76,1.0,2.0
64.77,1.0,1.0
64.78,0.0,2.0
64.79,0.0,1.0
64.8,0.0,1.0
64.81,0.0,3.0
64.82,0.0,3.0
64.82,1.0,2.0
64.83,0.0,1.0
64.83,1.0,1.0
64.84,0.0,1.0
64.85,0.0,3.0
64.86,0.0,2.0
64.87,0.0,2.0
64.88,0.0,1.0
64.89,1.0,1.0
64.91,0.0,3.0
64.92,0.0,3.0
64.93,1.0,1.0
64.94,0.0,2.0
64.94,1.0,1.0
64.95,1.0,1.0
64.96,0.0,3.0
64.96,1.0,2.0
64.98,0.0,1.0
64.98,1.0,1.0
64.99,0.0,3.0
65.0,0.0,2.0
65.0,1.0,1.0
65.01,0.0,1.0
65.02,0.0,1.0
65.02,1.0,1.0
65.04,0.0,1.0
65.04,1.0,1.0
65.05,0.0,1.0
65.07,0.0,2.0
65.07,1.0,1.0
65.09,0.0,2.0
65.09,1.0,1.0
65.1,0.0,3.0
65.11,1.0,1.0
65.12,0.0,1.0
65.13,1.0,2.0
65.15,0.0,2.0
65.15,1.0,1.0
65.16,0.0,2.0
65.16,1.0,4.0
65.17,0.0,1.0
65.17,1.0,2.0
65.18,0.0,1.0
65.18,1.0,2.0
65.19,0.0,1.0
65.2,0.0,1.0
65.21,0.0,1.0
65.22,0.0,1.0
65.22,1.0,1.0
65.23,0.0,1.0
65.24,0.0,3.0
65.25,0.0,2.0
65.25,1.0,1.0
65.26,0.0,3.0
65.27,0.0,3.0
65.28,0.0,1.0
65.29,0.0,1.0
65.3,0.0,1.0
65.3,1.0,1.0
65.31,1.0,1.0
65.32,1.0,1.0
65.33,0.0,2.0
65.33,1.0,1.0
65.34,0.0,2.0
65.35,0.0,1.0
65.36,1.0,1.0
65.37,0.0,1.0
65.38,1.0,3.0
65.39,0.0,1.0
65.39,1.0,2.0
65.4,0.0,3.0
65.41,0.0,2.0
65.42,0.0,3.0
65.42,1.0,2.0
65.43,1.0,2.0
65.44,0.0,2.0
65.44,1.0,1.0
65.46,0.0,2.0
65.46,1.0,2.0
65.47,0.0,2.0
65.48,0.0,2.0
65.49,0.0,2.0
65.5,0.0,1.0
65.5,1.0,2.0
65.51,0.0,1.0
65.52,1.0,1.0
65.53,0.0,2.0
65.54,0.0,2.0
65.55,0.0,2.0
65.55,1.0,1.0
65.57,0.0,3.0
65.58,0.0,3.0
65.58,1.0,1.0
65.6,1.0,2.0
65.62,0.0,3.0
65.66,0.0,1.0
65.66,1.0,1.0
65.68,1.0,1.0
65.69,0.0,1.0
65.69,1.0,1.0
65.7,0.0,1.0
65.71,1.0,1.0
65.72,0.0,1.0
65.74,0.0,1.0
65.75,0.0,2.0
65.77,0.0,1.0
65.78,0.0,1.0
65.78,1.0,4.0
65.79,0.0,3.0
65.79,1.0,1.0
65.8,0.0,1.0
65.8,1.0,1.0
65.82,0.0,2.0
65.82,1.0,2.0
65.83,0.0,4.0
65.83,1.0,2.0
65.85,0.0,1.0
65.86,0.0,1.0
65.86,1.0,1.0
65.87,0.0,2.0
65.88,0.0,1.0
65.89,0.0,4.0
65.89,1.0,1.0
65.91,0.0,5.0
65.91,1.0,1.0
65.92,0.0,3.0
65.95,0.0,3.0
65.95,1.0,1.0
65.96,0.0,3.0
65.97,0.0,2.0
65.97,1.0,2.0
65.98,1.0,2.0
65.99,0.0,1.0
65.99,1.0,1.0
66.0,0.0,1.0
66.0,1.0,1.0
66.02,0.0,3.0
66.03,0.0,2.0
66.04,0.0,2.0
66.05,0.0,1.0
66.05,1.0,1.0
66.06,0.0,1.0
66.06,1.0,1.0
66.08,0.0,2.0
66.08,1.0,1.0
66.09,0.0,1.0
66.09,1.0,2.0
66.11,0.0,2.0
66.12,0.0,3.0
66.12,1.0,1.0
66.13,0.0,1.0
66.13,1.0,1.0
66.14,0.0,2.0
66.14,1.0,1.0
66.16,0.0,2.0
66.17,0.0,2.0
66.18,0.0,2.0
66.19,0.0,2.0
66.19,1.0,1.0
66.2,1.0,1.0
66.21,1.0,1.0
66.23,0.0,1.0
66.23,1.0,2.0
66.24,0.0,1.0
66.24,1.0,1.0
66.25,0.0,2.0
66.26,0.0,3.0
66.26,1.0,1.0
66.27,0.0,3.0
66.28,0.0,2.0
66.29,0.0,2.0
66.29,1.0,1.0
66.31,0.0,4.0
66.32,0.0,3.0
66.33,0.0,2.0
66.34,0.0,1.0
66.35,0.0,2.0
66.36,1.0,1.0
66.37,0.0,2.0
66.37,1.0,1.0
66.38,1.0,1.0
66.39,0.0,1.0
66.39,1.0,1.0
66.4,0.0,2.0
66.41,0.0,1.0
66.43,0.0,1.0
66.44,0.0,1.0
66.44,1.0,1.0
66.45,0.0,2.0
66.45,1.0,1.0
66.46,0.0,1.0
66.47,0.0,2.0
66.47,1.0,3.0
66.48,0.0,1.0
66.49,0.0,2.0
66.49,1.0,1.0
66.5,0.0,2.0
66.5,1.0,1.0
66.51,0.0,1.0
66.51,1.0,2.0
66.53,1.0,1.0
66.54,0.0,2.0
66.54,1.0,2.0
66.55,0.0,2.0
66.56,0.0,1.0
66.58,0.0,2.0
66.59,1.0,1.0
66.61,0.0,1.0
66.63,1.0,1.0
66.64,0.0,2.0
66.64,1.0,2.0
66.65,0.0,4.0
66.66,0.0,1.0
66.66,1.0,1.0
66.67,0.0,3.0
66.68,0.0,1.0
66.69,0.0,4.0
66.7,0.0,3.0
66.7,1.0,1.0
66.71,0.0,2.0
66.71,1.0,2.0
66.72,0.0,2.0
66.72,1.0,1.0
66.73,0.0,1.0
66.75,0.0,1.0
66.76,0.0,4.0
66.77,0.0,4.0
66.77,1.0,1.0
66.78,0.0,1.0
66.78,1.0,1.0
66.79,0.0,1.0
66.8,0.0,1.0
66.8,1.0,1.0
66.81,0.0,3.0
66.82,0.0,1.0
66.83,0.0,1.0
66.84,0.0,2.0
66.86,0.0,3.0
66.87,0.0,2.0
66.88,0.0,2.0
66.89,0.0,1.0
66.89,1.0,3.0
66.9,0.0,2.0
66.91,0.0,1.0
66.93,0.0,2.0
66.93,1.0,1.0
66.94,0.0,2.0
66.95,0.0,2.0
66.97,1.0,1.0
66.98,0.0,3.0
66.98,1.0,1.0
66.99,1.0,1.0
67.0,1.0,1.0
67.01,0.0,2.0
67.02,0.0,3.0
67.03,0.0,4.0
67.03,1.0,4.0
67.04,0.0,4.0
67.05,0.0,1.0
67.06,0.0,1.0
67.07,0.0,1.0
67.07,1.0,1.0
67.08,0.0,1.0
67.09,0.0,1.0
67.1,0.0,3.0
67.1,1.0,1.0
67.11,0.0,4.0
67.11,1.0,1.0
67.12,0.0,2.0
67.12,1.0,1.0
67.13,0.0,1.0
67.13,1.0,2.0
67.14,0.0,1.0
67.15,0.0,1.0
67.16,0.0,2.0
67.16,1.0,1.0
67.17,0.0,2.0
67.18,0.0,3.0
67.19,0.0,2.0
67.2,0.0,3.0
67.21,0.0,1.0
67.21,1.0,1.0
67.23,0.0,3.0
67.24,0.0,2.0
67.24,1.0,1.0
67.26,0.0,1.0
67.26,1.0,1.0
67.27,0.0,1.0
67.29,0.0,4.0
67.29,1.0,1.0
67.3,0.0,3.0
67.31,0.0,1.0
67.31,1.0,1.0
67.32,0.0,2.0
67.33,0.0,1.0
67.34,0.0,2.0
67.34,1.0,1.0
67.35,0.0,2.0
67.36,0.0,1.0
67.37,0.0,2.0
67.38,0.0,3.0
67.39,0.0,3.0
67.39,1.0,1.0
67.4,0.0,3.0
67.4,1.0,1.0
67.41,0.0,3.0
67.43,0.0,1.0
67.44,0.0,3.0
67.45,0.0,1.0
67.45,1.0,1.0
67.46,0.0,4.0
67.47,0.0,2.0
67.47,1.0,1.0
67.48,0.0,4.0
67.49,0.0,1.0
67.5,0.0,1.0
67.5,1.0,2.0
67.51,0.0,2.0
67.52,0.0,3.0
67.52,1.0,1.0
67.53,0.0,2.0
67.54,0.0,1.0
67.55,0.0,2.0
67.56,1.0,1.0
67.6,0.0,3.0
67.6,1.0,1.0
67.61,0.0,7.0
67.62,0.0,1.0
67.63,0.0,1.0
67.64,0.0,2.0
67.65,0.0,2.0
67.65,1.0,1.0
67.67,0.0,1.0
67.68,0.0,1.0
67.68,1.0,1.0
67.69,0.0,2.0
67.7,0.0,1.0
67.7,1.0,1.0
67.71,0.0,3.0
67.71,1.0,1.0
67.72,0.0,5.0
67.74,0.0,2.0
67.74,1.0,1.0
67.75,0.0,2.0
67.75,1.0,1.0
67.76,0.0,1.0
67.77,1.0,1.0
67.78,0.0,1.0
67.79,1.0,1.0
67.8,0.0,2.0
67.8,1.0,1.0
67.81,0.0,1.0
67.82,0.0,6.0
67.83,0.0,2.0
67.83,1.0,2.0
67.84,0.0,1.0
67.84,1.0,1.0
67.85,0.0,4.0
67.86,1.0,1.0
67.87,0.0,2.0
67.87,1.0,2.0
67.88,0.0,3.0
67.88,1.0,1.0
67.89,0.0,3.0
67.89,1.0,1.0
67.9,0.0,1.0
67.9,1.0,1.0
67.91,0.0,4.0
67.91,1.0,1.0
67.92,0.0,1.0
67.92,1.0,1.0
67.93,0.0,1.0
67.93,1.0,3.0
67.94,0.0,2.0
67.95,0.0,1.0
67.96,0.0,3.0
67.97,0.0,2.0
67.97,1.0,1.0
67.98,0.0,1.0
67.98,1.0,1.0
68.01,0.0,2.0
68.01,1.0,1.0
68.02,0.0,1.0
68.03,0.0,4.0
68.04,0.0,2.0
68.05,0.0,2.0
68.07,0.0,2.0
68.08,0.0,1.0
68.09,0.0,3.0
68.09,1.0,1.0
68.1,0.0,1.0
68.11,0.0,2.0
68.12,0.0,2.0
68.13,0.0,2.0
68.15,0.0,3.0
68.15,1.0,1.0
68.16,0.0,2.0
68.17,0.0,5.0
68.18,0.0,1.0
68.18,1.0,2.0
68.19,0.0,1.0
68.2,0.0,2.0
68.2,1.0,1.0
68.21,1.0,2.0
68.22,0.0,3.0
68.23,0.0,3.0
68.23,1.0,3.0
68.24,0.0,5.0
68.25,0.0,2.0
68.25,1.0,3.0
68.27,0.0,5.0
68.29,0.0,1.0
68.3,0.0,2.0
68.3,1.0,1.0
68.31,0.0,3.0
68.31,1.0,3.0
68.32,0.0,3.0
68.33,1.0,2.0
68.34,0.0,3.0
68.34,1.0,1.0
68.35,0.0,1.0
68.36,0.0,1.0
68.37,0.0,3.0
68.37,1.0,1.0
68.38,0.0,1.0
68.39,0.0,1.0
68.41,0.0,1.0
68.41,1.0,2.0
68.42,0.0,2.0
68.43,0.0,1.0
68.44,0.0,1.0
68.45,0.0,4.0
68.46,1.0,1.0
68.47,0.0,1.0
68.49,0.0,3.0
68.5,1.0,1.0
68.51,0.0,1.0
68.51,1.0,1.0
68.52,0.0,1.0
68.52,1.0,1.0
68.53,0.0,1.0
68.53,1.0,2.0
68.54,0.0,3.0
68.55,0.0,2.0
68.55,1.0,1.0
68.56,1.0,1.0
68.57,0.0,1.0
68.57,1.0,1.0
68.58,0.0,1.0
68.58,1.0,1.0
68.59,0.0,2.0
68.6,0.0,1.0
68.6,1.0,1.0
68.61,1.0,2.0
68.62,0.0,1.0
68.64,0.0,3.0
68.64,1.0,1.0
68.65,0.0,2.0
68.66,0.0,1.0
68.67,0.0,3.0
68.67,1.0,1.0
68.68,0.0,2.0
68.69,0.0,1.0
68.7,0.0,2.0
68.71,0.0,2.0
68.72,0.0,3.0
68.73,0.0,2.0
68.73,1.0,1.0
68.74,0.0,1.0
68.75,1.0,1.0
68.76,1.0,1.0
68.77,0.0,4.0
68.77,1.0,1.0
68.78,0.0,2.0
68.79,0.0,1.0
68.79,1.0,1.0
68.8,0.0,2.0
68.8,1.0,1.0
68.81,0.0,2.0
68.82,1.0,2.0
68.83,0.0,1.0
68.84,0.0,3.0
68.84,1.0,1.0
68.85,0.0,2.0
68.85,1.0,1.0
68.87,0.0,1.0
68.88,0.0,2.0
68.89,0.0,1.0
68.9,0.0,3.0
68.91,0.0,1.0
68.92,0.0,1.0
68.93,0.0,1.0
68.94,0.0,3.0
68.95,0.0,1.0
68.95,1.0,1.0
68.97,0.0,3.0
68.97,1.0,1.0
68.98,0.0,1.0
68.98,1.0,2.0
68.99,0.0,1.0
68.99,1.0,1.0
69.0,0.0,3.0
69.0,1.0,2.0
69.01,0.0,1.0
69.02,0.0,2.0
69.02,1.0,1.0
69.03,0.0,2.0
69.04,0.0,2.0
69.05,0.0,1.0
69.05,1.0,1.0
69.06,1.0,2.0
69.07,1.0,1.0
69.08,0.0,2.0
69.09,0.0,2.0
69.09,1.0,1.0
69.1,0.0,2.0
69.11,0.0,2.0
69.11,1.0,1.0
69.12,0.0,2.0
69.13,0.0,1.0
69.14,0.0,3.0
69.14,1.0,1.0
69.15,0.0,1.0
69.16,0.0,2.0
69.16,1.0,1.0
69.17,0.0,1.0
69.17,1.0,1.0
69.18,0.0,3.0
69.19,0.0,4.0
69.19,1.0,1.0
69.2,0.0,5.0
69.2,1.0,1.0
69.21,0.0,1.0
69.21,1.0,2.0
69.22,0.0,4.0
69.22,1.0,1.0
69.23,0.0,3.0
69.24,1.0,1.0
69.25,0.0,2.0
69.25,1.0,2.0
69.26,0.0,2.0
69.28,0.0,2.0
69.29,0.0,5.0
69.3,0.0,4.0
69.31,0.0,1.0
69.33,0.0,2.0
69.34,0.0,1.0
69.34,1.0,1.0
69.35,0.0,1.0
69.35,1.0,1.0
69.36,0.0,2.0
69.37,0.0,2.0
69.38,0.0,2.0
69.38,1.0,1.0
69.39,0.0,3.0
69.4,0.0,2.0
69.4,1.0,1.0
69.41,1.0,2.0
69.42,0.0,3.0
69.42,1.0,1.0
69.43,0.0,3.0
69.44,0.0,1.0
69.45,1.0,2.0
69.46,0.0,2.0
69.47,0.0,2.0
69.48,0.0,2.0
69.48,1.0,1.0
69.5,0.0,1.0
69.51,0.0,3.0
69.51,1.0,1.0
69.52,0.0,2.0
69.53,1.0,1.0
69.54,0.0,2.0
69.55,0.0,3.0
69.56,0.0,1.0
69.56,1.0,1.0
69.57,1.0,1.0
69.58,0.0,2.0
69.59,0.0,3.0
69.6,0.0,1.0
69.61,0.0,1.0
69.61,1.0,2.0
69.62,0.0,4.0
69.62,1.0,2.0
69.63,0.0,1.0
69.63,1.0,1.0
69.64,0.0,2.0
69.65,0.0,1.0
69.65,1.0,1.0
69.66,0.0,2.0
69.67,0.0,1.0
69.67,1.0,1.0
69.68,0.0,1.0
69.68,1.0,1.0
69.69,0.0,5.0
69.7,0.0,4.0
69.71,0.0,1.0
69.72,0.0,3.0
69.73,0.0,4.0
69.73,1.0,1.0
69.74,0.0,2.0
69.75,0.0,4.0
69.76,0.0,1.0
69.77,0.0,5.0
69.79,0.0,3.0
69.8,0.0,2.0
69.81,0.0,3.0
69.81,1.0,1.0
69.82,0.0,2.0
69.83,0.0,1.0
69.84,0.0,1.0
69.85,0.0,2.0
69.85,1.0,1.0
69.87,0.0,1.0
69.87,1.0,1.0
69.88,0.0,1.0
69.88,1.0,1.0
69.89,0.0,2.0
69.9,0.0,2.0
69.92,0.0,2.0
69.92,1.0,4.0
69.93,0.0,1.0
69.94,0.0,3.0
69.95,0.0,4.0
69.95,1.0,1.0
69.96,0.0,1.0
69.97,0.0,1.0
69.97,1.0,1.0
69.98,0.0,1.0
69.99,0.0,1.0
70.0,0.0,2.0
70.01,0.0,1.0
70.02,0.0,1.0
70.03,1.0,1.0
70.05,0.0,1.0
70.06,0.0,3.0
70.06,1.0,1.0
70.07,0.0,1.0
70.08,0.0,2.0
70.08,1.0,1.0
70.09,0.0,2.0
70.1,0.0,2.0
70.12,0.0,1.0
70.12,1.0,1.0
70.14,0.0,2.0
70.14,1.0,1.0
70.15,0.0,5.0
70.15,1.0,1.0
70.16,0.0,5.0
70.16,1.0,1.0
70.18,0.0,3.0
70.19,0.0,1.0
70.19,1.0,1.0
70.2,0.0,1.0
70.21,0.0,2.0
70.21,1.0,1.0
70.22,0.0,1.0
70.23,0.0,1.0
70.25,0.0,3.0
70.26,0.0,2.0
70.26,1.0,1.0
70.29,1.0,1.0
70.3,0.0,2.0
70.31,0.0,1.0
70.32,0.0,3.0
70.34,0.0,1.0
70.34,1.0,1.0
70.35,0.0,3.0
70.35,1.0,1.0
70.36,0.0,1.0
70.36,1.0,1.0
70.38,0.0,3.0
70.39,0.0,5.0
70.39,1.0,2.0
70.4,0.0,2.0
70.4,1.0,1.0
70.41,0.0,1.0
70.43,0.0,2.0
70.43,1.0,1.0
70.44,0.0,2.0
70.44,1.0,1.0
70.45,0.0,2.0
70.46,0.0,3.0
70.47,0.0,3.0
70.47,1.0,2.0
70.48,0.0,2.0
70.48,1.0,1.0
70.49,0.0,2.0
70.5,0.0,1.0
70.5,1.0,2.0
70.51,0.0,1.0
70.52,0.0,1.0
70.53,0.0,4.0
70.54,0.0,4.0
70.56,0.0,1.0
70.57,0.0,2.0
70.57,1.0,1.0
70.58,0.0,1.0
70.58,1.0,1.0
70.59,0.0,3.0
70.61,0.0,2.0
70.62,0.0,2.0
70.62,1.0,1.0
70.63,0.0,3.0
70.64,0.0,3.0
70.64,1.0,1.0
70.65,0.0,2.0
70.65,1.0,1.0
70.67,1.0,1.0
70.68,0.0,1.0
70.69,0.0,3.0
70.69,1.0,2.0
70.7,0.0,2.0
70.7,1.0,1.0
70.71,1.0,1.0
70.72,0.0,3.0
70.73,0.0,3.0
70.74,0.0,2.0
70.75,0.0,2.0
70.75,1.0,2.0
70.76,0.0,3.0
70.77,0.0,1.0
70.77,1.0,2.0
70.78,0.0,1.0
70.78,1.0,1.0
70.79,0.0,3.0
70.79,1.0,1.0
70.8,0.0,1.0
70.8,1.0,1.0
70.81,0.0,3.0
70.81,1.0,1.0
70.83,0.0,1.0
70.84,0.0,1.0
70.85,0.0,3.0
70.86,0.0,3.0
70.86,1.0,1.0
70.87,1.0,1.0
70.88,0.0,4.0
70.88,1.0,1.0
70.89,0.0,4.0
70.89,1.0,2.0
70.9,0.0,2.0
70.91,0.0,1.0
70.91,1.0,1.0
70.92,0.0,2.0
70.93,0.0,2.0
70.93,1.0,1.0
70.94,0.0,2.0
70.96,1.0,2.0
70.97,0.0,2.0
70.97,1.0,3.0
70.98,0.0,1.0
70.99,1.0,1.0
71.0,1.0,1.0
71.02,1.0,1.0
71.03,1.0,1.0
71.04,0.0,1.0
71.05,0.0,2.0
71.06,0.0,2.0
71.07,0.0,2.0
71.07,1.0,1.0
71.08,0.0,2.0
71.09,0.0,2.0
71.09,1.0,1.0
71.12,0.0,1.0
71.12,1.0,1.0
71.14,0.0,1.0
71.14,1.0,2.0
71.15,0.0,2.0
71.15,1.0,1.0
71.16,0.0,1.0
71.17,0.0,1.0
71.18,0.0,1.0
71.19,0.0,2.0
71.21,0.0,1.0
71.21,1.0,1.0
71.22,0.0,2.0
71.24,0.0,1.0
71.25,1.0,2.0
71.26,0.0,4.0
71.27,1.0,1.0
71.28,0.0,1.0
71.29,0.0,2.0
71.31,1.0,1.0
71.32,0.0,2.0
71.34,0.0,2.0
71.36,0.0,2.0
71.36,1.0,2.0
71.37,0.0,1.0
71.38,0.0,1.0
71.38,1.0,1.0
71.4,0.0,2.0
71.41,0.0,2.0
71.42,0.0,1.0
71.42,1.0,1.0
71.43,0.0,2.0
71.43,1.0,1.0
71.44,0.0,2.0
71.44,1.0,1.0
71.45,0.0,1.0
71.45,1.0,2.0
71.46,0.0,2.0
71.46,1.0,3.0
71.47,0.0,1.0
71.47,1.0,1.0
71.48,1.0,2.0
71.5,0.0,2.0
71.5,1.0,1.0
71.51,0.0,3.0
71.52,0.0,1.0
71.54,0.0,1.0
71.55,0.0,1.0
71.56,0.0,1.0
71.58,0.0,1.0
71.59,0.0,1.0
71.59,1.0,1.0
71.6,0.0,2.0
71.61,0.0,1.0
71.62,0.0,2.0
71.62,1.0,2.0
71.63,0.0,5.0
71.63,1.0,1.0
71.64,1.0,1.0
71.65,0.0,3.0
71.66,0.0,3.0
71.66,1.0,1.0
71.67,0.0,4.0
71.68,0.0,2.0
71.69,1.0,1.0
71.7,0.0,2.0
71.71,0.0,1.0
71.72,0.0,2.0
71.73,1.0,1.0
71.74,0.0,1.0
71.74,1.0,1.0
71.75,0.0,1.0
71.76,0.0,3.0
71.77,0.0,4.0
71.78,0.0,1.0
71.79,0.0,2.0
71.8,0.0,1.0
71.81,0.0,2.0
71.81,1.0,1.0
71.82,0.0,3.0
71.82,1.0,1.0
71.83,0.0,1.0
71.84,0.0,1.0
71.84,1.0,1.0
71.85,0.0,4.0
71.86,0.0,1.0
71.87,0.0,2.0
71.89,0.0,1.0
71.89,1.0,1.0
71.9,0.0,4.0
71.91,0.0,1.0
71.92,0.0,1.0
71.93,0.0,6.0
71.94,0.0,1.0
71.95,1.0,2.0
71.96,0.0,1.0
71.97,0.0,2.0
71.98,0.0,2.0
71.99,0.0,2.0
72.0,0.0,2.0
72.0,1.0,1.0
72.01,0.0,1.0
72.02,0.0,1.0
72.03,1.0,1.0
72.04,0.0,1.0
72.04,1.0,1.0
72.06,0.0,2.0
72.07,0.0,1.0
72.08,0.0,1.0
72.08,1.0,1.0
72.09,0.0,1.0
72.09,1.0,1.0
72.1,0.0,1.0
72.12,0.0,1.0
72.13,1.0,2.0
72.14,0.0,1.0
72.16,0.0,1.0
72.17,0.0,2.0
72.18,0.0,1.0
72.18,1.0,1.0
72.19,0.0,2.0
72.19,1.0,1.0
72.2,0.0,2.0
72.2,1.0,2.0
72.21,0.0,1.0
72.22,0.0,1.0
72.22,1.0,1.0
72.23,0.0,1.0
72.23,1.0,1.0
72.24,0.0,1.0
72.25,0.0,1.0
72.26,0.0,3.0
72.27,1.0,1.0
72.28,0.0,2.0
72.29,0.0,1.0
72.3,0.0,1.0
72.31,1.0,2.0
72.32,0.0,2.0
72.33,0.0,2.0
72.34,0.0,2.0
72.34,1.0,1.0
72.35,0.0,1.0
72.36,0.0,1.0
72.37,0.0,1.0
72.38,0.0,1.0
72.39,0.0,1.0
72.39,1.0,1.0
72.4,0.0,1.0
72.4,1.0,1.0
72.41,0.0,1.0
72.42,0.0,2.0
72.42,1.0,1.0
72.43,0.0,2.0
72.44,0.0,1.0
72.45,0.0,3.0
72.46,0.0,2.0
72.47,0.0,4.0
72.49,0.0,2.0
72.51,0.0,1.0
72.51,1.0,1.0
72.52,1.0,1.0
72.53,0.0,4.0
72.54,0.0,1.0
72.55,0.0,1.0
72.56,1.0,1.0
72.57,0.0,4.0
72.57,1.0,1.0
72.58,1.0,1.0
72.6,1.0,2.0
72.62,1.0,1.0
72.64,0.0,1.0
72.65,0.0,1.0
72.65,1.0,1.0
72.66,0.0,1.0
72.66,1.0,1.0
72.67,1.0,1.0
72.68,0.0,2.0
72.68,1.0,1.0
72.69,0.0,3.0
72.69,1.0,1.0
72.7,0.0,1.0
72.7,1.0,1.0
72.71,0.0,4.0
72.72,1.0,1.0
72.73,0.0,1.0
72.74,0.0,1.0
72.75,0.0,1.0
72.77,0.0,1.0
72.78,1.0,2.0
72.79,0.0,1.0
72.8,0.0,1.0
72.8,1.0,1.0
72.81,0.0,1.0
72.82,0.0,3.0
72.83,0.0,3.0
72.84,0.0,2.0
72.84,1.0,1.0
72.85,0.0,2.0
72.86,0.0,1.0
72.88,0.0,1.0
72.89,0.0,1.0
72.9,0.0,2.0
72.91,0.0,1.0
72.91,1.0,1.0
72.93,0.0,3.0
72.94,0.0,1.0
72.95,0.0,2.0
72.97,0.0,1.0
73.0,0.0,1.0
73.01,0.0,1.0
73.02,0.0,1.0
73.03,0.0,1.0
73.03,1.0,1.0
73.04,0.0,1.0
73.05,0.0,1.0
73.06,0.0,1.0
73.07,0.0,2.0
73.07,1.0,1.0
73.08,0.0,1.0
73.09,0.0,3.0
73.11,0.0,2.0
73.11,1.0,1.0
73.14,0.0,1.0
73.14,1.0,1.0
73.17,0.0,3.0
73.17,1.0,2.0
73.19,0.0,2.0
73.21,0.0,1.0
73.22,1.0,2.0
73.24,0.0,1.0
73.26,0.0,2.0
73.27,0.0,1.0
73.28,0.0,3.0
73.29,0.0,1.0
73.3,0.0,1.0
73.32,0.0,1.0
73.33,0.0,1.0
73.35,0.0,1.0
73.36,0.0,2.0
73.36,1.0,1.0
73.37,0.0,1.0
73.39,0.0,1.0
73.4,1.0,2.0
73.41,0.0,3.0
73.42,0.0,1.0
73.43,0.0,3.0
73.48,0.0,2.0
73.49,0.0,2.0
73.5,0.0,2.0
73.54,0.0,1.0
73.56,0.0,4.0
73.57,0.0,2.0
73.58,0.0,3.0
73.6,1.0,1.0
73.61,0.0,1.0
73.66,0.0,1.0
73.69,0.0,1.0
73.7,0.0,1.0
73.7,1.0,1.0
73.71,0.0,1.0
73.72,0.0,1.0
73.77,0.0,2.0
73.79,0.0,1.0
73.79,1.0,1.0
73.8,0.0,2.0
73.83,0.0,1.0
73.84,0.0,1.0
73.85,0.0,2.0
73.86,0.0,1.0
73.89,0.0,1.0
73.92,0.0,1.0
73.94,0.0,4.0
73.95,0.0,1.0
73.98,0.0,1.0
73.99,0.0,1.0
74.01,0.0,2.0
74.03,0.0,1.0
74.06,0.0,2.0
74.1,1.0,1.0
74.11,0.0,1.0
74.15,0.0,2.0
74.16,1.0,1.0
74.17,0.0,1.0
74.18,0.0,1.0
74.2,0.0,1.0
74.22,0.0,1.0
74.23,0.0,1.0
74.24,0.0,1.0
74.25,0.0,2.0
74.26,0.0,2.0
74.26,1.0,2.0
74.31,0.0,1.0
74.31,1.0,1.0
74.32,0.0,3.0
74.32,1.0,1.0
74.33,0.0,1.0
74.33,1.0,1.0
74.34,0.0,1.0
74.38,0.0,2.0
74.45,0.0,2.0
74.46,0.0,1.0
74.46,1.0,1.0
74.47,0.0,1.0
74.48,0.0,1.0
74.49,0.0,2.0
74.5,0.0,1.0
74.57,0.0,2.0
74.63,0.0,1.0
74.64,0.0,1.0
74.64,1.0,1.0
74.68,0.0,1.0
74.69,0.0,1.0
74.7,0.0,2.0
74.7,1.0,1.0
74.71,0.0,1.0
74.74,0.0,1.0
74.79,0.0,1.0
74.81,0.0,1.0
74.82,1.0,1.0
74.83,0.0,1.0
74.84,0.0,1.0
74.84,1.0,1.0
74.85,0.0,1.0
74.85,1.0,1.0
74.91,0.0,1.0
74.93,0.0,1.0
74.95,0.0,2.0
74.97,0.0,2.0
74.99,0.0,1.0
75.05,0.0,1.0
75.06,1.0,1.0
75.09,0.0,1.0
75.11,0.0,1.0
75.12,0.0,1.0
75.17,1.0,1.0
75.18,0.0,1.0
75.24,0.0,2.0
75.25,0.0,3.0
75.25,1.0,1.0
75.26,0.0,1.0
75.34,0.0,2.0
75.35,0.0,1.0
75.37,0.0,2.0
75.48,0.0,1.0
75.5,0.0,1.0
75.5,1.0,1.0
75.73,0.0,1.0
75.78,1.0,1.0
75.8,0.0,1.0
75.84,0.0,1.0
76.0,0.0,1.0
76.41,0.0,1.0
76.53,0.0,1.0
76.58,0.0,2.0
76.68,1.0,1.0
76.81,1.0,1.0
76.94,0.0,1.0
77.03,0.0,1.0
77.25,0.0,1.0
77.64,0.0,1.0

