GC_content,mapped,occurence
0.0,1.0,1.0
16.34,0.0,1.0
32.87,0.0,1.0
32.97,0.0,1.0
33.28,0.0,2.0
33.49,0.0,1.0
34.12,0.0,2.0
34.97,0.0,3.0
35.05,0.0,1.0
35.52,0.0,2.0
36.17,0.0,1.0
36.25,0.0,1.0
36.32,0.0,2.0
36.65,1.0,1.0
36.67,0.0,2.0
36.93,0.0,1.0
37.29,1.0,1.0
37.61,0.0,1.0
37.8,1.0,1.0
38.04,0.0,1.0
38.1,1.0,1.0
38.19,0.0,1.0
38.22,1.0,1.0
38.43,0.0,1.0
38.46,1.0,1.0
38.83,0.0,1.0
39.07,0.0,1.0
39.09,0.0,1.0
39.27,0.0,1.0
39.55,0.0,1.0
39.71,0.0,2.0
39.74,0.0,1.0
40.12,0.0,1.0
40.18,0.0,1.0
40.22,0.0,1.0
40.28,1.0,1.0
40.32,0.0,1.0
40.41,0.0,1.0
40.57,0.0,2.0
40.62,0.0,1.0
40.65,0.0,1.0
40.9,0.0,1.0
40.92,1.0,1.0
40.99,0.0,1.0
41.12,0.0,1.0
41.15,0.0,1.0
41.28,0.0,1.0
41.31,1.0,2.0
41.36,1.0,1.0
41.45,0.0,1.0
41.46,1.0,1.0
41.48,0.0,1.0
41.57,0.0,1.0
41.62,0.0,2.0
41.62,1.0,1.0
41.72,0.0,3.0
41.77,0.0,1.0
41.85,1.0,1.0
41.86,1.0,1.0
41.88,0.0,1.0
41.89,1.0,1.0
41.92,1.0,1.0
41.93,1.0,1.0
41.94,0.0,1.0
41.95,0.0,3.0
41.95,1.0,1.0
42.0,0.0,1.0
42.04,1.0,1.0
42.09,1.0,1.0
42.11,0.0,1.0
42.11,1.0,1.0
42.16,1.0,1.0
42.21,0.0,3.0
42.26,0.0,1.0
42.28,1.0,2.0
42.29,0.0,1.0
42.32,1.0,1.0
42.33,0.0,6.0
42.35,1.0,1.0
42.37,1.0,2.0
42.38,0.0,1.0
42.4,1.0,1.0
42.41,0.0,1.0
42.42,1.0,1.0
42.46,1.0,1.0
42.47,1.0,1.0
42.5,1.0,1.0
42.53,0.0,3.0
42.57,0.0,1.0
42.61,1.0,1.0
42.64,1.0,1.0
42.65,1.0,1.0
42.67,0.0,2.0
42.67,1.0,1.0
42.69,0.0,2.0
42.76,0.0,1.0
42.79,0.0,1.0
42.86,0.0,5.0
42.87,1.0,1.0
42.89,1.0,1.0
42.92,1.0,2.0
42.94,0.0,4.0
42.95,0.0,2.0
42.95,1.0,1.0
42.98,1.0,1.0
42.99,0.0,1.0
43.0,1.0,1.0
43.01,0.0,1.0
43.01,1.0,3.0
43.02,1.0,1.0
43.03,0.0,1.0
43.03,1.0,1.0
43.06,1.0,2.0
43.09,1.0,1.0
43.1,0.0,1.0
43.1,1.0,1.0
43.11,0.0,1.0
43.13,1.0,1.0
43.14,0.0,4.0
43.14,1.0,1.0
43.15,0.0,2.0
43.16,0.0,2.0
43.17,1.0,1.0
43.19,0.0,1.0
43.2,0.0,1.0
43.21,0.0,2.0
43.22,1.0,2.0
43.23,0.0,1.0
43.23,1.0,4.0
43.27,1.0,2.0
43.28,1.0,2.0
43.29,1.0,3.0
43.31,1.0,3.0
43.32,1.0,1.0
43.33,0.0,3.0
43.33,1.0,2.0
43.34,1.0,1.0
43.35,0.0,1.0
43.35,1.0,1.0
43.36,1.0,1.0
43.37,0.0,2.0
43.37,1.0,1.0
43.38,0.0,1.0
43.39,1.0,1.0
43.4,0.0,1.0
43.4,1.0,1.0
43.41,1.0,2.0
43.42,0.0,4.0
43.42,1.0,2.0
43.43,0.0,2.0
43.44,0.0,1.0
43.44,1.0,1.0
43.45,1.0,1.0
43.46,1.0,1.0
43.47,1.0,2.0
43.48,0.0,1.0
43.48,1.0,1.0
43.49,1.0,2.0
43.5,0.0,1.0
43.5,1.0,2.0
43.51,0.0,2.0
43.51,1.0,2.0
43.52,0.0,2.0
43.52,1.0,2.0
43.53,0.0,6.0
43.53,1.0,3.0
43.54,1.0,2.0
43.55,0.0,1.0
43.56,0.0,1.0
43.56,1.0,1.0
43.57,0.0,1.0
43.57,1.0,1.0
43.59,1.0,3.0
43.6,1.0,4.0
43.61,1.0,1.0
43.64,0.0,1.0
43.64,1.0,4.0
43.65,0.0,2.0
43.65,1.0,4.0
43.66,1.0,1.0
43.67,0.0,1.0
43.67,1.0,2.0
43.68,0.0,2.0
43.68,1.0,4.0
43.69,0.0,3.0
43.69,1.0,3.0
43.7,1.0,3.0
43.71,0.0,1.0
43.71,1.0,3.0
43.72,1.0,4.0
43.73,1.0,3.0
43.74,1.0,5.0
43.75,0.0,3.0
43.75,1.0,2.0
43.76,1.0,6.0
43.77,1.0,7.0
43.78,0.0,1.0
43.78,1.0,1.0
43.79,0.0,8.0
43.79,1.0,2.0
43.8,1.0,4.0
43.81,1.0,8.0
43.82,1.0,7.0
43.83,1.0,3.0
43.84,1.0,7.0
43.85,0.0,1.0
43.85,1.0,5.0
43.86,0.0,1.0
43.86,1.0,9.0
43.87,0.0,5.0
43.87,1.0,4.0
43.88,0.0,2.0
43.88,1.0,7.0
43.89,0.0,3.0
43.89,1.0,6.0
43.9,1.0,4.0
43.91,1.0,7.0
43.92,0.0,1.0
43.92,1.0,6.0
43.93,0.0,1.0
43.93,1.0,9.0
43.94,0.0,1.0
43.94,1.0,6.0
43.95,1.0,5.0
43.96,0.0,2.0
43.96,1.0,7.0
43.97,0.0,1.0
43.97,1.0,6.0
43.98,0.0,1.0
43.98,1.0,2.0
43.99,1.0,5.0
44.0,1.0,6.0
44.01,1.0,5.0
44.02,1.0,12.0
44.03,1.0,10.0
44.04,1.0,12.0
44.05,0.0,3.0
44.05,1.0,7.0
44.06,1.0,10.0
44.07,1.0,8.0
44.08,0.0,6.0
44.08,1.0,7.0
44.09,1.0,11.0
44.1,1.0,7.0
44.11,1.0,4.0
44.12,0.0,4.0
44.12,1.0,11.0
44.13,0.0,1.0
44.13,1.0,12.0
44.14,0.0,2.0
44.14,1.0,4.0
44.15,1.0,13.0
44.16,0.0,7.0
44.16,1.0,15.0
44.17,1.0,8.0
44.18,1.0,7.0
44.19,0.0,4.0
44.19,1.0,14.0
44.2,0.0,2.0
44.2,1.0,10.0
44.21,1.0,6.0
44.22,0.0,1.0
44.22,1.0,14.0
44.23,0.0,1.0
44.23,1.0,8.0
44.24,0.0,4.0
44.24,1.0,11.0
44.25,0.0,1.0
44.25,1.0,10.0
44.26,1.0,13.0
44.27,1.0,6.0
44.28,1.0,13.0
44.29,1.0,8.0
44.3,0.0,3.0
44.3,1.0,12.0
44.31,0.0,2.0
44.31,1.0,13.0
44.32,0.0,1.0
44.32,1.0,9.0
44.33,0.0,3.0
44.33,1.0,14.0
44.34,1.0,5.0
44.35,1.0,35.0
44.36,1.0,13.0
44.37,0.0,2.0
44.37,1.0,11.0
44.38,0.0,4.0
44.38,1.0,12.0
44.39,0.0,1.0
44.39,1.0,9.0
44.4,0.0,1.0
44.4,1.0,20.0
44.41,1.0,29.0
44.42,1.0,13.0
44.43,1.0,11.0
44.44,0.0,18.0
44.44,1.0,22.0
44.45,1.0,2.0
44.46,1.0,29.0
44.47,1.0,16.0
44.48,1.0,13.0
44.49,1.0,13.0
44.5,1.0,17.0
44.51,0.0,1.0
44.51,1.0,12.0
44.52,0.0,2.0
44.52,1.0,16.0
44.53,1.0,13.0
44.54,1.0,8.0
44.55,0.0,1.0
44.55,1.0,11.0
44.56,1.0,18.0
44.57,0.0,1.0
44.57,1.0,14.0
44.58,0.0,2.0
44.58,1.0,6.0
44.59,0.0,1.0
44.59,1.0,6.0
44.6,0.0,1.0
44.6,1.0,6.0
44.61,1.0,12.0
44.62,0.0,3.0
44.62,1.0,8.0
44.63,1.0,9.0
44.64,0.0,2.0
44.64,1.0,12.0
44.65,0.0,1.0
44.65,1.0,7.0
44.66,1.0,13.0
44.67,0.0,3.0
44.67,1.0,13.0
44.68,1.0,10.0
44.69,0.0,5.0
44.69,1.0,9.0
44.7,1.0,9.0
44.71,0.0,1.0
44.71,1.0,2.0
44.72,1.0,5.0
44.73,0.0,1.0
44.73,1.0,3.0
44.74,0.0,6.0
44.74,1.0,6.0
44.75,0.0,1.0
44.75,1.0,8.0
44.76,1.0,6.0
44.77,0.0,3.0
44.77,1.0,9.0
44.78,0.0,1.0
44.78,1.0,3.0
44.79,0.0,1.0
44.79,1.0,9.0
44.8,0.0,1.0
44.8,1.0,4.0
44.81,0.0,7.0
44.81,1.0,5.0
44.82,1.0,6.0
44.83,1.0,11.0
44.84,0.0,1.0
44.84,1.0,4.0
44.85,0.0,1.0
44.85,1.0,5.0
44.86,0.0,1.0
44.86,1.0,8.0
44.87,0.0,5.0
44.87,1.0,8.0
44.88,1.0,9.0
44.89,1.0,2.0
44.9,0.0,1.0
44.9,1.0,7.0
44.91,0.0,1.0
44.91,1.0,1.0
44.92,0.0,2.0
44.92,1.0,2.0
44.93,0.0,4.0
44.93,1.0,3.0
44.94,1.0,6.0
44.95,0.0,1.0
44.95,1.0,4.0
44.96,0.0,1.0
44.96,1.0,7.0
44.97,0.0,2.0
44.97,1.0,4.0
44.98,0.0,2.0
44.98,1.0,1.0
44.99,1.0,2.0
45.0,0.0,15.0
45.0,1.0,4.0
45.01,1.0,3.0
45.02,0.0,1.0
45.02,1.0,3.0
45.03,0.0,3.0
45.03,1.0,1.0
45.04,1.0,4.0
45.05,0.0,4.0
45.05,1.0,8.0
45.06,0.0,1.0
45.06,1.0,3.0
45.07,1.0,4.0
45.08,1.0,4.0
45.09,0.0,2.0
45.09,1.0,8.0
45.1,0.0,22.0
45.1,1.0,4.0
45.11,1.0,13.0
45.12,0.0,4.0
45.12,1.0,6.0
45.13,0.0,3.0
45.13,1.0,7.0
45.14,1.0,3.0
45.15,0.0,2.0
45.15,1.0,5.0
45.16,0.0,2.0
45.16,1.0,5.0
45.17,1.0,6.0
45.18,0.0,1.0
45.18,1.0,5.0
45.19,1.0,4.0
45.2,0.0,3.0
45.2,1.0,1.0
45.21,0.0,1.0
45.21,1.0,4.0
45.22,0.0,2.0
45.22,1.0,6.0
45.23,0.0,1.0
45.23,1.0,2.0
45.24,0.0,1.0
45.24,1.0,2.0
45.25,0.0,6.0
45.25,1.0,7.0
45.26,0.0,1.0
45.26,1.0,6.0
45.27,1.0,2.0
45.28,0.0,1.0
45.28,1.0,5.0
45.29,0.0,3.0
45.29,1.0,5.0
45.3,0.0,3.0
45.3,1.0,1.0
45.31,0.0,1.0
45.31,1.0,4.0
45.32,1.0,4.0
45.33,0.0,2.0
45.34,0.0,2.0
45.34,1.0,4.0
45.35,0.0,1.0
45.35,1.0,2.0
45.36,0.0,1.0
45.36,1.0,8.0
45.37,1.0,6.0
45.38,1.0,4.0
45.39,0.0,7.0
45.39,1.0,4.0
45.4,0.0,1.0
45.4,1.0,4.0
45.41,0.0,1.0
45.41,1.0,7.0
45.42,1.0,7.0
45.43,1.0,1.0
45.44,1.0,2.0
45.45,0.0,7.0
45.45,1.0,12.0
45.47,1.0,1.0
45.48,0.0,1.0
45.48,1.0,5.0
45.49,1.0,7.0
45.5,0.0,3.0
45.5,1.0,4.0
45.51,0.0,1.0
45.51,1.0,10.0
45.52,1.0,7.0
45.53,0.0,1.0
45.53,1.0,1.0
45.54,0.0,2.0
45.54,1.0,2.0
45.55,1.0,5.0
45.56,0.0,5.0
45.56,1.0,5.0
45.57,1.0,7.0
45.58,0.0,1.0
45.58,1.0,1.0
45.59,0.0,2.0
45.59,1.0,2.0
45.6,0.0,3.0
45.6,1.0,7.0
45.61,0.0,1.0
45.61,1.0,10.0
45.62,0.0,7.0
45.62,1.0,7.0
45.63,0.0,1.0
45.63,1.0,1.0
45.64,0.0,2.0
45.64,1.0,3.0
45.65,0.0,3.0
45.65,1.0,26.0
45.66,0.0,1.0
45.66,1.0,2.0
45.67,1.0,4.0
45.68,0.0,3.0
45.68,1.0,6.0
45.69,0.0,3.0
45.69,1.0,8.0
45.7,0.0,4.0
45.7,1.0,7.0
45.71,0.0,2.0
45.71,1.0,11.0
45.72,1.0,4.0
45.73,1.0,9.0
45.74,0.0,1.0
45.74,1.0,5.0
45.75,0.0,5.0
45.75,1.0,5.0
45.76,0.0,3.0
45.76,1.0,4.0
45.77,0.0,1.0
45.77,1.0,3.0
45.78,0.0,2.0
45.78,1.0,4.0
45.79,0.0,3.0
45.79,1.0,77.0
45.8,1.0,5.0
45.81,0.0,7.0
45.81,1.0,7.0
45.82,1.0,5.0
45.83,0.0,2.0
45.83,1.0,10.0
45.84,0.0,1.0
45.84,1.0,2.0
45.85,0.0,1.0
45.85,1.0,10.0
45.86,0.0,2.0
45.86,1.0,2.0
45.87,1.0,12.0
45.88,0.0,2.0
45.88,1.0,16.0
45.89,0.0,2.0
45.89,1.0,8.0
45.9,0.0,1.0
45.9,1.0,20.0
45.91,0.0,2.0
45.91,1.0,9.0
45.92,0.0,1.0
45.92,1.0,4.0
45.93,0.0,5.0
45.93,1.0,8.0
45.94,0.0,1.0
45.94,1.0,7.0
45.95,0.0,1.0
45.95,1.0,12.0
45.96,0.0,3.0
45.96,1.0,6.0
45.97,1.0,5.0
45.98,0.0,1.0
45.98,1.0,7.0
45.99,0.0,2.0
45.99,1.0,12.0
46.0,0.0,10.0
46.0,1.0,3.0
46.01,0.0,2.0
46.01,1.0,7.0
46.02,0.0,2.0
46.02,1.0,4.0
46.03,0.0,1.0
46.03,1.0,12.0
46.04,0.0,2.0
46.04,1.0,12.0
46.05,0.0,6.0
46.05,1.0,8.0
46.06,1.0,5.0
46.07,0.0,1.0
46.07,1.0,9.0
46.08,0.0,2.0
46.08,1.0,6.0
46.09,1.0,18.0
46.1,0.0,1.0
46.1,1.0,6.0
46.11,0.0,4.0
46.11,1.0,15.0
46.12,0.0,2.0
46.12,1.0,3.0
46.13,1.0,9.0
46.14,1.0,3.0
46.15,0.0,5.0
46.15,1.0,33.0
46.17,1.0,3.0
46.18,0.0,1.0
46.18,1.0,9.0
46.19,0.0,1.0
46.19,1.0,11.0
46.2,0.0,1.0
46.2,1.0,66.0
46.21,1.0,14.0
46.22,0.0,2.0
46.22,1.0,10.0
46.23,0.0,1.0
46.23,1.0,15.0
46.24,0.0,1.0
46.24,1.0,36.0
46.25,0.0,3.0
46.25,1.0,16.0
46.26,1.0,16.0
46.27,0.0,2.0
46.27,1.0,7.0
46.28,1.0,20.0
46.29,1.0,15.0
46.3,0.0,3.0
46.3,1.0,12.0
46.31,0.0,1.0
46.31,1.0,9.0
46.32,0.0,2.0
46.32,1.0,11.0
46.33,0.0,1.0
46.33,1.0,9.0
46.34,0.0,7.0
46.34,1.0,15.0
46.35,0.0,2.0
46.35,1.0,11.0
46.36,0.0,3.0
46.36,1.0,10.0
46.37,1.0,11.0
46.38,0.0,2.0
46.38,1.0,15.0
46.39,1.0,11.0
46.4,0.0,2.0
46.4,1.0,23.0
46.41,0.0,4.0
46.41,1.0,30.0
46.42,1.0,15.0
46.43,0.0,3.0
46.43,1.0,36.0
46.44,0.0,1.0
46.44,1.0,13.0
46.45,0.0,2.0
46.45,1.0,26.0
46.46,0.0,2.0
46.46,1.0,10.0
46.47,1.0,22.0
46.48,1.0,16.0
46.49,1.0,20.0
46.5,0.0,1.0
46.5,1.0,25.0
46.51,1.0,8.0
46.52,0.0,1.0
46.52,1.0,11.0
46.53,1.0,24.0
46.54,0.0,1.0
46.54,1.0,6.0
46.55,1.0,29.0
46.56,0.0,4.0
46.56,1.0,11.0
46.57,0.0,4.0
46.57,1.0,20.0
46.58,0.0,6.0
46.58,1.0,13.0
46.59,0.0,4.0
46.59,1.0,117.0
46.6,0.0,2.0
46.6,1.0,9.0
46.61,1.0,22.0
46.62,1.0,25.0
46.63,0.0,8.0
46.63,1.0,5.0
46.64,1.0,31.0
46.65,1.0,15.0
46.67,0.0,15.0
46.67,1.0,37.0
46.68,1.0,4.0
46.69,1.0,34.0
46.7,0.0,1.0
46.7,1.0,16.0
46.71,0.0,4.0
46.71,1.0,10.0
46.72,0.0,2.0
46.72,1.0,37.0
46.73,0.0,1.0
46.73,1.0,23.0
46.74,0.0,1.0
46.74,1.0,23.0
46.75,0.0,3.0
46.75,1.0,20.0
46.76,0.0,4.0
46.76,1.0,36.0
46.77,1.0,31.0
46.78,0.0,1.0
46.78,1.0,9.0
46.79,0.0,3.0
46.79,1.0,27.0
46.8,0.0,1.0
46.8,1.0,9.0
46.81,0.0,2.0
46.81,1.0,34.0
46.82,1.0,8.0
46.83,0.0,2.0
46.83,1.0,10.0
46.84,0.0,3.0
46.84,1.0,24.0
46.85,1.0,23.0
46.86,0.0,3.0
46.86,1.0,25.0
46.87,1.0,3.0
46.88,0.0,2.0
46.88,1.0,16.0
46.89,0.0,6.0
46.89,1.0,45.0
46.9,0.0,1.0
46.9,1.0,16.0
46.91,0.0,5.0
46.91,1.0,99.0
46.92,1.0,10.0
46.93,1.0,30.0
46.94,1.0,22.0
46.95,0.0,1.0
46.95,1.0,115.0
46.96,0.0,1.0
46.96,1.0,19.0
46.97,0.0,2.0
46.97,1.0,10.0
46.98,0.0,1.0
46.98,1.0,33.0
46.99,0.0,2.0
46.99,1.0,25.0
47.0,0.0,1.0
47.0,1.0,37.0
47.01,0.0,2.0
47.01,1.0,18.0
47.02,0.0,5.0
47.02,1.0,19.0
47.03,0.0,1.0
47.03,1.0,33.0
47.04,0.0,1.0
47.04,1.0,18.0
47.05,1.0,2.0
47.06,0.0,2.0
47.06,1.0,79.0
47.07,0.0,1.0
47.07,1.0,6.0
47.08,1.0,40.0
47.09,0.0,6.0
47.09,1.0,22.0
47.1,0.0,2.0
47.1,1.0,16.0
47.11,0.0,1.0
47.11,1.0,57.0
47.12,0.0,4.0
47.12,1.0,45.0
47.13,0.0,4.0
47.13,1.0,57.0
47.14,0.0,1.0
47.14,1.0,34.0
47.15,0.0,2.0
47.15,1.0,37.0
47.16,0.0,2.0
47.16,1.0,21.0
47.17,1.0,16.0
47.18,0.0,1.0
47.18,1.0,36.0
47.19,1.0,18.0
47.2,0.0,5.0
47.2,1.0,20.0
47.21,0.0,2.0
47.21,1.0,22.0
47.22,0.0,1.0
47.22,1.0,24.0
47.23,0.0,2.0
47.23,1.0,30.0
47.24,0.0,3.0
47.24,1.0,12.0
47.25,0.0,4.0
47.25,1.0,22.0
47.26,1.0,26.0
47.27,0.0,1.0
47.27,1.0,48.0
47.28,0.0,1.0
47.28,1.0,38.0
47.29,0.0,1.0
47.29,1.0,39.0
47.3,0.0,1.0
47.3,1.0,57.0
47.31,0.0,3.0
47.31,1.0,51.0
47.32,0.0,1.0
47.32,1.0,16.0
47.33,0.0,9.0
47.33,1.0,259.0
47.34,0.0,3.0
47.34,1.0,10.0
47.35,1.0,79.0
47.36,1.0,5.0
47.37,0.0,3.0
47.37,1.0,36.0
47.38,1.0,15.0
47.39,1.0,27.0
47.4,1.0,19.0
47.41,0.0,1.0
47.41,1.0,28.0
47.42,0.0,1.0
47.42,1.0,15.0
47.43,0.0,1.0
47.43,1.0,18.0
47.44,1.0,24.0
47.45,0.0,2.0
47.45,1.0,24.0
47.46,0.0,3.0
47.46,1.0,115.0
47.47,1.0,19.0
47.48,0.0,1.0
47.48,1.0,38.0
47.49,0.0,2.0
47.49,1.0,19.0
47.5,0.0,3.0
47.5,1.0,47.0
47.51,0.0,1.0
47.51,1.0,13.0
47.52,0.0,3.0
47.52,1.0,115.0
47.53,0.0,3.0
47.53,1.0,30.0
47.54,1.0,106.0
47.55,0.0,2.0
47.55,1.0,41.0
47.56,0.0,1.0
47.56,1.0,28.0
47.57,1.0,57.0
47.58,0.0,2.0
47.58,1.0,23.0
47.59,0.0,1.0
47.59,1.0,40.0
47.6,0.0,1.0
47.6,1.0,26.0
47.61,0.0,1.0
47.61,1.0,8.0
47.62,0.0,1.0
47.62,1.0,45.0
47.63,0.0,3.0
47.63,1.0,19.0
47.64,0.0,2.0
47.64,1.0,33.0
47.65,1.0,86.0
47.66,1.0,59.0
47.67,1.0,29.0
47.68,1.0,34.0
47.69,0.0,2.0
47.69,1.0,31.0
47.7,0.0,1.0
47.7,1.0,74.0
47.71,1.0,20.0
47.72,0.0,2.0
47.72,1.0,64.0
47.73,0.0,1.0
47.73,1.0,27.0
47.74,0.0,1.0
47.74,1.0,64.0
47.75,0.0,1.0
47.75,1.0,15.0
47.76,1.0,33.0
47.77,0.0,1.0
47.77,1.0,28.0
47.78,0.0,5.0
47.78,1.0,22.0
47.79,0.0,2.0
47.79,1.0,15.0
47.8,0.0,2.0
47.8,1.0,27.0
47.81,1.0,22.0
47.82,1.0,5.0
47.83,0.0,5.0
47.83,1.0,40.0
47.84,1.0,35.0
47.85,1.0,21.0
47.86,1.0,41.0
47.87,0.0,1.0
47.87,1.0,18.0
47.88,0.0,2.0
47.88,1.0,168.0
47.89,0.0,2.0
47.89,1.0,74.0
47.9,0.0,1.0
47.9,1.0,50.0
47.91,1.0,25.0
47.92,1.0,46.0
47.93,0.0,2.0
47.93,1.0,68.0
47.94,0.0,2.0
47.94,1.0,16.0
47.95,0.0,2.0
47.95,1.0,43.0
47.96,0.0,2.0
47.96,1.0,19.0
47.97,0.0,1.0
47.97,1.0,18.0
47.98,1.0,16.0
47.99,0.0,2.0
47.99,1.0,10.0
48.0,0.0,5.0
48.0,1.0,21.0
48.01,1.0,30.0
48.02,0.0,3.0
48.02,1.0,15.0
48.03,0.0,1.0
48.03,1.0,19.0
48.04,0.0,2.0
48.04,1.0,33.0
48.05,0.0,4.0
48.05,1.0,25.0
48.06,0.0,2.0
48.06,1.0,28.0
48.07,0.0,4.0
48.07,1.0,57.0
48.08,0.0,3.0
48.08,1.0,57.0
48.09,0.0,3.0
48.09,1.0,66.0
48.1,1.0,48.0
48.11,0.0,2.0
48.11,1.0,44.0
48.12,0.0,2.0
48.12,1.0,40.0
48.13,0.0,4.0
48.13,1.0,43.0
48.14,0.0,1.0
48.14,1.0,9.0
48.15,0.0,3.0
48.15,1.0,38.0
48.16,0.0,2.0
48.16,1.0,20.0
48.17,1.0,9.0
48.18,0.0,2.0
48.18,1.0,17.0
48.19,0.0,1.0
48.19,1.0,18.0
48.2,0.0,4.0
48.2,1.0,18.0
48.21,0.0,2.0
48.21,1.0,24.0
48.22,0.0,3.0
48.22,1.0,12.0
48.23,1.0,13.0
48.24,0.0,3.0
48.24,1.0,19.0
48.25,0.0,1.0
48.25,1.0,15.0
48.26,0.0,1.0
48.26,1.0,24.0
48.27,1.0,6.0
48.28,0.0,2.0
48.28,1.0,36.0
48.29,0.0,2.0
48.29,1.0,49.0
48.3,0.0,4.0
48.3,1.0,17.0
48.31,0.0,2.0
48.31,1.0,41.0
48.32,0.0,1.0
48.32,1.0,14.0
48.33,0.0,3.0
48.33,1.0,33.0
48.34,0.0,5.0
48.34,1.0,11.0
48.35,0.0,5.0
48.35,1.0,30.0
48.36,0.0,4.0
48.36,1.0,27.0
48.37,0.0,3.0
48.37,1.0,26.0
48.38,0.0,5.0
48.38,1.0,13.0
48.39,0.0,2.0
48.39,1.0,32.0
48.4,0.0,3.0
48.4,1.0,16.0
48.41,0.0,5.0
48.41,1.0,21.0
48.42,0.0,1.0
48.42,1.0,20.0
48.43,0.0,3.0
48.43,1.0,31.0
48.44,0.0,1.0
48.44,1.0,16.0
48.45,0.0,2.0
48.45,1.0,11.0
48.46,0.0,7.0
48.46,1.0,30.0
48.47,0.0,3.0
48.47,1.0,24.0
48.48,0.0,5.0
48.48,1.0,24.0
48.49,0.0,2.0
48.49,1.0,7.0
48.5,0.0,3.0
48.5,1.0,84.0
48.51,0.0,6.0
48.51,1.0,32.0
48.52,0.0,4.0
48.52,1.0,36.0
48.53,0.0,3.0
48.53,1.0,13.0
48.54,0.0,6.0
48.54,1.0,51.0
48.55,0.0,1.0
48.55,1.0,33.0
48.56,0.0,4.0
48.56,1.0,22.0
48.57,0.0,6.0
48.57,1.0,21.0
48.58,0.0,3.0
48.58,1.0,28.0
48.59,0.0,3.0
48.59,1.0,7.0
48.6,0.0,7.0
48.6,1.0,19.0
48.61,0.0,1.0
48.61,1.0,12.0
48.62,0.0,4.0
48.62,1.0,17.0
48.63,0.0,3.0
48.63,1.0,16.0
48.64,0.0,3.0
48.64,1.0,9.0
48.65,0.0,3.0
48.65,1.0,99.0
48.66,0.0,6.0
48.66,1.0,12.0
48.67,0.0,7.0
48.67,1.0,13.0
48.68,0.0,5.0
48.68,1.0,18.0
48.69,0.0,6.0
48.69,1.0,15.0
48.7,0.0,6.0
48.7,1.0,20.0
48.71,0.0,6.0
48.71,1.0,43.0
48.72,0.0,3.0
48.72,1.0,22.0
48.73,0.0,3.0
48.73,1.0,17.0
48.74,0.0,3.0
48.74,1.0,21.0
48.75,0.0,6.0
48.75,1.0,24.0
48.76,0.0,6.0
48.76,1.0,18.0
48.77,0.0,3.0
48.77,1.0,20.0
48.78,0.0,9.0
48.78,1.0,23.0
48.79,0.0,5.0
48.79,1.0,10.0
48.8,0.0,5.0
48.8,1.0,16.0
48.81,0.0,5.0
48.81,1.0,14.0
48.82,0.0,8.0
48.82,1.0,18.0
48.83,0.0,11.0
48.83,1.0,19.0
48.84,0.0,15.0
48.84,1.0,11.0
48.85,0.0,5.0
48.85,1.0,15.0
48.86,0.0,7.0
48.86,1.0,9.0
48.87,0.0,6.0
48.87,1.0,6.0
48.88,0.0,3.0
48.88,1.0,22.0
48.89,0.0,3.0
48.89,1.0,14.0
48.9,0.0,3.0
48.9,1.0,15.0
48.91,0.0,4.0
48.91,1.0,30.0
48.92,0.0,5.0
48.92,1.0,23.0
48.93,0.0,5.0
48.93,1.0,21.0
48.94,0.0,8.0
48.94,1.0,23.0
48.95,0.0,9.0
48.95,1.0,33.0
48.96,0.0,7.0
48.96,1.0,18.0
48.97,0.0,9.0
48.97,1.0,13.0
48.98,0.0,3.0
48.98,1.0,12.0
48.99,0.0,4.0
48.99,1.0,13.0
49.0,0.0,9.0
49.0,1.0,11.0
49.01,0.0,10.0
49.01,1.0,17.0
49.02,0.0,5.0
49.02,1.0,18.0
49.03,0.0,2.0
49.03,1.0,8.0
49.04,0.0,6.0
49.04,1.0,7.0
49.05,0.0,3.0
49.05,1.0,5.0
49.06,0.0,13.0
49.06,1.0,16.0
49.07,0.0,7.0
49.07,1.0,9.0
49.08,0.0,5.0
49.08,1.0,7.0
49.09,0.0,8.0
49.09,1.0,7.0
49.1,0.0,7.0
49.1,1.0,8.0
49.11,0.0,5.0
49.11,1.0,15.0
49.12,0.0,8.0
49.12,1.0,9.0
49.13,0.0,13.0
49.13,1.0,9.0
49.14,0.0,8.0
49.14,1.0,33.0
49.15,0.0,3.0
49.15,1.0,22.0
49.16,0.0,5.0
49.16,1.0,27.0
49.17,0.0,4.0
49.17,1.0,19.0
49.18,0.0,9.0
49.18,1.0,12.0
49.19,0.0,7.0
49.19,1.0,15.0
49.2,0.0,12.0
49.2,1.0,10.0
49.21,0.0,5.0
49.21,1.0,15.0
49.22,0.0,6.0
49.22,1.0,9.0
49.23,0.0,6.0
49.23,1.0,10.0
49.24,0.0,6.0
49.24,1.0,7.0
49.25,0.0,9.0
49.25,1.0,20.0
49.26,0.0,7.0
49.26,1.0,16.0
49.27,0.0,5.0
49.27,1.0,4.0
49.28,0.0,7.0
49.28,1.0,10.0
49.29,0.0,6.0
49.29,1.0,11.0
49.3,0.0,8.0
49.3,1.0,32.0
49.31,0.0,7.0
49.31,1.0,14.0
49.32,0.0,5.0
49.32,1.0,8.0
49.33,0.0,9.0
49.33,1.0,23.0
49.34,0.0,13.0
49.34,1.0,14.0
49.35,0.0,12.0
49.35,1.0,18.0
49.36,0.0,3.0
49.36,1.0,17.0
49.37,0.0,8.0
49.37,1.0,16.0
49.38,0.0,9.0
49.38,1.0,11.0
49.39,0.0,9.0
49.39,1.0,6.0
49.4,0.0,9.0
49.4,1.0,6.0
49.41,0.0,6.0
49.41,1.0,5.0
49.42,0.0,14.0
49.42,1.0,3.0
49.43,0.0,12.0
49.43,1.0,5.0
49.44,0.0,11.0
49.44,1.0,13.0
49.45,0.0,3.0
49.45,1.0,5.0
49.46,0.0,10.0
49.46,1.0,11.0
49.47,0.0,4.0
49.47,1.0,13.0
49.48,0.0,11.0
49.48,1.0,4.0
49.49,0.0,4.0
49.49,1.0,9.0
49.5,0.0,9.0
49.5,1.0,7.0
49.51,0.0,6.0
49.51,1.0,8.0
49.52,0.0,10.0
49.52,1.0,12.0
49.53,0.0,9.0
49.53,1.0,15.0
49.54,0.0,17.0
49.54,1.0,12.0
49.55,0.0,6.0
49.55,1.0,13.0
49.56,0.0,6.0
49.56,1.0,6.0
49.57,0.0,13.0
49.57,1.0,26.0
49.58,0.0,11.0
49.58,1.0,13.0
49.59,0.0,6.0
49.59,1.0,3.0
49.6,0.0,7.0
49.6,1.0,6.0
49.61,0.0,5.0
49.61,1.0,3.0
49.62,0.0,4.0
49.62,1.0,5.0
49.63,0.0,1.0
49.63,1.0,4.0
49.64,0.0,3.0
49.64,1.0,10.0
49.65,0.0,3.0
49.65,1.0,3.0
49.66,0.0,5.0
49.66,1.0,5.0
49.67,0.0,17.0
49.67,1.0,3.0
49.68,0.0,3.0
49.68,1.0,3.0
49.69,0.0,5.0
49.69,1.0,7.0
49.7,0.0,10.0
49.7,1.0,4.0
49.71,0.0,12.0
49.71,1.0,3.0
49.72,0.0,25.0
49.72,1.0,11.0
49.73,0.0,7.0
49.73,1.0,8.0
49.74,0.0,7.0
49.74,1.0,9.0
49.75,0.0,5.0
49.75,1.0,6.0
49.76,0.0,4.0
49.76,1.0,16.0
49.77,0.0,2.0
49.77,1.0,75.0
49.78,0.0,3.0
49.78,1.0,10.0
49.79,0.0,2.0
49.79,1.0,19.0
49.8,1.0,3.0
49.81,1.0,5.0
49.82,0.0,4.0
49.82,1.0,6.0
49.83,0.0,17.0
49.83,1.0,8.0
49.84,0.0,7.0
49.84,1.0,5.0
49.85,0.0,25.0
49.85,1.0,2.0
49.86,0.0,20.0
49.86,1.0,2.0
49.87,0.0,14.0
49.88,0.0,7.0
49.88,1.0,8.0
49.89,0.0,2.0
49.89,1.0,4.0
49.9,0.0,1.0
49.9,1.0,6.0
49.91,1.0,6.0
49.92,1.0,2.0
49.93,0.0,1.0
49.94,1.0,7.0
49.95,1.0,3.0
50.0,0.0,122.0
50.0,1.0,109.0
50.05,0.0,1.0
50.05,1.0,2.0
50.06,1.0,6.0
50.08,0.0,1.0
50.08,1.0,3.0
50.09,1.0,5.0
50.1,1.0,2.0
50.11,0.0,1.0
50.11,1.0,4.0
50.12,0.0,3.0
50.12,1.0,5.0
50.13,0.0,8.0
50.13,1.0,1.0
50.14,0.0,24.0
50.14,1.0,1.0
50.15,0.0,35.0
50.15,1.0,1.0
50.16,0.0,9.0
50.16,1.0,2.0
50.17,0.0,32.0
50.17,1.0,4.0
50.18,1.0,6.0
50.19,0.0,2.0
50.19,1.0,2.0
50.2,0.0,1.0
50.2,1.0,4.0
50.21,0.0,1.0
50.21,1.0,5.0
50.22,0.0,2.0
50.22,1.0,8.0
50.23,1.0,111.0
50.24,0.0,2.0
50.24,1.0,9.0
50.25,1.0,5.0
50.26,0.0,6.0
50.26,1.0,4.0
50.27,0.0,3.0
50.27,1.0,2.0
50.28,0.0,9.0
50.28,1.0,1.0
50.29,0.0,7.0
50.3,0.0,13.0
50.3,1.0,7.0
50.31,0.0,7.0
50.31,1.0,6.0
50.32,0.0,3.0
50.32,1.0,5.0
50.33,0.0,43.0
50.33,1.0,2.0
50.34,0.0,7.0
50.34,1.0,3.0
50.35,1.0,1.0
50.36,0.0,1.0
50.36,1.0,7.0
50.37,0.0,1.0
50.37,1.0,3.0
50.38,0.0,1.0
50.38,1.0,2.0
50.39,0.0,3.0
50.4,0.0,3.0
50.4,1.0,12.0
50.41,0.0,6.0
50.41,1.0,1.0
50.42,0.0,10.0
50.42,1.0,3.0
50.43,0.0,2.0
50.43,1.0,4.0
50.44,0.0,3.0
50.44,1.0,1.0
50.45,0.0,6.0
50.45,1.0,5.0
50.46,0.0,23.0
50.46,1.0,7.0
50.47,0.0,3.0
50.47,1.0,14.0
50.48,0.0,4.0
50.48,1.0,3.0
50.49,0.0,15.0
50.49,1.0,4.0
50.5,0.0,26.0
50.5,1.0,3.0
50.51,0.0,5.0
50.51,1.0,1.0
50.52,0.0,4.0
50.52,1.0,5.0
50.53,0.0,1.0
50.53,1.0,2.0
50.54,0.0,5.0
50.54,1.0,3.0
50.55,0.0,4.0
50.55,1.0,3.0
50.56,0.0,6.0
50.56,1.0,4.0
50.57,0.0,1.0
50.57,1.0,1.0
50.58,0.0,2.0
50.58,1.0,1.0
50.59,0.0,3.0
50.6,0.0,12.0
50.6,1.0,1.0
50.61,0.0,8.0
50.61,1.0,5.0
50.62,0.0,2.0
50.62,1.0,1.0
50.63,0.0,2.0
50.63,1.0,2.0
50.64,0.0,4.0
50.64,1.0,2.0
50.65,0.0,7.0
50.65,1.0,1.0
50.66,0.0,31.0
50.66,1.0,3.0
50.67,0.0,13.0
50.67,1.0,1.0
50.68,0.0,3.0
50.69,1.0,4.0
50.7,0.0,2.0
50.7,1.0,19.0
50.71,0.0,2.0
50.71,1.0,5.0
50.72,0.0,3.0
50.72,1.0,4.0
50.73,0.0,1.0
50.74,0.0,3.0
50.75,0.0,1.0
50.75,1.0,1.0
50.76,0.0,7.0
50.76,1.0,2.0
50.77,0.0,1.0
50.77,1.0,2.0
50.78,0.0,1.0
50.78,1.0,1.0
50.79,0.0,1.0
50.79,1.0,4.0
50.8,1.0,1.0
50.81,0.0,20.0
50.81,1.0,2.0
50.82,0.0,4.0
50.83,0.0,9.0
50.83,1.0,4.0
50.84,0.0,7.0
50.85,0.0,1.0
50.86,0.0,2.0
50.87,0.0,1.0
50.88,0.0,1.0
50.88,1.0,1.0
50.89,0.0,2.0
50.9,0.0,2.0
50.9,1.0,2.0
50.91,0.0,3.0
50.91,1.0,4.0
50.92,0.0,2.0
50.92,1.0,1.0
50.93,0.0,1.0
50.93,1.0,9.0
50.94,0.0,1.0
50.94,1.0,2.0
50.95,1.0,3.0
50.96,0.0,4.0
50.96,1.0,2.0
50.97,0.0,11.0
50.98,0.0,1.0
50.98,1.0,1.0
50.99,0.0,4.0
50.99,1.0,1.0
51.0,0.0,4.0
51.0,1.0,1.0
51.01,0.0,2.0
51.01,1.0,1.0
51.02,1.0,1.0
51.03,0.0,2.0
51.04,0.0,1.0
51.04,1.0,4.0
51.05,0.0,1.0
51.05,1.0,1.0
51.06,1.0,1.0
51.07,0.0,1.0
51.08,0.0,2.0
51.08,1.0,1.0
51.09,0.0,1.0
51.09,1.0,2.0
51.1,0.0,2.0
51.1,1.0,3.0
51.11,1.0,2.0
51.12,0.0,1.0
51.13,0.0,3.0
51.14,0.0,1.0
51.14,1.0,2.0
51.15,0.0,2.0
51.15,1.0,1.0
51.16,0.0,2.0
51.16,1.0,3.0
51.17,0.0,1.0
51.17,1.0,1.0
51.18,0.0,3.0
51.18,1.0,1.0
51.19,0.0,2.0
51.2,1.0,1.0
51.21,0.0,1.0
51.22,0.0,3.0
51.22,1.0,1.0
51.23,0.0,1.0
51.23,1.0,2.0
51.24,1.0,1.0
51.25,1.0,2.0
51.26,0.0,2.0
51.27,0.0,1.0
51.28,0.0,1.0
51.28,1.0,1.0
51.29,1.0,3.0
51.3,0.0,3.0
51.3,1.0,1.0
51.31,0.0,1.0
51.32,0.0,3.0
51.32,1.0,1.0
51.33,0.0,3.0
51.34,0.0,3.0
51.34,1.0,2.0
51.35,0.0,1.0
51.36,1.0,1.0
51.37,1.0,1.0
51.39,0.0,2.0
51.4,0.0,1.0
51.4,1.0,1.0
51.42,1.0,1.0
51.44,1.0,1.0
51.45,0.0,2.0
51.45,1.0,1.0
51.47,1.0,2.0
51.48,0.0,3.0
51.49,1.0,2.0
51.5,0.0,2.0
51.5,1.0,1.0
51.51,0.0,2.0
51.51,1.0,1.0
51.52,0.0,3.0
51.52,1.0,1.0
51.54,0.0,2.0
51.54,1.0,1.0
51.55,1.0,2.0
51.56,0.0,1.0
51.59,0.0,1.0
51.6,0.0,1.0
51.6,1.0,2.0
51.61,0.0,2.0
51.61,1.0,2.0
51.63,0.0,1.0
51.63,1.0,2.0
51.66,0.0,1.0
51.66,1.0,1.0
51.67,1.0,1.0
51.68,1.0,1.0
51.69,1.0,2.0
51.7,0.0,1.0
51.7,1.0,3.0
51.72,0.0,1.0
51.72,1.0,4.0
51.74,0.0,1.0
51.74,1.0,1.0
51.75,1.0,1.0
51.77,1.0,2.0
51.79,0.0,1.0
51.8,1.0,1.0
51.82,0.0,2.0
51.82,1.0,1.0
51.83,0.0,1.0
51.86,1.0,1.0
51.87,1.0,2.0
51.88,0.0,1.0
51.88,1.0,2.0
51.9,0.0,1.0
51.91,0.0,1.0
51.91,1.0,1.0
51.92,0.0,1.0
51.92,1.0,1.0
51.95,0.0,1.0
51.95,1.0,2.0
51.96,1.0,1.0
51.97,1.0,1.0
51.98,1.0,1.0
51.99,0.0,1.0
51.99,1.0,1.0
52.0,1.0,2.0
52.03,0.0,1.0
52.05,0.0,1.0
52.05,1.0,2.0
52.06,1.0,1.0
52.09,1.0,4.0
52.11,1.0,1.0
52.12,1.0,1.0
52.13,0.0,1.0
52.13,1.0,3.0
52.15,1.0,3.0
52.16,1.0,2.0
52.17,0.0,1.0
52.19,0.0,1.0
52.21,0.0,1.0
52.22,1.0,1.0
52.23,0.0,1.0
52.23,1.0,2.0
52.24,1.0,1.0
52.25,1.0,2.0
52.26,0.0,1.0
52.26,1.0,1.0
52.27,0.0,1.0
52.27,1.0,1.0
52.29,1.0,2.0
52.3,1.0,1.0
52.31,1.0,1.0
52.32,1.0,2.0
52.33,1.0,1.0
52.34,1.0,1.0
52.35,1.0,4.0
52.36,0.0,1.0
52.37,0.0,1.0
52.37,1.0,1.0
52.38,0.0,1.0
52.38,1.0,1.0
52.39,1.0,2.0
52.4,0.0,1.0
52.41,0.0,1.0
52.41,1.0,1.0
52.43,0.0,1.0
52.45,1.0,1.0
52.46,1.0,2.0
52.47,1.0,1.0
52.49,0.0,1.0
52.5,0.0,1.0
52.51,0.0,1.0
52.51,1.0,1.0
52.52,0.0,1.0
52.52,1.0,1.0
52.53,0.0,1.0
52.53,1.0,2.0
52.56,1.0,1.0
52.57,1.0,1.0
52.59,1.0,1.0
52.6,1.0,1.0
52.61,0.0,1.0
52.61,1.0,1.0
52.62,1.0,1.0
52.65,1.0,2.0
52.66,1.0,2.0
52.67,1.0,3.0
52.68,1.0,1.0
52.69,1.0,2.0
52.7,1.0,1.0
52.71,1.0,1.0
52.72,0.0,2.0
52.73,1.0,1.0
52.74,1.0,1.0
52.75,1.0,3.0
52.76,1.0,3.0
52.78,1.0,1.0
52.79,1.0,1.0
52.8,0.0,1.0
52.8,1.0,2.0
52.81,1.0,1.0
52.82,1.0,2.0
52.83,0.0,1.0
52.83,1.0,2.0
52.84,1.0,1.0
52.85,1.0,3.0
52.86,0.0,1.0
52.87,1.0,3.0
52.88,1.0,2.0
52.89,1.0,2.0
52.9,1.0,3.0
52.91,1.0,1.0
52.92,0.0,1.0
52.92,1.0,2.0
52.93,1.0,1.0
52.94,0.0,1.0
52.94,1.0,2.0
52.95,1.0,1.0
52.96,1.0,2.0
52.97,0.0,1.0
52.97,1.0,2.0
52.98,1.0,1.0
53.04,0.0,1.0
53.04,1.0,2.0
53.05,0.0,1.0
53.05,1.0,1.0
53.09,1.0,1.0
53.11,1.0,1.0
53.12,0.0,1.0
53.12,1.0,2.0
53.14,1.0,1.0
53.15,1.0,2.0
53.17,1.0,3.0
53.21,0.0,1.0
53.21,1.0,1.0
53.22,1.0,1.0
53.23,0.0,1.0
53.23,1.0,2.0
53.24,1.0,2.0
53.25,1.0,1.0
53.26,0.0,1.0
53.26,1.0,2.0
53.27,1.0,5.0
53.28,0.0,1.0
53.28,1.0,2.0
53.29,0.0,1.0
53.3,1.0,2.0
53.31,1.0,2.0
53.32,1.0,3.0
53.33,0.0,1.0
53.34,1.0,1.0
53.36,1.0,3.0
53.37,1.0,1.0
53.38,1.0,1.0
53.39,1.0,3.0
53.4,1.0,1.0
53.42,1.0,1.0
53.43,0.0,1.0
53.43,1.0,1.0
53.44,1.0,1.0
53.45,1.0,2.0
53.47,1.0,2.0
53.48,1.0,3.0
53.51,1.0,1.0
53.52,1.0,1.0
53.54,1.0,2.0
53.55,1.0,1.0
53.56,1.0,1.0
53.57,1.0,1.0
53.58,1.0,2.0
53.59,0.0,1.0
53.59,1.0,1.0
53.6,0.0,1.0
53.6,1.0,1.0
53.61,1.0,3.0
53.62,1.0,2.0
53.63,1.0,1.0
53.64,0.0,1.0
53.65,1.0,1.0
53.67,0.0,1.0
53.67,1.0,2.0
53.69,1.0,2.0
53.7,1.0,1.0
53.71,1.0,1.0
53.73,1.0,1.0
53.76,1.0,1.0
53.77,0.0,1.0
53.79,1.0,1.0
53.8,0.0,1.0
53.8,1.0,1.0
53.81,0.0,1.0
53.81,1.0,2.0
53.82,1.0,1.0
53.83,0.0,1.0
53.86,1.0,1.0
53.87,1.0,1.0
53.88,1.0,2.0
53.89,1.0,1.0
53.91,1.0,2.0
53.92,1.0,4.0
53.93,1.0,1.0
53.96,1.0,1.0
54.01,1.0,1.0
54.02,1.0,2.0
54.03,0.0,1.0
54.04,1.0,1.0
54.05,0.0,2.0
54.05,1.0,2.0
54.06,0.0,1.0
54.07,1.0,1.0
54.09,1.0,2.0
54.1,1.0,2.0
54.13,1.0,1.0
54.14,1.0,1.0
54.18,1.0,2.0
54.2,1.0,1.0
54.22,1.0,1.0
54.24,1.0,2.0
54.25,1.0,1.0
54.26,0.0,1.0
54.29,1.0,2.0
54.3,0.0,1.0
54.3,1.0,1.0
54.31,1.0,1.0
54.33,1.0,1.0
54.34,1.0,1.0
54.35,0.0,3.0
54.36,0.0,1.0
54.41,1.0,2.0
54.46,0.0,1.0
54.51,0.0,1.0
54.56,1.0,1.0
54.57,1.0,2.0
54.58,0.0,1.0
54.59,0.0,1.0
54.62,1.0,1.0
54.73,1.0,1.0
54.74,0.0,1.0
54.75,0.0,1.0
54.83,0.0,1.0
54.83,1.0,2.0
54.86,0.0,1.0
54.87,0.0,1.0
54.9,0.0,1.0
54.95,0.0,1.0
54.97,0.0,1.0
54.97,1.0,1.0
55.06,0.0,1.0
55.1,0.0,1.0
55.17,0.0,2.0
55.19,0.0,1.0
55.2,1.0,1.0
55.25,1.0,1.0
55.27,0.0,1.0
55.27,1.0,1.0
55.28,1.0,2.0
55.3,0.0,1.0
55.35,0.0,2.0
55.47,1.0,1.0
55.49,0.0,1.0
55.5,1.0,1.0
55.56,1.0,1.0
55.8,1.0,1.0
55.81,0.0,1.0
55.92,1.0,1.0
56.14,0.0,1.0
56.14,1.0,1.0
56.21,1.0,1.0
56.35,1.0,1.0
56.4,1.0,1.0
56.52,1.0,1.0
56.58,1.0,2.0
56.67,1.0,2.0
56.79,1.0,1.0
56.8,1.0,1.0
56.81,1.0,1.0
57.01,1.0,1.0
57.04,1.0,1.0
57.07,1.0,1.0
57.08,1.0,1.0
57.14,1.0,1.0
57.18,1.0,1.0
57.32,1.0,1.0
57.41,1.0,1.0
57.92,1.0,1.0
57.97,1.0,1.0
58.1,1.0,1.0
58.11,0.0,1.0
58.93,0.0,1.0
59.19,0.0,1.0
59.42,1.0,1.0
59.61,1.0,1.0
59.67,1.0,1.0
59.82,1.0,1.0
60.1,1.0,1.0
60.17,1.0,1.0
60.19,1.0,1.0
60.24,1.0,1.0
60.41,1.0,1.0
60.55,1.0,1.0
60.56,1.0,1.0
60.6,1.0,2.0
60.71,1.0,1.0
60.77,1.0,1.0
60.9,0.0,1.0
61.03,1.0,1.0
61.06,1.0,1.0
61.14,1.0,1.0
61.35,1.0,1.0
62.54,1.0,1.0
62.71,1.0,1.0
63.27,1.0,1.0
65.29,1.0,1.0
65.87,1.0,1.0
65.93,1.0,1.0
67.36,1.0,1.0
69.7,0.0,1.0

