seq_score,occurence
41.15,1.0
41.23,1.0
44.22,1.0
44.67,1.0
45.21,2.0
45.36,1.0
45.94,1.0
46.04,1.0
46.36,1.0
46.47,1.0
46.65,1.0
46.79,1.0
46.8,1.0
47.0,1.0
47.04,1.0
47.07,1.0
47.08,1.0
47.17,1.0
47.18,1.0
47.25,1.0
47.31,1.0
47.47,1.0
47.57,1.0
47.59,1.0
47.61,2.0
47.73,2.0
47.81,1.0
47.83,1.0
47.85,1.0
47.86,1.0
47.91,1.0
47.96,1.0
48.08,1.0
48.1,1.0
48.12,1.0
48.15,2.0
48.16,1.0
48.17,1.0
48.19,1.0
48.2,1.0
48.23,1.0
48.26,2.0
48.27,1.0
48.32,1.0
48.43,1.0
48.44,1.0
48.46,1.0
48.48,1.0
48.51,1.0
48.6,1.0
48.63,2.0
48.65,1.0
48.66,1.0
48.73,1.0
48.75,1.0
48.76,1.0
48.77,1.0
48.78,1.0
48.79,1.0
48.86,1.0
48.92,1.0
48.93,1.0
48.98,1.0
48.99,1.0
49.01,1.0
49.02,2.0
49.04,1.0
49.07,1.0
49.12,1.0
49.13,1.0
49.14,1.0
49.22,1.0
49.24,1.0
49.26,1.0
49.28,1.0
49.33,1.0
49.34,1.0
49.36,2.0
49.38,1.0
49.42,2.0
49.48,1.0
49.51,1.0
49.55,1.0
49.61,1.0
49.63,1.0
49.65,1.0
49.77,1.0
49.8,2.0
49.81,1.0
49.85,1.0
49.86,1.0
49.87,1.0
49.9,1.0
49.96,1.0
50.0,2.0
50.03,1.0
50.06,1.0
50.08,2.0
50.1,1.0
50.12,1.0
50.13,3.0
50.14,1.0
50.18,1.0
50.21,1.0
50.22,1.0
50.27,2.0
50.28,1.0
50.31,2.0
50.33,1.0
50.36,1.0
50.39,1.0
50.42,2.0
50.43,1.0
50.49,1.0
50.5,2.0
50.52,1.0
50.53,2.0
50.56,1.0
50.57,2.0
50.61,1.0
50.62,2.0
50.63,1.0
50.65,1.0
50.71,1.0
50.75,2.0
50.77,2.0
50.8,1.0
50.81,1.0
50.9,1.0
50.96,2.0
50.97,1.0
50.98,1.0
50.99,2.0
51.01,1.0
51.02,1.0
51.04,2.0
51.07,1.0
51.08,1.0
51.1,1.0
51.14,2.0
51.17,1.0
51.18,1.0
51.2,1.0
51.21,2.0
51.23,1.0
51.25,2.0
51.27,1.0
51.28,1.0
51.33,1.0
51.37,1.0
51.4,1.0
51.41,3.0
51.42,1.0
51.44,1.0
51.46,1.0
51.48,2.0
51.49,1.0
51.5,1.0
51.51,1.0
51.57,1.0
51.58,2.0
51.59,1.0
51.6,2.0
51.61,1.0
51.62,2.0
51.64,1.0
51.65,1.0
51.66,1.0
51.67,1.0
51.7,2.0
51.72,1.0
51.74,1.0
51.75,1.0
51.77,2.0
51.78,1.0
51.79,1.0
51.82,1.0
51.84,1.0
51.85,2.0
51.86,4.0
51.89,2.0
51.91,2.0
51.93,3.0
51.98,2.0
52.0,1.0
52.01,1.0
52.03,2.0
52.05,2.0
52.06,1.0
52.08,1.0
52.1,1.0
52.11,1.0
52.12,1.0
52.14,1.0
52.18,1.0
52.2,1.0
52.21,2.0
52.22,1.0
52.23,1.0
52.26,1.0
52.29,1.0
52.3,2.0
52.31,1.0
52.35,1.0
52.36,1.0
52.39,2.0
52.41,2.0
52.42,1.0
52.43,3.0
52.45,2.0
52.46,2.0
52.47,2.0
52.5,1.0
52.52,1.0
52.53,1.0
52.56,1.0
52.58,2.0
52.59,4.0
52.61,1.0
52.65,2.0
52.66,1.0
52.67,1.0
52.69,1.0
52.7,1.0
52.71,1.0
52.72,1.0
52.73,1.0
52.74,1.0
52.75,2.0
52.76,1.0
52.77,1.0
52.79,1.0
52.81,2.0
52.83,2.0
52.85,1.0
52.88,2.0
52.89,2.0
52.9,1.0
52.91,2.0
52.94,1.0
52.95,2.0
53.0,3.0
53.01,1.0
53.02,2.0
53.04,1.0
53.06,2.0
53.08,1.0
53.09,1.0
53.1,1.0
53.11,1.0
53.14,2.0
53.17,2.0
53.21,1.0
53.22,1.0
53.23,1.0
53.27,1.0
53.28,1.0
53.29,2.0
53.31,4.0
53.32,3.0
53.33,1.0
53.34,3.0
53.35,1.0
53.36,1.0
53.37,3.0
53.38,3.0
53.39,3.0
53.42,3.0
53.47,2.0
53.48,2.0
53.5,2.0
53.51,3.0
53.53,2.0
53.55,1.0
53.57,2.0
53.61,1.0
53.62,2.0
53.63,5.0
53.64,2.0
53.65,1.0
53.69,1.0
53.7,1.0
53.71,1.0
53.72,3.0
53.73,1.0
53.74,2.0
53.77,1.0
53.78,1.0
53.79,1.0
53.8,1.0
53.81,1.0
53.82,2.0
53.84,1.0
53.86,2.0
53.87,2.0
53.88,1.0
53.91,2.0
53.93,1.0
53.94,2.0
53.95,2.0
53.96,1.0
53.97,1.0
53.98,2.0
54.0,3.0
54.01,2.0
54.05,1.0
54.09,3.0
54.1,2.0
54.11,1.0
54.12,3.0
54.13,1.0
54.18,1.0
54.19,1.0
54.2,2.0
54.21,4.0
54.22,2.0
54.24,2.0
54.25,1.0
54.27,1.0
54.28,1.0
54.29,1.0
54.31,3.0
54.33,1.0
54.34,1.0
54.35,2.0
54.36,1.0
54.4,2.0
54.41,1.0
54.44,2.0
54.46,1.0
54.47,3.0
54.48,1.0
54.49,2.0
54.5,1.0
54.51,1.0
54.52,2.0
54.53,1.0
54.54,1.0
54.57,1.0
54.58,1.0
54.59,3.0
54.6,2.0
54.61,1.0
54.63,1.0
54.64,1.0
54.65,2.0
54.66,2.0
54.68,1.0
54.69,2.0
54.7,1.0
54.72,1.0
54.73,1.0
54.75,2.0
54.77,2.0
54.79,1.0
54.81,1.0
54.82,1.0
54.83,3.0
54.84,4.0
54.85,4.0
54.86,1.0
54.89,1.0
54.9,2.0
54.91,2.0
54.92,3.0
54.93,4.0
54.96,2.0
54.98,1.0
54.99,1.0
55.0,1.0
55.02,1.0
55.03,1.0
55.04,1.0
55.05,1.0
55.06,2.0
55.07,3.0
55.08,2.0
55.09,1.0
55.11,2.0
55.12,3.0
55.13,2.0
55.14,1.0
55.18,1.0
55.19,2.0
55.22,1.0
55.25,1.0
55.26,2.0
55.28,2.0
55.29,2.0
55.3,2.0
55.31,1.0
55.34,1.0
55.35,1.0
55.37,2.0
55.38,1.0
55.39,2.0
55.4,1.0
55.41,2.0
55.42,1.0
55.45,2.0
55.46,3.0
55.47,1.0
55.48,4.0
55.49,1.0
55.5,2.0
55.51,1.0
55.52,3.0
55.54,1.0
55.55,2.0
55.56,4.0
55.57,1.0
55.59,2.0
55.61,5.0
55.62,2.0
55.63,1.0
55.64,4.0
55.65,2.0
55.66,2.0
55.71,1.0
55.72,1.0
55.73,1.0
55.74,3.0
55.75,3.0
55.77,2.0
55.78,3.0
55.8,2.0
55.81,2.0
55.83,3.0
55.85,3.0
55.86,3.0
55.87,1.0
55.88,2.0
55.9,1.0
55.93,1.0
55.94,1.0
55.95,2.0
55.96,1.0
55.97,3.0
56.0,2.0
56.01,2.0
56.02,2.0
56.03,3.0
56.06,2.0
56.08,1.0
56.1,1.0
56.11,3.0
56.13,2.0
56.14,2.0
56.15,7.0
56.16,2.0
56.17,3.0
56.19,2.0
56.21,1.0
56.22,3.0
56.24,2.0
56.27,2.0
56.28,1.0
56.29,2.0
56.3,1.0
56.31,2.0
56.32,2.0
56.33,3.0
56.35,3.0
56.36,3.0
56.37,1.0
56.38,1.0
56.39,1.0
56.41,4.0
56.42,1.0
56.45,3.0
56.46,2.0
56.47,1.0
56.53,2.0
56.54,4.0
56.55,1.0
56.57,1.0
56.58,3.0
56.6,4.0
56.61,3.0
56.62,1.0
56.64,3.0
56.65,2.0
56.66,2.0
56.67,6.0
56.68,1.0
56.69,3.0
56.71,1.0
56.72,1.0
56.74,2.0
56.75,3.0
56.76,1.0
56.77,3.0
56.78,1.0
56.79,1.0
56.8,1.0
56.81,1.0
56.83,3.0
56.87,3.0
56.88,2.0
56.89,3.0
56.9,1.0
56.91,2.0
56.92,2.0
56.93,3.0
56.94,1.0
56.95,3.0
56.96,2.0
56.97,1.0
56.98,5.0
56.99,2.0
57.0,2.0
57.01,1.0
57.02,2.0
57.03,3.0
57.05,2.0
57.06,1.0
57.09,1.0
57.11,1.0
57.12,4.0
57.13,2.0
57.14,1.0
57.16,2.0
57.17,1.0
57.18,2.0
57.19,2.0
57.2,1.0
57.21,2.0
57.22,3.0
57.23,1.0
57.24,1.0
57.25,1.0
57.26,1.0
57.27,2.0
57.28,5.0
57.29,2.0
57.3,1.0
57.31,4.0
57.33,1.0
57.34,3.0
57.36,1.0
57.37,2.0
57.39,2.0
57.4,1.0
57.41,3.0
57.42,1.0
57.44,2.0
57.45,3.0
57.46,2.0
57.47,1.0
57.48,1.0
57.49,3.0
57.5,2.0
57.51,3.0
57.53,3.0
57.54,2.0
57.55,2.0
57.56,1.0
57.57,1.0
57.58,1.0
57.59,1.0
57.6,3.0
57.61,1.0
57.62,1.0
57.63,1.0
57.64,3.0
57.65,1.0
57.66,3.0
57.67,2.0
57.68,2.0
57.69,1.0
57.7,4.0
57.71,3.0
57.72,2.0
57.73,1.0
57.74,1.0
57.75,1.0
57.76,1.0
57.77,4.0
57.79,3.0
57.8,2.0
57.81,1.0
57.82,2.0
57.83,3.0
57.84,3.0
57.85,2.0
57.86,5.0
57.87,4.0
57.89,2.0
57.9,1.0
57.91,2.0
57.92,3.0
57.93,1.0
57.94,1.0
57.95,1.0
57.96,2.0
57.97,1.0
57.98,1.0
57.99,1.0
58.0,3.0
58.01,2.0
58.02,6.0
58.03,1.0
58.05,2.0
58.06,2.0
58.07,1.0
58.08,3.0
58.09,1.0
58.1,2.0
58.11,1.0
58.12,2.0
58.14,1.0
58.15,5.0
58.16,1.0
58.17,2.0
58.19,4.0
58.2,3.0
58.21,1.0
58.22,3.0
58.23,2.0
58.24,2.0
58.25,4.0
58.27,2.0
58.29,3.0
58.3,4.0
58.31,1.0
58.32,1.0
58.35,2.0
58.36,3.0
58.37,1.0
58.38,1.0
58.39,1.0
58.4,2.0
58.41,4.0
58.43,2.0
58.44,3.0
58.45,4.0
58.47,7.0
58.48,2.0
58.49,3.0
58.5,3.0
58.51,3.0
58.52,1.0
58.53,2.0
58.54,1.0
58.55,3.0
58.56,3.0
58.57,6.0
58.58,3.0
58.59,2.0
58.6,3.0
58.61,1.0
58.62,4.0
58.63,1.0
58.64,6.0
58.65,2.0
58.66,2.0
58.67,3.0
58.68,4.0
58.69,4.0
58.7,5.0
58.71,3.0
58.72,3.0
58.73,3.0
58.74,2.0
58.75,4.0
58.76,2.0
58.77,5.0
58.79,1.0
58.8,5.0
58.81,4.0
58.82,1.0
58.83,3.0
58.85,2.0
58.86,3.0
58.87,4.0
58.88,3.0
58.89,4.0
58.9,1.0
58.91,2.0
58.92,1.0
58.93,2.0
58.94,1.0
58.95,4.0
58.96,3.0
58.97,3.0
58.99,6.0
59.0,3.0
59.01,7.0
59.02,2.0
59.03,3.0
59.04,3.0
59.05,3.0
59.06,4.0
59.07,4.0
59.08,5.0
59.09,4.0
59.1,3.0
59.11,3.0
59.12,3.0
59.13,2.0
59.14,2.0
59.15,2.0
59.16,5.0
59.17,4.0
59.18,1.0
59.19,3.0
59.2,2.0
59.21,2.0
59.23,4.0
59.24,1.0
59.25,1.0
59.26,3.0
59.27,2.0
59.28,5.0
59.29,1.0
59.3,3.0
59.31,3.0
59.32,3.0
59.33,1.0
59.34,7.0
59.35,4.0
59.36,3.0
59.37,4.0
59.38,1.0
59.39,2.0
59.4,2.0
59.41,1.0
59.42,4.0
59.43,3.0
59.44,6.0
59.45,3.0
59.46,4.0
59.47,5.0
59.48,2.0
59.49,4.0
59.5,3.0
59.51,4.0
59.52,5.0
59.53,6.0
59.54,1.0
59.55,3.0
59.56,2.0
59.57,2.0
59.58,3.0
59.59,2.0
59.6,4.0
59.61,3.0
59.62,6.0
59.63,3.0
59.64,1.0
59.65,6.0
59.66,5.0
59.67,4.0
59.68,1.0
59.69,2.0
59.7,4.0
59.71,3.0
59.72,3.0
59.73,6.0
59.75,1.0
59.76,4.0
59.77,6.0
59.78,7.0
59.79,3.0
59.8,3.0
59.81,5.0
59.82,3.0
59.83,6.0
59.84,6.0
59.85,4.0
59.86,6.0
59.87,6.0
59.88,2.0
59.89,3.0
59.9,2.0
59.91,2.0
59.93,2.0
59.94,2.0
59.95,4.0
59.96,4.0
59.97,3.0
59.98,5.0
59.99,4.0
60.0,5.0
60.01,3.0
60.02,2.0
60.03,4.0
60.04,7.0
60.05,1.0
60.06,4.0
60.07,5.0
60.08,4.0
60.09,2.0
60.11,5.0
60.12,2.0
60.13,2.0
60.14,3.0
60.15,8.0
60.16,6.0
60.17,2.0
60.18,3.0
60.19,6.0
60.2,4.0
60.21,5.0
60.22,5.0
60.23,5.0
60.24,5.0
60.25,4.0
60.26,6.0
60.27,7.0
60.28,3.0
60.29,3.0
60.3,4.0
60.31,4.0
60.32,6.0
60.33,2.0
60.34,5.0
60.35,8.0
60.36,2.0
60.37,5.0
60.38,6.0
60.39,4.0
60.4,6.0
60.41,1.0
60.42,5.0
60.43,3.0
60.44,2.0
60.45,6.0
60.46,5.0
60.47,2.0
60.48,5.0
60.49,7.0
60.5,2.0
60.51,3.0
60.52,6.0
60.53,2.0
60.54,4.0
60.55,5.0
60.56,4.0
60.57,2.0
60.58,5.0
60.59,7.0
60.6,6.0
60.61,3.0
60.62,2.0
60.63,1.0
60.64,6.0
60.65,6.0
60.66,5.0
60.67,9.0
60.68,3.0
60.69,8.0
60.7,5.0
60.71,5.0
60.72,6.0
60.73,7.0
60.74,3.0
60.75,2.0
60.76,7.0
60.77,7.0
60.78,4.0
60.79,4.0
60.8,2.0
60.81,2.0
60.82,6.0
60.83,4.0
60.84,7.0
60.85,8.0
60.86,5.0
60.87,5.0
60.88,5.0
60.89,7.0
60.9,6.0
60.91,6.0
60.92,4.0
60.93,6.0
60.94,4.0
60.95,5.0
60.96,4.0
60.97,6.0
60.98,9.0
60.99,5.0
61.0,5.0
61.01,8.0
61.02,1.0
61.03,5.0
61.04,4.0
61.05,9.0
61.06,2.0
61.07,4.0
61.08,4.0
61.09,5.0
61.1,5.0
61.11,3.0
61.12,3.0
61.13,6.0
61.14,2.0
61.15,5.0
61.16,5.0
61.17,3.0
61.18,6.0
61.19,7.0
61.2,7.0
61.21,4.0
61.22,6.0
61.23,6.0
61.24,4.0
61.25,4.0
61.26,6.0
61.27,5.0
61.28,8.0
61.29,7.0
61.3,3.0
61.31,5.0
61.32,10.0
61.33,7.0
61.34,7.0
61.35,4.0
61.36,7.0
61.37,7.0
61.38,2.0
61.39,7.0
61.4,6.0
61.41,6.0
61.42,4.0
61.43,4.0
61.44,2.0
61.45,7.0
61.46,5.0
61.47,5.0
61.48,5.0
61.49,6.0
61.5,10.0
61.51,5.0
61.52,7.0
61.53,6.0
61.54,4.0
61.55,8.0
61.56,10.0
61.57,7.0
61.58,3.0
61.59,3.0
61.6,2.0
61.61,5.0
61.62,5.0
61.63,6.0
61.64,5.0
61.65,7.0
61.66,5.0
61.67,5.0
61.68,1.0
61.69,9.0
61.7,7.0
61.71,6.0
61.72,3.0
61.73,6.0
61.74,3.0
61.75,5.0
61.76,8.0
61.77,4.0
61.78,5.0
61.79,8.0
61.8,11.0
61.81,6.0
61.82,4.0
61.83,10.0
61.84,6.0
61.85,9.0
61.86,11.0
61.87,6.0
61.88,7.0
61.89,7.0
61.9,4.0
61.91,7.0
61.92,4.0
61.93,10.0
61.94,12.0
61.95,6.0
61.96,2.0
61.97,7.0
61.98,6.0
61.99,6.0
62.0,14.0
62.01,6.0
62.02,7.0
62.03,7.0
62.04,10.0
62.05,10.0
62.06,4.0
62.07,6.0
62.08,8.0
62.09,9.0
62.1,4.0
62.11,11.0
62.12,9.0
62.13,9.0
62.14,6.0
62.15,5.0
62.16,13.0
62.17,6.0
62.18,3.0
62.19,8.0
62.2,5.0
62.21,4.0
62.22,10.0
62.23,6.0
62.24,9.0
62.25,9.0
62.26,3.0
62.27,7.0
62.28,6.0
62.29,11.0
62.3,4.0
62.31,5.0
62.32,8.0
62.33,7.0
62.34,9.0
62.35,8.0
62.36,9.0
62.37,7.0
62.38,9.0
62.39,11.0
62.4,5.0
62.41,7.0
62.42,11.0
62.43,7.0
62.44,7.0
62.45,4.0
62.46,6.0
62.47,4.0
62.48,6.0
62.49,4.0
62.5,6.0
62.51,8.0
62.52,5.0
62.53,7.0
62.54,6.0
62.55,6.0
62.56,5.0
62.57,7.0
62.58,6.0
62.59,6.0
62.6,8.0
62.61,4.0
62.62,6.0
62.63,9.0
62.64,11.0
62.65,2.0
62.66,6.0
62.67,3.0
62.68,2.0
62.69,6.0
62.7,7.0
62.71,4.0
62.72,9.0
62.73,8.0
62.74,5.0
62.75,6.0
62.76,8.0
62.77,5.0
62.78,4.0
62.79,5.0
62.8,5.0
62.81,8.0
62.82,3.0
62.83,8.0
62.84,10.0
62.85,15.0
62.86,16.0
62.87,13.0
62.88,11.0
62.89,11.0
62.9,5.0
62.91,8.0
62.92,6.0
62.93,2.0
62.94,6.0
62.95,6.0
62.96,8.0
62.97,6.0
62.98,12.0
62.99,5.0
63.0,9.0
63.01,6.0
63.02,10.0
63.03,9.0
63.04,4.0
63.05,7.0
63.06,4.0
63.07,8.0
63.08,6.0
63.09,6.0
63.1,13.0
63.11,6.0
63.12,15.0
63.13,4.0
63.14,10.0
63.15,5.0
63.16,4.0
63.17,5.0
63.18,4.0
63.19,14.0
63.2,7.0
63.21,10.0
63.22,5.0
63.23,6.0
63.24,7.0
63.25,9.0
63.26,10.0
63.27,10.0
63.28,6.0
63.29,8.0
63.3,7.0
63.31,8.0
63.32,6.0
63.33,5.0
63.34,7.0
63.35,6.0
63.36,6.0
63.37,7.0
63.38,5.0
63.39,8.0
63.4,10.0
63.41,15.0
63.42,12.0
63.43,8.0
63.44,6.0
63.45,5.0
63.46,7.0
63.47,15.0
63.48,10.0
63.49,3.0
63.5,9.0
63.51,10.0
63.52,9.0
63.53,6.0
63.54,7.0
63.55,4.0
63.56,6.0
63.57,4.0
63.58,3.0
63.59,9.0
63.6,9.0
63.61,6.0
63.62,10.0
63.63,13.0
63.64,10.0
63.65,7.0
63.66,9.0
63.67,5.0
63.68,6.0
63.69,5.0
63.7,1.0
63.71,8.0
63.72,12.0
63.73,9.0
63.74,5.0
63.75,8.0
63.76,3.0
63.77,8.0
63.78,10.0
63.79,6.0
63.8,10.0
63.81,7.0
63.82,5.0
63.83,7.0
63.84,3.0
63.85,10.0
63.86,7.0
63.87,10.0
63.88,7.0
63.89,11.0
63.9,7.0
63.91,6.0
63.92,5.0
63.93,8.0
63.94,6.0
63.95,1.0
63.96,11.0
63.97,4.0
63.98,7.0
63.99,11.0
64.0,6.0
64.01,9.0
64.02,6.0
64.03,5.0
64.04,7.0
64.05,4.0
64.06,8.0
64.07,7.0
64.08,7.0
64.09,10.0
64.1,6.0
64.11,4.0
64.12,3.0
64.13,7.0
64.14,4.0
64.15,9.0
64.16,8.0
64.17,5.0
64.18,11.0
64.19,8.0
64.2,6.0
64.21,2.0
64.22,11.0
64.23,6.0
64.24,11.0
64.25,5.0
64.26,11.0
64.27,3.0
64.28,5.0
64.29,9.0
64.3,6.0
64.31,6.0
64.32,11.0
64.33,10.0
64.34,8.0
64.35,11.0
64.36,10.0
64.37,6.0
64.38,11.0
64.39,8.0
64.4,6.0
64.41,7.0
64.42,5.0
64.43,7.0
64.44,5.0
64.45,6.0
64.46,8.0
64.47,6.0
64.48,12.0
64.49,8.0
64.5,9.0
64.51,9.0
64.52,10.0
64.53,9.0
64.54,9.0
64.55,9.0
64.56,7.0
64.57,4.0
64.58,8.0
64.59,8.0
64.6,7.0
64.61,6.0
64.62,11.0
64.63,6.0
64.64,8.0
64.65,10.0
64.66,7.0
64.67,10.0
64.68,11.0
64.69,9.0
64.7,5.0
64.71,12.0
64.72,8.0
64.73,9.0
64.74,6.0
64.75,6.0
64.76,6.0
64.77,8.0
64.78,6.0
64.79,8.0
64.8,9.0
64.81,9.0
64.82,5.0
64.83,3.0
64.84,11.0
64.85,8.0
64.86,10.0
64.87,11.0
64.88,9.0
64.89,10.0
64.9,11.0
64.91,5.0
64.92,7.0
64.93,9.0
64.94,8.0
64.95,12.0
64.96,8.0
64.97,10.0
64.98,14.0
64.99,7.0
65.0,7.0
65.01,5.0
65.02,7.0
65.03,9.0
65.04,7.0
65.05,4.0
65.06,7.0
65.07,12.0
65.08,5.0
65.09,9.0
65.1,7.0
65.11,14.0
65.12,9.0
65.13,8.0
65.14,10.0
65.15,10.0
65.16,9.0
65.17,6.0
65.18,6.0
65.19,10.0
65.2,9.0
65.21,7.0
65.22,9.0
65.23,10.0
65.24,8.0
65.25,8.0
65.26,6.0
65.27,4.0
65.28,13.0
65.29,9.0
65.3,7.0
65.31,3.0
65.32,7.0
65.33,3.0
65.34,12.0
65.35,6.0
65.36,5.0
65.37,14.0
65.38,10.0
65.39,9.0
65.4,7.0
65.41,9.0
65.42,7.0
65.43,9.0
65.44,6.0
65.45,12.0
65.46,6.0
65.47,3.0
65.48,8.0
65.49,3.0
65.5,10.0
65.51,7.0
65.52,9.0
65.53,7.0
65.54,10.0
65.55,8.0
65.56,6.0
65.57,8.0
65.58,7.0
65.59,6.0
65.6,9.0
65.61,10.0
65.62,3.0
65.63,9.0
65.64,8.0
65.65,9.0
65.66,7.0
65.67,15.0
65.68,8.0
65.69,14.0
65.7,14.0
65.71,7.0
65.72,12.0
65.73,9.0
65.74,6.0
65.75,7.0
65.76,3.0
65.77,9.0
65.78,10.0
65.79,9.0
65.8,11.0
65.81,10.0
65.82,5.0
65.83,9.0
65.84,14.0
65.85,4.0
65.86,9.0
65.87,8.0
65.88,8.0
65.89,10.0
65.9,10.0
65.91,12.0
65.92,10.0
65.93,10.0
65.94,11.0
65.95,9.0
65.96,4.0
65.97,7.0
65.98,8.0
65.99,9.0
66.0,5.0
66.01,12.0
66.02,8.0
66.03,10.0
66.04,13.0
66.05,15.0
66.06,10.0
66.07,14.0
66.08,6.0
66.09,8.0
66.1,4.0
66.11,10.0
66.12,14.0
66.13,5.0
66.14,10.0
66.15,4.0
66.16,8.0
66.17,3.0
66.18,9.0
66.19,7.0
66.2,11.0
66.21,12.0
66.22,10.0
66.23,9.0
66.24,9.0
66.25,5.0
66.26,16.0
66.27,8.0
66.28,10.0
66.29,10.0
66.3,8.0
66.31,7.0
66.32,11.0
66.33,10.0
66.34,9.0
66.35,6.0
66.36,4.0
66.37,9.0
66.38,7.0
66.39,7.0
66.4,10.0
66.41,6.0
66.42,8.0
66.43,9.0
66.44,8.0
66.45,7.0
66.46,8.0
66.47,11.0
66.48,11.0
66.49,10.0
66.5,10.0
66.51,10.0
66.52,13.0
66.53,8.0
66.54,4.0
66.55,15.0
66.56,14.0
66.57,11.0
66.58,9.0
66.59,4.0
66.6,5.0
66.61,9.0
66.62,10.0
66.63,6.0
66.64,12.0
66.65,8.0
66.66,4.0
66.67,14.0
66.68,8.0
66.69,12.0
66.7,6.0
66.71,11.0
66.72,14.0
66.73,14.0
66.74,9.0
66.75,10.0
66.76,10.0
66.77,5.0
66.78,7.0
66.79,14.0
66.8,9.0
66.81,14.0
66.82,10.0
66.83,9.0
66.84,5.0
66.85,13.0
66.86,18.0
66.87,8.0
66.88,13.0
66.89,9.0
66.9,9.0
66.91,10.0
66.92,7.0
66.93,8.0
66.94,7.0
66.95,6.0
66.96,10.0
66.97,10.0
66.98,7.0
66.99,5.0
67.0,18.0
67.01,11.0
67.02,10.0
67.03,6.0
67.04,7.0
67.05,14.0
67.06,12.0
67.07,10.0
67.08,11.0
67.09,13.0
67.1,11.0
67.11,7.0
67.12,4.0
67.13,8.0
67.14,8.0
67.15,8.0
67.16,10.0
67.17,5.0
67.18,8.0
67.19,8.0
67.2,9.0
67.21,7.0
67.22,7.0
67.23,3.0
67.24,11.0
67.25,9.0
67.26,15.0
67.27,9.0
67.28,11.0
67.29,8.0
67.3,8.0
67.31,8.0
67.32,10.0
67.33,10.0
67.34,7.0
67.35,12.0
67.36,15.0
67.37,8.0
67.38,6.0
67.39,9.0
67.4,11.0
67.41,9.0
67.42,11.0
67.43,11.0
67.44,11.0
67.45,10.0
67.46,14.0
67.47,13.0
67.48,6.0
67.49,12.0
67.5,9.0
67.51,11.0
67.52,14.0
67.53,11.0
67.54,6.0
67.55,16.0
67.56,12.0
67.57,10.0
67.58,11.0
67.59,9.0
67.6,9.0
67.61,4.0
67.62,6.0
67.63,12.0
67.64,9.0
67.65,11.0
67.66,11.0
67.67,12.0
67.68,13.0
67.69,11.0
67.7,14.0
67.71,7.0
67.72,11.0
67.73,6.0
67.74,8.0
67.75,11.0
67.76,7.0
67.77,6.0
67.78,9.0
67.79,5.0
67.8,15.0
67.81,9.0
67.82,4.0
67.83,5.0
67.84,5.0
67.85,13.0
67.86,8.0
67.87,10.0
67.88,8.0
67.89,12.0
67.9,7.0
67.91,15.0
67.92,8.0
67.93,8.0
67.94,11.0
67.95,5.0
67.96,7.0
67.97,10.0
67.98,13.0
67.99,13.0
68.0,11.0
68.01,14.0
68.02,4.0
68.03,7.0
68.04,11.0
68.05,13.0
68.06,10.0
68.07,12.0
68.08,7.0
68.09,12.0
68.1,7.0
68.11,8.0
68.12,13.0
68.13,12.0
68.14,10.0
68.15,12.0
68.16,15.0
68.17,12.0
68.18,8.0
68.19,18.0
68.2,7.0
68.21,8.0
68.22,11.0
68.23,10.0
68.24,8.0
68.25,13.0
68.26,10.0
68.27,13.0
68.28,8.0
68.29,7.0
68.3,9.0
68.31,8.0
68.32,10.0
68.33,14.0
68.34,9.0
68.35,9.0
68.36,19.0
68.37,9.0
68.38,11.0
68.39,9.0
68.4,12.0
68.41,13.0
68.42,10.0
68.43,11.0
68.44,9.0
68.45,9.0
68.46,12.0
68.47,15.0
68.48,7.0
68.49,12.0
68.5,6.0
68.51,13.0
68.52,20.0
68.53,11.0
68.54,7.0
68.55,12.0
68.56,11.0
68.57,15.0
68.58,8.0
68.59,15.0
68.6,10.0
68.61,11.0
68.62,17.0
68.63,13.0
68.64,17.0
68.65,13.0
68.66,19.0
68.67,8.0
68.68,9.0
68.69,12.0
68.7,12.0
68.71,10.0
68.72,10.0
68.73,11.0
68.74,12.0
68.75,10.0
68.76,9.0
68.77,11.0
68.78,14.0
68.79,10.0
68.8,10.0
68.81,4.0
68.82,15.0
68.83,10.0
68.84,13.0
68.85,11.0
68.86,10.0
68.87,9.0
68.88,12.0
68.89,9.0
68.9,15.0
68.91,6.0
68.92,11.0
68.93,15.0
68.94,8.0
68.95,9.0
68.96,15.0
68.97,17.0
68.98,14.0
68.99,8.0
69.0,8.0
69.01,10.0
69.02,9.0
69.03,16.0
69.04,9.0
69.05,5.0
69.06,9.0
69.07,9.0
69.08,8.0
69.09,8.0
69.1,13.0
69.11,6.0
69.12,16.0
69.13,15.0
69.14,11.0
69.15,14.0
69.16,9.0
69.17,11.0
69.18,10.0
69.19,11.0
69.2,11.0
69.21,7.0
69.22,10.0
69.23,16.0
69.24,8.0
69.25,11.0
69.26,14.0
69.27,12.0
69.28,7.0
69.29,9.0
69.3,12.0
69.31,4.0
69.32,9.0
69.33,11.0
69.34,15.0
69.35,14.0
69.36,13.0
69.37,11.0
69.38,11.0
69.39,6.0
69.4,11.0
69.41,11.0
69.42,6.0
69.43,6.0
69.44,14.0
69.45,11.0
69.46,14.0
69.47,9.0
69.48,11.0
69.49,14.0
69.5,13.0
69.51,11.0
69.52,8.0
69.53,13.0
69.54,10.0
69.55,5.0
69.56,9.0
69.57,13.0
69.58,13.0
69.59,9.0
69.6,12.0
69.61,15.0
69.62,9.0
69.63,7.0
69.64,9.0
69.65,15.0
69.66,9.0
69.67,11.0
69.68,9.0
69.69,13.0
69.7,10.0
69.71,15.0
69.72,11.0
69.73,11.0
69.74,11.0
69.75,9.0
69.76,7.0
69.77,3.0
69.78,9.0
69.79,5.0
69.8,22.0
69.81,7.0
69.82,6.0
69.83,13.0
69.84,10.0
69.85,6.0
69.86,10.0
69.87,9.0
69.88,5.0
69.89,9.0
69.9,6.0
69.91,11.0
69.92,14.0
69.93,18.0
69.94,12.0
69.95,11.0
69.96,8.0
69.97,16.0
69.98,13.0
69.99,19.0
70.0,17.0
70.01,17.0
70.02,10.0
70.03,17.0
70.04,8.0
70.05,15.0
70.06,9.0
70.07,13.0
70.08,10.0
70.09,10.0
70.1,9.0
70.11,14.0
70.12,12.0
70.13,11.0
70.14,22.0
70.15,8.0
70.16,8.0
70.17,10.0
70.18,18.0
70.19,8.0
70.2,11.0
70.21,5.0
70.22,8.0
70.23,12.0
70.24,9.0
70.25,18.0
70.26,7.0
70.27,12.0
70.28,10.0
70.29,6.0
70.3,15.0
70.31,9.0
70.32,11.0
70.33,7.0
70.34,5.0
70.35,14.0
70.36,19.0
70.37,9.0
70.38,13.0
70.39,5.0
70.4,6.0
70.41,5.0
70.42,9.0
70.43,9.0
70.44,9.0
70.45,14.0
70.46,7.0
70.47,17.0
70.48,4.0
70.49,10.0
70.5,14.0
70.51,10.0
70.52,12.0
70.53,4.0
70.54,11.0
70.55,10.0
70.56,10.0
70.57,11.0
70.58,9.0
70.59,12.0
70.6,11.0
70.61,11.0
70.62,11.0
70.63,13.0
70.64,12.0
70.65,4.0
70.66,7.0
70.67,11.0
70.68,15.0
70.69,11.0
70.7,8.0
70.71,10.0
70.72,6.0
70.73,12.0
70.74,9.0
70.75,9.0
70.76,9.0
70.77,11.0
70.78,18.0
70.79,15.0
70.8,10.0
70.81,7.0
70.82,16.0
70.83,14.0
70.84,14.0
70.85,10.0
70.86,9.0
70.87,8.0
70.88,8.0
70.89,10.0
70.9,9.0
70.91,14.0
70.92,13.0
70.93,8.0
70.94,8.0
70.95,15.0
70.96,9.0
70.97,7.0
70.98,7.0
70.99,18.0
71.0,6.0
71.01,8.0
71.02,10.0
71.03,8.0
71.04,12.0
71.05,6.0
71.06,17.0
71.07,14.0
71.08,11.0
71.09,9.0
71.1,12.0
71.11,6.0
71.12,11.0
71.13,7.0
71.14,8.0
71.15,11.0
71.16,9.0
71.17,11.0
71.18,7.0
71.19,10.0
71.2,10.0
71.21,7.0
71.22,13.0
71.23,6.0
71.24,8.0
71.25,7.0
71.26,11.0
71.27,11.0
71.28,11.0
71.29,16.0
71.3,15.0
71.31,9.0
71.32,9.0
71.33,10.0
71.34,11.0
71.35,13.0
71.36,10.0
71.37,10.0
71.38,10.0
71.39,15.0
71.4,12.0
71.41,16.0
71.42,5.0
71.43,10.0
71.44,15.0
71.45,13.0
71.46,8.0
71.47,7.0
71.48,10.0
71.49,10.0
71.5,9.0
71.51,6.0
71.52,12.0
71.53,10.0
71.54,4.0
71.55,6.0
71.56,20.0
71.57,8.0
71.58,12.0
71.59,13.0
71.6,11.0
71.61,6.0
71.62,5.0
71.63,11.0
71.64,11.0
71.65,11.0
71.66,7.0
71.67,9.0
71.68,8.0
71.69,7.0
71.7,13.0
71.71,10.0
71.72,9.0
71.73,8.0
71.74,14.0
71.75,6.0
71.76,9.0
71.77,7.0
71.78,9.0
71.79,7.0
71.8,11.0
71.81,10.0
71.82,10.0
71.83,8.0
71.84,8.0
71.85,7.0
71.86,9.0
71.87,11.0
71.88,13.0
71.89,7.0
71.9,9.0
71.91,5.0
71.92,10.0
71.93,8.0
71.94,6.0
71.95,13.0
71.96,5.0
71.97,15.0
71.98,10.0
71.99,8.0
72.0,17.0
72.01,8.0
72.02,5.0
72.03,6.0
72.04,6.0
72.05,16.0
72.06,13.0
72.07,8.0
72.08,7.0
72.09,7.0
72.1,8.0
72.11,8.0
72.12,9.0
72.13,7.0
72.14,15.0
72.15,12.0
72.16,8.0
72.17,9.0
72.18,11.0
72.19,12.0
72.2,7.0
72.21,10.0
72.22,8.0
72.23,4.0
72.24,7.0
72.25,8.0
72.26,5.0
72.27,7.0
72.28,9.0
72.29,9.0
72.3,17.0
72.31,7.0
72.32,7.0
72.33,6.0
72.34,7.0
72.35,9.0
72.36,3.0
72.37,9.0
72.38,6.0
72.39,7.0
72.4,10.0
72.41,11.0
72.42,10.0
72.43,11.0
72.44,5.0
72.45,3.0
72.46,13.0
72.47,8.0
72.48,7.0
72.49,11.0
72.5,10.0
72.51,8.0
72.52,12.0
72.53,13.0
72.54,8.0
72.55,4.0
72.56,5.0
72.57,11.0
72.58,10.0
72.59,3.0
72.6,12.0
72.61,3.0
72.62,8.0
72.63,9.0
72.64,6.0
72.65,8.0
72.66,6.0
72.67,6.0
72.68,8.0
72.69,8.0
72.7,8.0
72.71,6.0
72.72,7.0
72.73,7.0
72.74,4.0
72.75,8.0
72.76,10.0
72.77,5.0
72.78,4.0
72.79,10.0
72.8,10.0
72.81,8.0
72.82,3.0
72.83,9.0
72.84,2.0
72.85,6.0
72.86,9.0
72.87,4.0
72.88,6.0
72.89,10.0
72.9,5.0
72.91,4.0
72.92,9.0
72.93,4.0
72.94,6.0
72.95,1.0
72.96,8.0
72.97,3.0
72.98,5.0
72.99,7.0
73.0,7.0
73.01,3.0
73.02,8.0
73.03,5.0
73.04,5.0
73.05,11.0
73.06,7.0
73.07,2.0
73.08,8.0
73.09,9.0
73.1,4.0
73.11,5.0
73.12,8.0
73.13,7.0
73.14,9.0
73.15,4.0
73.16,8.0
73.17,3.0
73.18,4.0
73.19,7.0
73.2,6.0
73.21,8.0
73.22,8.0
73.23,3.0
73.24,8.0
73.25,8.0
73.26,10.0
73.27,4.0
73.28,7.0
73.29,4.0
73.3,6.0
73.31,5.0
73.32,5.0
73.33,7.0
73.34,7.0
73.35,7.0
73.36,2.0
73.37,5.0
73.38,12.0
73.39,7.0
73.4,9.0
73.41,8.0
73.42,10.0
73.43,3.0
73.44,7.0
73.45,3.0
73.46,4.0
73.47,10.0
73.48,4.0
73.49,4.0
73.5,6.0
73.52,6.0
73.53,2.0
73.54,5.0
73.55,4.0
73.56,7.0
73.57,7.0
73.58,4.0
73.59,8.0
73.6,9.0
73.61,6.0
73.62,9.0
73.63,7.0
73.64,2.0
73.65,3.0
73.66,9.0
73.67,6.0
73.68,4.0
73.69,4.0
73.7,6.0
73.71,5.0
73.72,9.0
73.73,5.0
73.74,4.0
73.75,6.0
73.76,8.0
73.77,7.0
73.78,5.0
73.79,5.0
73.8,5.0
73.81,5.0
73.82,5.0
73.83,5.0
73.84,6.0
73.85,6.0
73.86,6.0
73.87,6.0
73.88,5.0
73.89,7.0
73.9,2.0
73.91,3.0
73.92,6.0
73.93,1.0
73.94,6.0
73.95,1.0
73.96,2.0
73.97,5.0
73.98,4.0
73.99,2.0
74.0,4.0
74.01,8.0
74.02,4.0
74.03,8.0
74.04,3.0
74.05,11.0
74.06,4.0
74.08,2.0
74.09,7.0
74.1,6.0
74.11,4.0
74.12,4.0
74.13,4.0
74.14,10.0
74.15,2.0
74.16,6.0
74.17,5.0
74.18,4.0
74.19,5.0
74.2,1.0
74.21,3.0
74.22,4.0
74.23,4.0
74.24,6.0
74.25,5.0
74.26,2.0
74.27,4.0
74.28,4.0
74.29,4.0
74.3,8.0
74.31,8.0
74.32,3.0
74.33,2.0
74.34,3.0
74.35,5.0
74.36,2.0
74.37,6.0
74.38,2.0
74.39,4.0
74.4,1.0
74.41,7.0
74.42,3.0
74.43,2.0
74.44,1.0
74.46,3.0
74.47,3.0
74.48,5.0
74.49,2.0
74.5,4.0
74.51,4.0
74.52,6.0
74.53,6.0
74.54,2.0
74.55,1.0
74.56,3.0
74.57,1.0
74.58,5.0
74.59,1.0
74.6,7.0
74.61,2.0
74.62,1.0
74.63,3.0
74.64,1.0
74.65,3.0
74.66,2.0
74.67,7.0
74.68,2.0
74.69,3.0
74.7,3.0
74.71,3.0
74.72,3.0
74.73,3.0
74.74,3.0
74.75,4.0
74.76,2.0
74.77,5.0
74.78,3.0
74.79,3.0
74.8,2.0
74.81,4.0
74.82,4.0
74.84,5.0
74.85,6.0
74.86,3.0
74.87,1.0
74.88,6.0
74.89,4.0
74.9,1.0
74.91,1.0
74.93,1.0
74.94,3.0
74.95,2.0
74.96,2.0
74.97,3.0
74.98,2.0
74.99,3.0
75.0,3.0
75.02,2.0
75.03,3.0
75.05,1.0
75.06,5.0
75.07,2.0
75.08,3.0
75.09,3.0
75.1,5.0
75.11,1.0
75.12,1.0
75.13,2.0
75.14,2.0
75.15,2.0
75.16,1.0
75.18,2.0
75.19,2.0
75.2,4.0
75.21,1.0
75.22,1.0
75.23,2.0
75.24,1.0
75.25,1.0
75.26,3.0
75.27,2.0
75.29,2.0
75.31,1.0
75.33,3.0
75.34,1.0
75.35,1.0
75.36,2.0
75.37,1.0
75.38,3.0
75.39,2.0
75.4,2.0
75.41,2.0
75.43,3.0
75.44,3.0
75.45,2.0
75.46,2.0
75.47,2.0
75.48,3.0
75.49,3.0
75.5,2.0
75.51,1.0
75.52,1.0
75.53,3.0
75.54,1.0
75.56,1.0
75.58,2.0
75.6,3.0
75.61,3.0
75.64,1.0
75.65,2.0
75.67,3.0
75.68,1.0
75.7,2.0
75.71,1.0
75.73,2.0
75.74,1.0
75.76,1.0
75.77,1.0
75.78,2.0
75.79,2.0
75.8,1.0
75.81,4.0
75.82,1.0
75.84,1.0
75.85,1.0
75.86,3.0
75.87,2.0
75.88,2.0
75.91,1.0
75.92,2.0
75.93,2.0
75.95,2.0
75.97,1.0
75.99,3.0
76.0,2.0
76.02,1.0
76.04,1.0
76.06,2.0
76.07,1.0
76.09,1.0
76.1,1.0
76.12,2.0
76.14,1.0
76.15,2.0
76.16,1.0
76.2,1.0
76.21,1.0
76.24,1.0
76.26,1.0
76.27,1.0
76.3,1.0
76.32,1.0
76.34,1.0
76.36,1.0
76.39,1.0
76.42,1.0
76.44,1.0
76.45,2.0
76.46,1.0
76.48,1.0
76.49,1.0
76.51,1.0
76.56,1.0
76.57,2.0
76.59,1.0
76.65,1.0
76.67,2.0
76.68,1.0
76.69,1.0
76.73,1.0
76.78,1.0
76.81,1.0
76.82,1.0
76.91,1.0
76.92,1.0
76.93,1.0
76.94,1.0
77.15,1.0
77.28,2.0
77.35,1.0
77.36,2.0
77.54,2.0
77.66,1.0
77.81,1.0
77.84,1.0
77.97,1.0
78.02,1.0
78.23,1.0
78.41,1.0

