GC_content,mapped,occurence
35.58,0.0,1.0
37.71,0.0,1.0
37.8,0.0,1.0
38.32,0.0,1.0
39.43,0.0,1.0
39.77,0.0,1.0
40.66,0.0,1.0
40.77,0.0,1.0
40.83,0.0,1.0
40.88,0.0,1.0
41.06,0.0,1.0
41.22,0.0,1.0
41.25,0.0,1.0
41.38,0.0,1.0
41.41,0.0,1.0
41.48,1.0,1.0
41.82,0.0,1.0
41.87,0.0,1.0
41.92,0.0,1.0
42.0,0.0,1.0
42.01,0.0,1.0
42.26,0.0,1.0
42.41,0.0,2.0
42.42,0.0,1.0
42.45,1.0,1.0
42.86,0.0,2.0
42.94,0.0,1.0
43.07,0.0,1.0
43.12,0.0,1.0
43.14,0.0,1.0
43.26,0.0,1.0
43.34,0.0,1.0
43.42,1.0,1.0
43.43,0.0,1.0
43.48,0.0,1.0
43.58,1.0,1.0
43.64,0.0,1.0
43.71,0.0,1.0
43.73,0.0,1.0
43.75,0.0,1.0
43.78,0.0,1.0
43.87,0.0,1.0
43.89,0.0,1.0
43.93,0.0,1.0
43.95,0.0,2.0
43.97,0.0,1.0
44.0,0.0,1.0
44.03,0.0,1.0
44.08,0.0,3.0
44.11,1.0,1.0
44.12,0.0,3.0
44.13,0.0,1.0
44.16,0.0,1.0
44.19,0.0,1.0
44.2,0.0,1.0
44.25,0.0,1.0
44.27,0.0,1.0
44.3,0.0,1.0
44.32,0.0,1.0
44.37,0.0,1.0
44.38,0.0,1.0
44.42,1.0,1.0
44.44,0.0,1.0
44.5,0.0,2.0
44.53,0.0,1.0
44.59,0.0,3.0
44.62,0.0,1.0
44.65,0.0,2.0
44.65,1.0,1.0
44.67,0.0,3.0
44.68,0.0,1.0
44.68,1.0,1.0
44.7,1.0,1.0
44.71,1.0,1.0
44.74,1.0,1.0
44.77,0.0,2.0
44.81,0.0,2.0
44.83,0.0,3.0
44.85,0.0,1.0
44.9,1.0,1.0
44.94,0.0,3.0
44.97,0.0,1.0
44.98,1.0,1.0
45.0,0.0,1.0
45.02,0.0,1.0
45.03,0.0,2.0
45.06,0.0,1.0
45.08,1.0,1.0
45.1,0.0,2.0
45.13,0.0,2.0
45.14,0.0,3.0
45.16,0.0,2.0
45.18,0.0,1.0
45.2,0.0,2.0
45.22,1.0,1.0
45.24,0.0,3.0
45.25,0.0,1.0
45.26,1.0,1.0
45.28,0.0,1.0
45.29,0.0,1.0
45.3,0.0,1.0
45.33,0.0,2.0
45.34,0.0,1.0
45.34,1.0,1.0
45.35,0.0,1.0
45.36,0.0,2.0
45.39,0.0,2.0
45.39,1.0,1.0
45.4,0.0,2.0
45.41,1.0,1.0
45.45,0.0,4.0
45.45,1.0,1.0
45.49,0.0,1.0
45.51,0.0,1.0
45.54,0.0,2.0
45.54,1.0,1.0
45.56,0.0,4.0
45.61,0.0,2.0
45.62,0.0,1.0
45.63,0.0,1.0
45.66,1.0,1.0
45.67,0.0,1.0
45.7,0.0,1.0
45.71,0.0,2.0
45.73,0.0,1.0
45.74,0.0,1.0
45.76,0.0,1.0
45.78,1.0,1.0
45.81,0.0,4.0
45.83,0.0,2.0
45.83,1.0,1.0
45.85,0.0,1.0
45.86,0.0,1.0
45.87,0.0,1.0
45.88,0.0,1.0
45.88,1.0,1.0
45.9,0.0,1.0
45.91,1.0,1.0
45.92,0.0,1.0
45.93,0.0,2.0
45.95,0.0,1.0
45.96,0.0,2.0
45.96,1.0,1.0
45.97,0.0,1.0
45.98,0.0,1.0
46.0,0.0,2.0
46.02,0.0,3.0
46.03,0.0,2.0
46.03,1.0,1.0
46.05,0.0,1.0
46.06,0.0,2.0
46.07,0.0,2.0
46.1,0.0,1.0
46.11,0.0,2.0
46.12,0.0,1.0
46.14,0.0,1.0
46.15,0.0,2.0
46.15,1.0,1.0
46.2,0.0,4.0
46.2,1.0,1.0
46.22,0.0,1.0
46.23,0.0,1.0
46.24,0.0,4.0
46.25,0.0,2.0
46.26,0.0,1.0
46.27,0.0,2.0
46.29,0.0,3.0
46.29,1.0,1.0
46.31,0.0,3.0
46.32,0.0,2.0
46.33,0.0,7.0
46.34,1.0,1.0
46.35,0.0,1.0
46.36,0.0,1.0
46.36,1.0,1.0
46.38,0.0,1.0
46.39,0.0,2.0
46.4,0.0,1.0
46.41,0.0,4.0
46.43,0.0,4.0
46.45,0.0,4.0
46.46,0.0,2.0
46.46,1.0,1.0
46.47,0.0,3.0
46.49,0.0,1.0
46.49,1.0,1.0
46.5,0.0,1.0
46.51,0.0,4.0
46.52,0.0,2.0
46.53,0.0,3.0
46.54,0.0,1.0
46.55,0.0,2.0
46.56,0.0,1.0
46.57,0.0,4.0
46.58,0.0,3.0
46.59,0.0,3.0
46.59,1.0,1.0
46.6,0.0,3.0
46.61,0.0,2.0
46.62,1.0,1.0
46.63,0.0,4.0
46.65,0.0,1.0
46.67,0.0,4.0
46.69,0.0,1.0
46.7,0.0,3.0
46.7,1.0,1.0
46.71,0.0,5.0
46.72,0.0,1.0
46.73,0.0,2.0
46.74,0.0,4.0
46.75,0.0,6.0
46.76,1.0,1.0
46.77,0.0,2.0
46.77,1.0,1.0
46.78,0.0,3.0
46.82,0.0,6.0
46.83,0.0,1.0
46.84,0.0,6.0
46.85,1.0,1.0
46.86,0.0,5.0
46.88,0.0,7.0
46.89,0.0,3.0
46.9,0.0,1.0
46.91,0.0,4.0
46.91,1.0,1.0
46.93,0.0,2.0
46.94,0.0,1.0
46.95,0.0,4.0
46.97,0.0,1.0
46.98,0.0,1.0
46.99,0.0,2.0
46.99,1.0,1.0
47.0,0.0,2.0
47.02,0.0,6.0
47.03,0.0,5.0
47.06,0.0,5.0
47.06,1.0,1.0
47.09,0.0,7.0
47.1,0.0,2.0
47.12,0.0,4.0
47.13,0.0,8.0
47.14,0.0,2.0
47.15,0.0,1.0
47.16,0.0,6.0
47.17,0.0,1.0
47.18,0.0,2.0
47.18,1.0,1.0
47.19,0.0,2.0
47.2,0.0,1.0
47.21,0.0,1.0
47.22,0.0,3.0
47.22,1.0,1.0
47.23,0.0,2.0
47.24,0.0,4.0
47.25,0.0,4.0
47.25,1.0,1.0
47.26,0.0,1.0
47.27,0.0,3.0
47.28,0.0,1.0
47.28,1.0,1.0
47.29,0.0,2.0
47.31,0.0,5.0
47.31,1.0,2.0
47.32,0.0,3.0
47.32,1.0,1.0
47.33,0.0,4.0
47.34,0.0,8.0
47.34,1.0,1.0
47.35,0.0,2.0
47.35,1.0,1.0
47.37,0.0,13.0
47.37,1.0,2.0
47.38,0.0,1.0
47.39,0.0,2.0
47.39,1.0,1.0
47.4,0.0,7.0
47.42,0.0,2.0
47.42,1.0,1.0
47.43,0.0,9.0
47.44,0.0,5.0
47.44,1.0,1.0
47.45,0.0,5.0
47.46,0.0,7.0
47.46,1.0,1.0
47.47,0.0,7.0
47.47,1.0,1.0
47.49,0.0,1.0
47.5,0.0,5.0
47.5,1.0,1.0
47.51,0.0,2.0
47.52,0.0,4.0
47.53,0.0,4.0
47.54,0.0,2.0
47.54,1.0,1.0
47.55,0.0,1.0
47.56,0.0,6.0
47.57,0.0,5.0
47.57,1.0,1.0
47.59,0.0,2.0
47.6,0.0,5.0
47.6,1.0,1.0
47.62,0.0,7.0
47.62,1.0,1.0
47.63,0.0,1.0
47.64,0.0,1.0
47.64,1.0,1.0
47.65,0.0,6.0
47.66,0.0,1.0
47.67,0.0,5.0
47.68,0.0,7.0
47.69,0.0,1.0
47.7,0.0,4.0
47.71,0.0,3.0
47.72,0.0,4.0
47.73,0.0,8.0
47.73,1.0,1.0
47.74,0.0,11.0
47.75,0.0,2.0
47.76,0.0,2.0
47.76,1.0,1.0
47.77,0.0,4.0
47.78,0.0,4.0
47.79,1.0,1.0
47.8,0.0,9.0
47.81,0.0,3.0
47.83,0.0,7.0
47.85,0.0,6.0
47.86,0.0,3.0
47.86,1.0,3.0
47.87,0.0,5.0
47.87,1.0,1.0
47.88,0.0,9.0
47.89,0.0,7.0
47.89,1.0,1.0
47.9,0.0,10.0
47.9,1.0,1.0
47.91,0.0,1.0
47.91,1.0,1.0
47.92,0.0,1.0
47.92,1.0,1.0
47.93,0.0,5.0
47.94,0.0,3.0
47.95,0.0,13.0
47.96,0.0,4.0
47.96,1.0,1.0
47.97,1.0,1.0
47.98,0.0,2.0
47.98,1.0,1.0
47.99,0.0,1.0
48.0,0.0,26.0
48.01,0.0,3.0
48.02,0.0,5.0
48.03,0.0,9.0
48.04,0.0,5.0
48.05,0.0,8.0
48.06,0.0,3.0
48.07,0.0,1.0
48.08,0.0,15.0
48.09,0.0,2.0
48.1,0.0,12.0
48.11,0.0,8.0
48.12,0.0,15.0
48.12,1.0,1.0
48.13,0.0,5.0
48.14,0.0,1.0
48.15,0.0,14.0
48.16,0.0,3.0
48.17,0.0,11.0
48.18,0.0,4.0
48.18,1.0,1.0
48.19,0.0,6.0
48.2,0.0,3.0
48.21,0.0,7.0
48.22,0.0,4.0
48.23,0.0,3.0
48.24,0.0,17.0
48.25,0.0,4.0
48.26,0.0,18.0
48.26,1.0,2.0
48.28,0.0,11.0
48.28,1.0,3.0
48.29,0.0,9.0
48.29,1.0,1.0
48.3,0.0,6.0
48.31,0.0,8.0
48.31,1.0,1.0
48.32,0.0,4.0
48.33,0.0,7.0
48.33,1.0,1.0
48.34,0.0,10.0
48.34,1.0,1.0
48.35,0.0,8.0
48.36,0.0,3.0
48.37,0.0,10.0
48.39,0.0,17.0
48.39,1.0,1.0
48.4,0.0,9.0
48.4,1.0,1.0
48.41,0.0,13.0
48.42,0.0,4.0
48.43,0.0,10.0
48.44,0.0,14.0
48.45,0.0,11.0
48.46,0.0,2.0
48.46,1.0,1.0
48.47,0.0,12.0
48.48,0.0,13.0
48.48,1.0,1.0
48.5,0.0,20.0
48.51,0.0,5.0
48.51,1.0,2.0
48.52,0.0,9.0
48.53,0.0,9.0
48.54,0.0,22.0
48.55,0.0,16.0
48.55,1.0,1.0
48.56,0.0,5.0
48.57,0.0,12.0
48.57,1.0,1.0
48.58,0.0,7.0
48.59,0.0,5.0
48.6,0.0,4.0
48.61,0.0,1.0
48.62,0.0,7.0
48.62,1.0,1.0
48.63,0.0,8.0
48.64,0.0,3.0
48.65,0.0,8.0
48.66,0.0,11.0
48.67,0.0,12.0
48.68,0.0,17.0
48.68,1.0,1.0
48.69,0.0,5.0
48.7,0.0,19.0
48.71,0.0,3.0
48.72,0.0,19.0
48.73,0.0,18.0
48.74,0.0,6.0
48.75,0.0,7.0
48.75,1.0,1.0
48.76,0.0,6.0
48.77,0.0,20.0
48.78,0.0,12.0
48.78,1.0,1.0
48.79,0.0,8.0
48.79,1.0,2.0
48.8,0.0,12.0
48.81,0.0,9.0
48.81,1.0,1.0
48.82,0.0,23.0
48.83,0.0,5.0
48.84,0.0,27.0
48.85,0.0,12.0
48.86,0.0,11.0
48.87,0.0,4.0
48.88,0.0,7.0
48.89,0.0,7.0
48.9,0.0,6.0
48.9,1.0,1.0
48.91,0.0,8.0
48.92,0.0,6.0
48.93,0.0,1.0
48.94,0.0,11.0
48.95,0.0,12.0
48.96,0.0,8.0
48.97,0.0,16.0
48.98,0.0,10.0
48.99,0.0,9.0
48.99,1.0,1.0
49.0,0.0,10.0
49.0,1.0,2.0
49.01,0.0,28.0
49.02,0.0,23.0
49.03,0.0,36.0
49.04,0.0,31.0
49.05,0.0,6.0
49.06,0.0,15.0
49.07,0.0,16.0
49.08,0.0,23.0
49.09,0.0,14.0
49.1,0.0,12.0
49.11,0.0,21.0
49.12,0.0,35.0
49.13,0.0,19.0
49.14,0.0,17.0
49.14,1.0,2.0
49.15,0.0,14.0
49.15,1.0,1.0
49.16,0.0,6.0
49.17,0.0,21.0
49.18,0.0,9.0
49.19,0.0,8.0
49.2,0.0,8.0
49.21,0.0,20.0
49.22,0.0,9.0
49.22,1.0,1.0
49.23,0.0,8.0
49.24,0.0,8.0
49.25,0.0,21.0
49.25,1.0,1.0
49.26,0.0,5.0
49.27,0.0,12.0
49.28,0.0,22.0
49.28,1.0,1.0
49.29,0.0,10.0
49.29,1.0,2.0
49.3,0.0,9.0
49.31,0.0,7.0
49.31,1.0,2.0
49.32,0.0,4.0
49.33,0.0,15.0
49.34,0.0,17.0
49.35,0.0,12.0
49.36,0.0,20.0
49.36,1.0,2.0
49.37,0.0,19.0
49.37,1.0,1.0
49.38,0.0,42.0
49.38,1.0,1.0
49.39,0.0,20.0
49.39,1.0,1.0
49.4,0.0,36.0
49.41,0.0,29.0
49.42,0.0,39.0
49.43,0.0,38.0
49.43,1.0,1.0
49.44,0.0,20.0
49.44,1.0,1.0
49.45,0.0,14.0
49.46,0.0,22.0
49.47,0.0,15.0
49.48,0.0,18.0
49.49,0.0,16.0
49.49,1.0,1.0
49.5,0.0,20.0
49.5,1.0,1.0
49.51,0.0,24.0
49.52,0.0,21.0
49.52,1.0,1.0
49.53,0.0,8.0
49.53,1.0,2.0
49.54,0.0,8.0
49.55,0.0,22.0
49.55,1.0,2.0
49.56,0.0,14.0
49.57,0.0,15.0
49.58,0.0,16.0
49.58,1.0,2.0
49.59,0.0,9.0
49.59,1.0,1.0
49.6,0.0,9.0
49.61,0.0,4.0
49.61,1.0,1.0
49.62,0.0,11.0
49.63,0.0,3.0
49.64,0.0,9.0
49.65,0.0,9.0
49.66,0.0,6.0
49.66,1.0,1.0
49.67,0.0,20.0
49.68,0.0,34.0
49.69,0.0,43.0
49.69,1.0,4.0
49.7,0.0,34.0
49.7,1.0,1.0
49.71,0.0,69.0
49.71,1.0,1.0
49.72,0.0,32.0
49.73,0.0,30.0
49.74,0.0,51.0
49.74,1.0,1.0
49.75,0.0,28.0
49.76,0.0,42.0
49.77,0.0,27.0
49.78,0.0,23.0
49.79,0.0,23.0
49.79,1.0,3.0
49.8,0.0,10.0
49.81,0.0,15.0
49.81,1.0,1.0
49.82,0.0,20.0
49.82,1.0,2.0
49.83,0.0,3.0
49.84,0.0,5.0
49.84,1.0,11.0
49.85,0.0,5.0
49.85,1.0,2.0
49.86,0.0,5.0
49.87,0.0,7.0
49.87,1.0,2.0
49.88,0.0,3.0
49.88,1.0,1.0
49.9,0.0,3.0
49.9,1.0,2.0
49.91,0.0,1.0
50.0,0.0,671.0
50.0,1.0,15.0
50.11,0.0,1.0
50.12,0.0,2.0
50.13,0.0,8.0
50.14,0.0,5.0
50.14,1.0,1.0
50.15,0.0,8.0
50.15,1.0,1.0
50.16,0.0,16.0
50.16,1.0,9.0
50.17,0.0,17.0
50.18,0.0,24.0
50.19,0.0,18.0
50.19,1.0,1.0
50.2,0.0,18.0
50.2,1.0,1.0
50.21,0.0,53.0
50.22,0.0,37.0
50.22,1.0,1.0
50.23,0.0,28.0
50.23,1.0,1.0
50.24,0.0,65.0
50.25,0.0,53.0
50.26,0.0,61.0
50.26,1.0,1.0
50.27,0.0,29.0
50.28,0.0,34.0
50.29,0.0,114.0
50.3,0.0,62.0
50.3,1.0,1.0
50.31,0.0,67.0
50.31,1.0,1.0
50.32,0.0,78.0
50.32,1.0,4.0
50.33,0.0,66.0
50.34,0.0,14.0
50.34,1.0,1.0
50.35,0.0,7.0
50.35,1.0,1.0
50.36,0.0,20.0
50.37,0.0,10.0
50.37,1.0,2.0
50.38,0.0,15.0
50.38,1.0,2.0
50.39,0.0,10.0
50.39,1.0,1.0
50.4,0.0,20.0
50.4,1.0,1.0
50.41,0.0,20.0
50.41,1.0,1.0
50.42,0.0,33.0
50.43,0.0,17.0
50.43,1.0,1.0
50.44,0.0,23.0
50.45,0.0,27.0
50.46,0.0,22.0
50.47,0.0,17.0
50.47,1.0,1.0
50.48,0.0,31.0
50.48,1.0,1.0
50.49,0.0,38.0
50.5,0.0,29.0
50.51,0.0,33.0
50.52,0.0,46.0
50.52,1.0,1.0
50.53,0.0,40.0
50.54,0.0,48.0
50.55,0.0,25.0
50.56,0.0,31.0
50.57,0.0,77.0
50.57,1.0,4.0
50.58,0.0,85.0
50.59,0.0,69.0
50.6,0.0,60.0
50.61,0.0,33.0
50.62,0.0,75.0
50.62,1.0,1.0
50.63,0.0,88.0
50.63,1.0,1.0
50.64,0.0,69.0
50.64,1.0,2.0
50.65,0.0,67.0
50.66,0.0,64.0
50.67,0.0,57.0
50.68,0.0,21.0
50.69,0.0,18.0
50.7,0.0,26.0
50.71,0.0,15.0
50.72,0.0,58.0
50.72,1.0,2.0
50.73,0.0,47.0
50.74,0.0,32.0
50.74,1.0,1.0
50.75,0.0,39.0
50.75,1.0,1.0
50.76,0.0,25.0
50.77,0.0,20.0
50.78,0.0,31.0
50.78,1.0,1.0
50.79,0.0,66.0
50.8,0.0,32.0
50.81,0.0,32.0
50.82,0.0,26.0
50.83,0.0,57.0
50.83,1.0,3.0
50.84,0.0,31.0
50.84,1.0,1.0
50.85,0.0,40.0
50.86,0.0,41.0
50.87,0.0,113.0
50.88,0.0,148.0
50.88,1.0,1.0
50.89,0.0,57.0
50.89,1.0,2.0
50.9,0.0,39.0
50.9,1.0,1.0
50.91,0.0,33.0
50.92,0.0,57.0
50.92,1.0,1.0
50.93,0.0,65.0
50.94,0.0,66.0
50.94,1.0,1.0
50.95,0.0,32.0
50.96,0.0,106.0
50.97,0.0,95.0
50.98,0.0,67.0
50.98,1.0,1.0
50.99,0.0,63.0
50.99,1.0,1.0
51.0,0.0,13.0
51.0,1.0,1.0
51.01,0.0,29.0
51.02,0.0,28.0
51.03,0.0,45.0
51.03,1.0,3.0
51.04,0.0,66.0
51.05,0.0,69.0
51.06,0.0,42.0
51.06,1.0,1.0
51.07,0.0,21.0
51.08,0.0,42.0
51.08,1.0,1.0
51.09,0.0,46.0
51.1,0.0,45.0
51.11,0.0,30.0
51.12,0.0,27.0
51.13,0.0,34.0
51.14,0.0,36.0
51.15,0.0,103.0
51.16,0.0,156.0
51.17,0.0,19.0
51.18,0.0,100.0
51.19,0.0,52.0
51.19,1.0,1.0
51.2,0.0,58.0
51.2,1.0,1.0
51.21,0.0,68.0
51.22,0.0,87.0
51.23,0.0,93.0
51.24,0.0,30.0
51.25,0.0,74.0
51.26,0.0,31.0
51.26,1.0,1.0
51.27,0.0,128.0
51.27,1.0,1.0
51.28,0.0,82.0
51.29,0.0,27.0
51.3,0.0,93.0
51.31,0.0,45.0
51.32,0.0,67.0
51.33,0.0,52.0
51.34,0.0,50.0
51.35,0.0,56.0
51.36,0.0,28.0
51.37,0.0,30.0
51.38,0.0,31.0
51.39,0.0,19.0
51.4,0.0,29.0
51.41,0.0,20.0
51.42,0.0,19.0
51.43,0.0,55.0
51.43,1.0,1.0
51.44,0.0,75.0
51.45,0.0,147.0
51.46,0.0,159.0
51.46,1.0,1.0
51.47,0.0,44.0
51.47,1.0,2.0
51.48,0.0,73.0
51.49,0.0,37.0
51.49,1.0,3.0
51.5,0.0,76.0
51.5,1.0,1.0
51.51,0.0,10.0
51.52,0.0,87.0
51.53,0.0,107.0
51.53,1.0,1.0
51.54,0.0,37.0
51.54,1.0,1.0
51.55,0.0,90.0
51.56,0.0,68.0
51.57,0.0,94.0
51.58,0.0,48.0
51.59,0.0,36.0
51.6,0.0,51.0
51.61,0.0,72.0
51.62,0.0,15.0
51.63,0.0,54.0
51.64,0.0,28.0
51.65,0.0,44.0
51.66,0.0,38.0
51.67,0.0,60.0
51.68,0.0,23.0
51.69,0.0,93.0
51.69,1.0,1.0
51.7,0.0,18.0
51.71,0.0,62.0
51.72,0.0,146.0
51.72,1.0,2.0
51.73,0.0,9.0
51.74,0.0,111.0
51.75,0.0,37.0
51.75,1.0,1.0
51.76,0.0,84.0
51.77,0.0,35.0
51.78,0.0,53.0
51.79,0.0,111.0
51.79,1.0,3.0
51.8,0.0,29.0
51.81,0.0,92.0
51.82,0.0,32.0
51.83,0.0,74.0
51.84,0.0,21.0
51.85,0.0,105.0
51.86,0.0,12.0
51.87,0.0,60.0
51.88,0.0,73.0
51.88,1.0,1.0
51.89,0.0,38.0
51.9,0.0,55.0
51.91,0.0,39.0
51.92,0.0,79.0
51.93,0.0,27.0
51.94,0.0,52.0
51.95,0.0,44.0
51.96,0.0,43.0
51.96,1.0,2.0
51.97,0.0,43.0
51.97,1.0,1.0
51.98,0.0,58.0
51.98,1.0,1.0
51.99,0.0,16.0
52.0,0.0,69.0
52.01,0.0,19.0
52.02,0.0,89.0
52.03,0.0,25.0
52.03,1.0,1.0
52.04,0.0,63.0
52.05,0.0,67.0
52.06,0.0,39.0
52.07,0.0,67.0
52.08,0.0,56.0
52.09,0.0,15.0
52.1,0.0,61.0
52.11,0.0,29.0
52.12,0.0,69.0
52.13,0.0,29.0
52.14,0.0,21.0
52.15,0.0,78.0
52.16,0.0,44.0
52.17,0.0,104.0
52.17,1.0,1.0
52.18,0.0,1.0
52.19,0.0,41.0
52.19,1.0,1.0
52.2,0.0,64.0
52.21,0.0,27.0
52.22,0.0,43.0
52.22,1.0,10.0
52.23,0.0,40.0
52.24,0.0,40.0
52.25,0.0,26.0
52.26,0.0,55.0
52.27,0.0,39.0
52.28,0.0,41.0
52.29,0.0,28.0
52.3,0.0,35.0
52.31,0.0,30.0
52.32,0.0,27.0
52.33,0.0,49.0
52.34,0.0,22.0
52.35,0.0,37.0
52.36,0.0,44.0
52.37,0.0,3.0
52.38,0.0,81.0
52.39,0.0,2.0
52.4,0.0,40.0
52.41,0.0,46.0
52.42,0.0,24.0
52.43,0.0,35.0
52.44,0.0,54.0
52.45,0.0,28.0
52.45,1.0,1.0
52.46,0.0,26.0
52.47,0.0,37.0
52.48,0.0,31.0
52.48,1.0,1.0
52.49,0.0,21.0
52.5,0.0,40.0
52.5,1.0,1.0
52.51,0.0,21.0
52.52,0.0,19.0
52.53,0.0,40.0
52.54,0.0,22.0
52.55,0.0,25.0
52.56,0.0,24.0
52.57,0.0,17.0
52.58,0.0,22.0
52.59,0.0,25.0
52.6,0.0,27.0
52.61,0.0,26.0
52.62,0.0,8.0
52.63,0.0,59.0
52.64,0.0,4.0
52.65,0.0,19.0
52.66,0.0,33.0
52.67,0.0,25.0
52.68,0.0,25.0
52.69,0.0,34.0
52.7,0.0,15.0
52.71,0.0,28.0
52.71,1.0,1.0
52.72,0.0,20.0
52.72,1.0,1.0
52.73,0.0,47.0
52.74,0.0,23.0
52.74,1.0,1.0
52.75,0.0,17.0
52.76,0.0,36.0
52.76,1.0,1.0
52.77,0.0,13.0
52.77,1.0,1.0
52.78,0.0,14.0
52.79,0.0,29.0
52.8,0.0,24.0
52.81,0.0,16.0
52.82,0.0,17.0
52.83,0.0,6.0
52.83,1.0,1.0
52.84,0.0,16.0
52.85,0.0,18.0
52.86,0.0,6.0
52.87,0.0,21.0
52.88,0.0,17.0
52.89,0.0,14.0
52.9,0.0,16.0
52.91,0.0,19.0
52.92,0.0,14.0
52.93,0.0,1.0
52.94,0.0,51.0
52.96,0.0,14.0
52.97,0.0,27.0
52.98,0.0,23.0
52.99,0.0,9.0
53.0,0.0,17.0
53.01,0.0,22.0
53.02,0.0,18.0
53.03,0.0,9.0
53.04,0.0,12.0
53.05,0.0,20.0
53.06,0.0,12.0
53.07,0.0,8.0
53.08,0.0,4.0
53.09,0.0,16.0
53.1,0.0,8.0
53.11,0.0,12.0
53.12,0.0,18.0
53.13,0.0,3.0
53.13,1.0,1.0
53.14,0.0,19.0
53.15,0.0,18.0
53.16,0.0,18.0
53.17,0.0,11.0
53.18,0.0,12.0
53.19,0.0,11.0
53.2,0.0,9.0
53.21,0.0,12.0
53.22,0.0,11.0
53.23,0.0,18.0
53.24,0.0,7.0
53.25,0.0,17.0
53.26,0.0,10.0
53.27,0.0,7.0
53.28,0.0,3.0
53.29,0.0,18.0
53.3,0.0,8.0
53.31,0.0,12.0
53.33,0.0,28.0
53.33,1.0,1.0
53.36,0.0,7.0
53.37,0.0,15.0
53.38,0.0,6.0
53.39,0.0,13.0
53.4,0.0,5.0
53.41,0.0,5.0
53.42,0.0,11.0
53.43,0.0,5.0
53.44,0.0,1.0
53.45,0.0,5.0
53.46,0.0,3.0
53.47,0.0,3.0
53.47,1.0,1.0
53.48,0.0,10.0
53.48,1.0,1.0
53.49,0.0,7.0
53.5,0.0,4.0
53.51,0.0,8.0
53.52,0.0,2.0
53.53,0.0,11.0
53.53,1.0,1.0
53.54,0.0,7.0
53.55,0.0,15.0
53.56,0.0,7.0
53.57,0.0,7.0
53.58,0.0,1.0
53.59,0.0,38.0
53.6,0.0,5.0
53.61,0.0,6.0
53.61,1.0,1.0
53.62,0.0,7.0
53.63,0.0,4.0
53.64,0.0,8.0
53.65,0.0,6.0
53.66,0.0,5.0
53.67,0.0,3.0
53.68,0.0,3.0
53.69,0.0,3.0
53.69,1.0,1.0
53.7,0.0,10.0
53.71,0.0,2.0
53.72,0.0,13.0
53.73,0.0,3.0
53.74,0.0,1.0
53.75,0.0,6.0
53.76,0.0,3.0
53.77,0.0,4.0
53.78,0.0,6.0
53.79,0.0,4.0
53.8,0.0,7.0
53.81,0.0,5.0
53.82,0.0,1.0
53.83,0.0,1.0
53.85,0.0,15.0
53.86,0.0,1.0
53.87,0.0,3.0
53.88,0.0,4.0
53.89,0.0,2.0
53.9,0.0,15.0
53.91,0.0,3.0
53.92,0.0,2.0
53.93,0.0,2.0
53.94,0.0,1.0
53.95,0.0,7.0
53.96,0.0,4.0
53.97,0.0,8.0
53.98,0.0,1.0
53.99,0.0,5.0
54.0,0.0,3.0
54.0,1.0,1.0
54.01,0.0,4.0
54.02,0.0,3.0
54.04,0.0,4.0
54.05,0.0,3.0
54.07,0.0,2.0
54.08,0.0,6.0
54.09,0.0,1.0
54.1,0.0,2.0
54.11,0.0,3.0
54.12,0.0,2.0
54.13,0.0,1.0
54.14,0.0,3.0
54.15,0.0,3.0
54.17,0.0,3.0
54.18,0.0,1.0
54.19,0.0,10.0
54.2,0.0,2.0
54.22,0.0,2.0
54.23,0.0,1.0
54.24,0.0,1.0
54.25,0.0,7.0
54.26,0.0,3.0
54.28,0.0,1.0
54.3,0.0,3.0
54.31,0.0,2.0
54.32,0.0,1.0
54.34,0.0,3.0
54.35,0.0,1.0
54.36,0.0,1.0
54.37,0.0,4.0
54.39,0.0,4.0
54.4,0.0,3.0
54.41,0.0,1.0
54.42,0.0,1.0
54.43,0.0,1.0
54.44,0.0,4.0
54.46,0.0,3.0
54.46,1.0,1.0
54.48,0.0,1.0
54.49,0.0,1.0
54.5,0.0,3.0
54.55,0.0,7.0
54.59,0.0,3.0
54.6,0.0,2.0
54.61,0.0,1.0
54.62,0.0,1.0
54.68,0.0,2.0
54.69,0.0,2.0
54.71,0.0,1.0
54.73,0.0,1.0
54.74,0.0,2.0
54.75,0.0,1.0
54.76,0.0,1.0
54.77,0.0,1.0
54.78,0.0,1.0
54.79,0.0,3.0
54.82,0.0,2.0
54.84,0.0,1.0
54.85,0.0,2.0
54.9,0.0,1.0
54.91,0.0,1.0
54.97,0.0,1.0
55.06,0.0,2.0
55.07,0.0,1.0
55.14,0.0,1.0
55.17,0.0,2.0
55.19,0.0,3.0
55.21,0.0,1.0
55.25,0.0,1.0
55.26,0.0,2.0
55.31,0.0,1.0
55.32,0.0,1.0
55.33,0.0,1.0
55.36,0.0,1.0
55.42,0.0,1.0
55.43,0.0,2.0
55.46,0.0,1.0
55.49,0.0,1.0
55.59,0.0,1.0
55.6,0.0,1.0
55.62,0.0,1.0
55.62,1.0,1.0
55.84,0.0,1.0
55.85,0.0,1.0
55.94,0.0,1.0
55.98,0.0,1.0
56.01,0.0,1.0
56.13,0.0,2.0
56.15,1.0,1.0
56.17,0.0,1.0
56.18,0.0,1.0
56.25,0.0,1.0
56.28,0.0,1.0
56.39,0.0,1.0
56.46,0.0,1.0
56.48,0.0,1.0
56.49,0.0,1.0
56.61,0.0,1.0
56.65,0.0,1.0
56.7,0.0,1.0
56.89,0.0,1.0
56.93,0.0,1.0
56.97,0.0,1.0
57.03,0.0,1.0
57.06,0.0,1.0
57.14,0.0,2.0
57.37,0.0,1.0
57.47,0.0,1.0
57.56,0.0,1.0
57.67,0.0,1.0
58.12,1.0,1.0
58.14,0.0,1.0
58.27,1.0,1.0
58.37,0.0,1.0
58.72,1.0,1.0
58.79,0.0,1.0
58.99,0.0,1.0
59.07,0.0,1.0
59.18,0.0,1.0
59.19,0.0,1.0
59.21,0.0,1.0
59.25,0.0,1.0
59.35,0.0,1.0
59.54,0.0,1.0
59.57,1.0,1.0
59.72,0.0,2.0
59.74,0.0,1.0
59.83,0.0,1.0
59.89,0.0,1.0
60.0,0.0,1.0
60.83,0.0,1.0
60.98,0.0,1.0
61.11,0.0,1.0
61.62,0.0,1.0
61.78,0.0,1.0
62.1,0.0,1.0
62.15,0.0,1.0
62.24,0.0,1.0
62.56,0.0,1.0
62.66,0.0,1.0
62.83,0.0,1.0
63.03,0.0,1.0
63.58,0.0,1.0
63.7,0.0,1.0
63.76,0.0,1.0
64.13,0.0,1.0
64.51,0.0,1.0
64.52,0.0,1.0
64.93,0.0,1.0
64.99,0.0,1.0
65.09,0.0,1.0
65.89,0.0,1.0
67.23,0.0,1.0

