seq_score,occurence
43.04,1.0
44.06,1.0
45.44,1.0
45.86,1.0
46.07,1.0
46.71,1.0
46.94,1.0
47.89,1.0
48.08,1.0
48.09,1.0
48.47,1.0
48.62,1.0
48.67,1.0
48.69,1.0
48.76,1.0
48.94,1.0
48.95,1.0
48.97,1.0
49.01,1.0
49.3,1.0
49.45,1.0
49.5,1.0
49.67,1.0
49.75,1.0
49.86,2.0
49.97,1.0
50.22,1.0
50.43,1.0
50.44,1.0
50.51,1.0
50.61,1.0
50.86,1.0
50.92,1.0
51.03,1.0
51.14,1.0
51.16,2.0
51.24,1.0
51.26,1.0
51.42,1.0
51.62,1.0
51.67,1.0
51.69,1.0
51.77,1.0
51.96,1.0
52.07,1.0
52.14,1.0
52.16,1.0
52.25,1.0
52.28,1.0
52.33,1.0
52.51,1.0
52.55,1.0
52.64,1.0
52.8,1.0
52.84,1.0
52.94,1.0
52.95,1.0
52.96,1.0
52.98,1.0
53.02,1.0
53.03,1.0
53.11,1.0
53.15,1.0
53.18,1.0
53.21,1.0
53.23,1.0
53.26,1.0
53.3,1.0
53.34,1.0
53.35,1.0
53.38,1.0
53.43,1.0
53.45,1.0
53.46,1.0
53.58,1.0
53.59,1.0
53.63,1.0
53.74,1.0
53.93,1.0
54.0,1.0
54.06,1.0
54.1,1.0
54.2,1.0
54.23,1.0
54.28,2.0
54.36,1.0
54.38,1.0
54.4,1.0
54.44,1.0
54.47,1.0
54.52,1.0
54.53,1.0
54.59,1.0
54.64,1.0
54.65,1.0
54.7,2.0
54.74,1.0
54.76,1.0
54.78,1.0
54.96,1.0
55.23,2.0
55.24,1.0
55.36,1.0
55.39,1.0
55.47,2.0
55.49,1.0
55.5,1.0
55.51,2.0
55.52,2.0
55.54,1.0
55.59,1.0
55.61,1.0
55.69,1.0
55.88,1.0
55.92,1.0
55.99,1.0
56.02,1.0
56.09,1.0
56.17,1.0
56.21,1.0
56.24,1.0
56.28,1.0
56.35,1.0
56.37,1.0
56.38,1.0
56.43,1.0
56.45,1.0
56.49,2.0
56.51,1.0
56.54,1.0
56.6,1.0
56.66,1.0
56.67,2.0
56.68,1.0
56.81,1.0
56.84,1.0
56.87,1.0
56.89,1.0
56.94,1.0
57.01,1.0
57.1,1.0
57.15,1.0
57.27,1.0
57.34,1.0
57.37,1.0
57.48,1.0
57.51,1.0
57.52,1.0
57.64,1.0
57.69,1.0
57.7,1.0
57.73,1.0
57.79,1.0
57.81,1.0
57.87,1.0
57.89,1.0
57.9,1.0
57.91,2.0
57.92,3.0
57.96,2.0
57.98,1.0
58.02,1.0
58.03,1.0
58.05,2.0
58.1,1.0
58.11,1.0
58.13,1.0
58.15,1.0
58.18,1.0
58.2,1.0
58.3,1.0
58.36,1.0
58.46,1.0
58.47,1.0
58.49,1.0
58.5,1.0
58.51,1.0
58.56,1.0
58.58,1.0
58.59,1.0
58.61,1.0
58.63,1.0
58.66,2.0
58.7,1.0
58.73,1.0
58.75,2.0
58.76,1.0
58.78,1.0
58.83,1.0
58.86,2.0
58.87,1.0
58.89,1.0
58.91,1.0
58.92,1.0
58.95,1.0
58.98,1.0
59.0,1.0
59.02,1.0
59.04,1.0
59.05,1.0
59.07,2.0
59.09,1.0
59.11,1.0
59.14,2.0
59.16,1.0
59.23,1.0
59.25,1.0
59.26,1.0
59.27,1.0
59.3,1.0
59.32,1.0
59.33,1.0
59.36,1.0
59.38,1.0
59.39,1.0
59.4,2.0
59.41,1.0
59.44,2.0
59.48,1.0
59.49,2.0
59.5,1.0
59.54,1.0
59.55,1.0
59.56,1.0
59.59,3.0
59.62,1.0
59.64,1.0
59.66,1.0
59.68,2.0
59.69,1.0
59.76,2.0
59.8,1.0
59.81,1.0
59.84,1.0
59.85,3.0
59.87,1.0
59.89,1.0
59.91,2.0
59.93,1.0
59.95,2.0
59.96,1.0
59.98,1.0
60.01,1.0
60.04,1.0
60.05,1.0
60.08,2.0
60.09,1.0
60.1,1.0
60.11,2.0
60.12,3.0
60.13,2.0
60.15,1.0
60.16,1.0
60.2,2.0
60.21,2.0
60.22,1.0
60.23,1.0
60.24,1.0
60.25,1.0
60.29,2.0
60.3,1.0
60.32,1.0
60.33,1.0
60.34,1.0
60.35,2.0
60.36,1.0
60.37,1.0
60.4,2.0
60.42,2.0
60.44,1.0
60.45,1.0
60.48,1.0
60.5,2.0
60.51,1.0
60.52,4.0
60.53,1.0
60.54,2.0
60.55,2.0
60.56,2.0
60.57,1.0
60.59,1.0
60.6,1.0
60.61,3.0
60.62,1.0
60.63,2.0
60.64,1.0
60.65,1.0
60.66,1.0
60.67,2.0
60.72,1.0
60.77,1.0
60.78,3.0
60.79,1.0
60.8,1.0
60.81,1.0
60.85,2.0
60.86,1.0
60.87,1.0
60.88,1.0
60.92,1.0
60.93,1.0
60.94,2.0
60.96,1.0
60.97,3.0
60.98,1.0
60.99,1.0
61.0,2.0
61.02,4.0
61.05,1.0
61.06,1.0
61.07,1.0
61.08,2.0
61.09,1.0
61.1,1.0
61.12,2.0
61.13,4.0
61.14,2.0
61.15,1.0
61.16,1.0
61.17,2.0
61.18,1.0
61.2,2.0
61.21,2.0
61.22,1.0
61.24,2.0
61.26,2.0
61.27,1.0
61.28,2.0
61.29,1.0
61.33,1.0
61.34,1.0
61.36,1.0
61.37,1.0
61.38,2.0
61.4,2.0
61.43,1.0
61.44,1.0
61.45,1.0
61.46,1.0
61.48,2.0
61.49,1.0
61.51,3.0
61.52,1.0
61.53,2.0
61.55,1.0
61.56,1.0
61.57,1.0
61.58,2.0
61.59,1.0
61.6,4.0
61.61,2.0
61.62,1.0
61.63,1.0
61.64,1.0
61.65,1.0
61.66,2.0
61.67,1.0
61.68,1.0
61.69,2.0
61.71,4.0
61.72,1.0
61.74,3.0
61.76,1.0
61.77,2.0
61.78,1.0
61.81,2.0
61.82,2.0
61.83,1.0
61.84,1.0
61.88,1.0
61.91,3.0
61.92,1.0
61.94,1.0
61.96,1.0
61.97,2.0
61.99,3.0
62.0,5.0
62.01,1.0
62.03,1.0
62.04,3.0
62.05,2.0
62.06,1.0
62.07,2.0
62.1,3.0
62.12,3.0
62.13,1.0
62.16,5.0
62.18,1.0
62.19,1.0
62.23,2.0
62.24,1.0
62.25,1.0
62.26,2.0
62.29,2.0
62.3,1.0
62.32,4.0
62.33,2.0
62.34,2.0
62.35,1.0
62.36,2.0
62.37,2.0
62.38,1.0
62.39,2.0
62.4,3.0
62.41,1.0
62.42,1.0
62.43,1.0
62.44,1.0
62.45,3.0
62.47,2.0
62.49,1.0
62.51,1.0
62.52,1.0
62.53,5.0
62.55,2.0
62.56,1.0
62.57,2.0
62.58,1.0
62.6,3.0
62.61,1.0
62.62,1.0
62.64,1.0
62.65,3.0
62.66,2.0
62.67,3.0
62.68,3.0
62.69,1.0
62.7,1.0
62.71,1.0
62.72,3.0
62.74,1.0
62.75,2.0
62.76,1.0
62.77,2.0
62.78,3.0
62.79,2.0
62.8,4.0
62.81,5.0
62.82,2.0
62.83,3.0
62.84,1.0
62.85,2.0
62.86,1.0
62.87,1.0
62.88,1.0
62.89,3.0
62.9,2.0
62.91,1.0
62.92,4.0
62.93,3.0
62.94,2.0
62.95,3.0
62.96,2.0
62.97,1.0
62.98,2.0
62.99,6.0
63.0,4.0
63.01,5.0
63.02,3.0
63.03,2.0
63.04,1.0
63.05,2.0
63.06,1.0
63.07,1.0
63.08,1.0
63.09,2.0
63.1,2.0
63.11,1.0
63.12,2.0
63.13,2.0
63.14,2.0
63.15,3.0
63.16,4.0
63.17,1.0
63.19,2.0
63.2,2.0
63.21,2.0
63.22,1.0
63.25,5.0
63.26,2.0
63.27,3.0
63.28,1.0
63.29,3.0
63.3,1.0
63.31,1.0
63.33,2.0
63.35,5.0
63.36,1.0
63.37,3.0
63.38,1.0
63.39,2.0
63.41,1.0
63.42,2.0
63.43,1.0
63.44,1.0
63.45,2.0
63.46,2.0
63.47,3.0
63.48,3.0
63.49,4.0
63.5,1.0
63.51,2.0
63.53,1.0
63.54,2.0
63.55,3.0
63.56,3.0
63.57,3.0
63.58,3.0
63.59,1.0
63.61,3.0
63.62,1.0
63.64,1.0
63.65,7.0
63.66,2.0
63.67,1.0
63.68,5.0
63.69,3.0
63.7,1.0
63.71,3.0
63.72,2.0
63.73,2.0
63.74,1.0
63.75,3.0
63.76,1.0
63.77,1.0
63.78,3.0
63.79,2.0
63.8,1.0
63.81,2.0
63.82,1.0
63.83,5.0
63.84,5.0
63.86,3.0
63.87,3.0
63.88,2.0
63.89,2.0
63.9,2.0
63.91,1.0
63.92,2.0
63.93,3.0
63.94,2.0
63.95,1.0
63.96,2.0
63.97,1.0
63.98,1.0
63.99,2.0
64.0,4.0
64.01,4.0
64.03,2.0
64.04,3.0
64.05,1.0
64.06,1.0
64.07,1.0
64.08,1.0
64.09,2.0
64.11,1.0
64.13,2.0
64.14,2.0
64.15,1.0
64.16,2.0
64.17,2.0
64.18,3.0
64.19,1.0
64.2,3.0
64.21,3.0
64.22,4.0
64.23,1.0
64.24,3.0
64.25,2.0
64.26,1.0
64.27,1.0
64.28,2.0
64.29,1.0
64.3,2.0
64.31,2.0
64.32,1.0
64.33,1.0
64.34,1.0
64.35,1.0
64.36,2.0
64.39,2.0
64.4,1.0
64.41,4.0
64.42,4.0
64.44,2.0
64.45,2.0
64.46,4.0
64.47,1.0
64.48,4.0
64.5,2.0
64.51,5.0
64.52,1.0
64.54,2.0
64.55,2.0
64.56,1.0
64.57,2.0
64.58,4.0
64.59,1.0
64.6,2.0
64.61,4.0
64.62,1.0
64.63,3.0
64.64,1.0
64.66,5.0
64.67,6.0
64.68,2.0
64.69,3.0
64.7,2.0
64.71,4.0
64.72,3.0
64.73,2.0
64.74,1.0
64.75,1.0
64.76,1.0
64.77,2.0
64.78,1.0
64.79,1.0
64.8,4.0
64.81,2.0
64.82,3.0
64.83,2.0
64.84,2.0
64.85,3.0
64.86,2.0
64.87,1.0
64.88,3.0
64.89,3.0
64.91,1.0
64.92,3.0
64.93,2.0
64.95,5.0
64.96,4.0
64.97,1.0
64.98,2.0
64.99,2.0
65.0,3.0
65.02,1.0
65.03,4.0
65.04,1.0
65.05,2.0
65.06,2.0
65.07,2.0
65.08,1.0
65.09,3.0
65.1,4.0
65.11,4.0
65.12,2.0
65.13,2.0
65.14,3.0
65.16,5.0
65.17,1.0
65.19,2.0
65.2,5.0
65.21,3.0
65.22,1.0
65.23,3.0
65.25,2.0
65.26,2.0
65.27,2.0
65.28,2.0
65.29,1.0
65.3,5.0
65.31,6.0
65.32,1.0
65.33,2.0
65.34,3.0
65.35,3.0
65.36,4.0
65.38,1.0
65.39,3.0
65.4,4.0
65.41,7.0
65.42,4.0
65.43,4.0
65.44,2.0
65.45,4.0
65.46,2.0
65.47,3.0
65.49,3.0
65.5,2.0
65.51,1.0
65.52,3.0
65.53,5.0
65.54,3.0
65.55,2.0
65.56,2.0
65.57,3.0
65.58,1.0
65.59,2.0
65.6,2.0
65.61,1.0
65.62,5.0
65.63,2.0
65.66,3.0
65.67,6.0
65.68,4.0
65.69,2.0
65.7,3.0
65.71,6.0
65.72,6.0
65.73,3.0
65.74,2.0
65.75,1.0
65.76,1.0
65.77,1.0
65.78,1.0
65.79,2.0
65.8,2.0
65.81,1.0
65.82,2.0
65.83,6.0
65.84,1.0
65.85,5.0
65.86,1.0
65.87,3.0
65.88,3.0
65.89,1.0
65.9,4.0
65.91,2.0
65.92,4.0
65.93,2.0
65.94,3.0
65.95,2.0
65.96,1.0
65.97,3.0
65.98,1.0
66.0,7.0
66.01,4.0
66.02,1.0
66.03,1.0
66.04,3.0
66.05,5.0
66.06,2.0
66.08,5.0
66.09,2.0
66.1,2.0
66.11,2.0
66.13,5.0
66.14,1.0
66.15,5.0
66.16,4.0
66.17,2.0
66.18,3.0
66.2,2.0
66.21,2.0
66.22,1.0
66.23,1.0
66.25,4.0
66.26,3.0
66.27,2.0
66.28,3.0
66.29,2.0
66.3,3.0
66.31,1.0
66.32,1.0
66.33,7.0
66.34,3.0
66.35,3.0
66.36,2.0
66.37,4.0
66.38,5.0
66.39,6.0
66.4,3.0
66.41,8.0
66.42,3.0
66.43,3.0
66.45,3.0
66.46,1.0
66.47,4.0
66.48,1.0
66.49,4.0
66.5,2.0
66.51,4.0
66.53,3.0
66.54,1.0
66.55,1.0
66.56,3.0
66.57,4.0
66.58,1.0
66.59,3.0
66.6,2.0
66.61,2.0
66.62,4.0
66.63,1.0
66.64,2.0
66.65,2.0
66.66,5.0
66.67,3.0
66.68,5.0
66.69,6.0
66.7,2.0
66.71,3.0
66.72,5.0
66.73,4.0
66.74,3.0
66.76,6.0
66.77,2.0
66.78,4.0
66.79,2.0
66.8,1.0
66.81,2.0
66.82,1.0
66.83,2.0
66.84,1.0
66.85,5.0
66.86,6.0
66.87,4.0
66.88,4.0
66.89,4.0
66.9,1.0
66.91,5.0
66.92,2.0
66.93,3.0
66.94,4.0
66.95,1.0
66.96,2.0
66.97,3.0
66.99,2.0
67.0,4.0
67.01,5.0
67.02,2.0
67.03,5.0
67.04,3.0
67.05,4.0
67.06,6.0
67.07,3.0
67.08,3.0
67.09,3.0
67.1,5.0
67.11,5.0
67.12,3.0
67.13,3.0
67.14,3.0
67.15,5.0
67.16,1.0
67.17,5.0
67.18,4.0
67.19,4.0
67.2,1.0
67.21,7.0
67.22,4.0
67.23,2.0
67.24,5.0
67.25,2.0
67.26,3.0
67.27,4.0
67.28,4.0
67.29,2.0
67.31,1.0
67.32,2.0
67.33,2.0
67.34,2.0
67.35,2.0
67.36,3.0
67.37,2.0
67.38,2.0
67.39,2.0
67.4,6.0
67.41,4.0
67.42,4.0
67.43,4.0
67.44,4.0
67.45,2.0
67.46,1.0
67.47,2.0
67.48,4.0
67.49,2.0
67.5,4.0
67.51,1.0
67.52,2.0
67.53,2.0
67.55,2.0
67.56,4.0
67.57,2.0
67.58,1.0
67.59,3.0
67.61,2.0
67.62,6.0
67.63,3.0
67.65,3.0
67.66,6.0
67.67,3.0
67.68,1.0
67.7,1.0
67.71,3.0
67.72,3.0
67.73,4.0
67.74,3.0
67.75,2.0
67.76,4.0
67.77,4.0
67.78,4.0
67.79,2.0
67.8,4.0
67.81,1.0
67.82,3.0
67.83,2.0
67.84,2.0
67.85,4.0
67.86,2.0
67.87,2.0
67.88,3.0
67.89,5.0
67.9,2.0
67.91,2.0
67.92,1.0
67.93,3.0
67.94,4.0
67.95,1.0
67.96,1.0
67.97,3.0
67.98,1.0
67.99,4.0
68.0,4.0
68.01,3.0
68.02,1.0
68.03,2.0
68.04,2.0
68.05,3.0
68.06,3.0
68.07,2.0
68.08,3.0
68.09,2.0
68.1,2.0
68.11,1.0
68.12,8.0
68.13,2.0
68.14,3.0
68.15,3.0
68.16,2.0
68.17,7.0
68.18,3.0
68.19,5.0
68.2,4.0
68.22,6.0
68.23,3.0
68.24,3.0
68.25,5.0
68.26,2.0
68.27,2.0
68.28,2.0
68.29,4.0
68.3,8.0
68.31,5.0
68.32,3.0
68.33,5.0
68.34,1.0
68.35,2.0
68.36,3.0
68.37,5.0
68.38,3.0
68.39,2.0
68.4,5.0
68.41,2.0
68.42,4.0
68.43,3.0
68.44,2.0
68.45,5.0
68.46,4.0
68.47,3.0
68.48,4.0
68.49,4.0
68.5,2.0
68.51,5.0
68.52,3.0
68.53,4.0
68.54,4.0
68.55,3.0
68.56,2.0
68.57,9.0
68.58,3.0
68.59,2.0
68.6,3.0
68.61,5.0
68.62,1.0
68.63,4.0
68.64,4.0
68.65,4.0
68.66,6.0
68.67,2.0
68.68,3.0
68.69,5.0
68.7,5.0
68.71,1.0
68.72,3.0
68.73,4.0
68.74,1.0
68.75,6.0
68.76,3.0
68.77,3.0
68.78,3.0
68.79,2.0
68.8,3.0
68.81,3.0
68.82,10.0
68.83,3.0
68.84,2.0
68.85,1.0
68.86,1.0
68.87,2.0
68.88,5.0
68.89,5.0
68.9,3.0
68.91,5.0
68.92,4.0
68.93,2.0
68.94,4.0
68.95,3.0
68.96,2.0
68.97,4.0
68.98,3.0
68.99,3.0
69.0,9.0
69.01,1.0
69.02,2.0
69.03,6.0
69.04,3.0
69.05,4.0
69.06,3.0
69.07,4.0
69.08,2.0
69.09,4.0
69.1,1.0
69.11,2.0
69.12,6.0
69.13,4.0
69.14,1.0
69.15,4.0
69.16,2.0
69.17,6.0
69.18,2.0
69.19,5.0
69.2,5.0
69.21,1.0
69.22,2.0
69.23,4.0
69.24,5.0
69.25,4.0
69.26,1.0
69.27,2.0
69.28,3.0
69.3,5.0
69.31,5.0
69.32,3.0
69.33,1.0
69.34,5.0
69.35,2.0
69.36,1.0
69.37,5.0
69.38,4.0
69.39,4.0
69.4,2.0
69.41,5.0
69.42,3.0
69.43,3.0
69.44,5.0
69.45,1.0
69.46,3.0
69.47,1.0
69.49,3.0
69.5,4.0
69.51,4.0
69.52,3.0
69.53,4.0
69.54,1.0
69.55,1.0
69.56,3.0
69.57,3.0
69.58,4.0
69.59,1.0
69.6,1.0
69.61,5.0
69.62,1.0
69.63,3.0
69.64,4.0
69.65,5.0
69.66,1.0
69.67,3.0
69.68,2.0
69.69,3.0
69.7,2.0
69.71,3.0
69.72,3.0
69.73,2.0
69.74,5.0
69.75,2.0
69.77,3.0
69.78,4.0
69.79,6.0
69.8,3.0
69.81,5.0
69.82,5.0
69.83,3.0
69.84,6.0
69.85,4.0
69.86,3.0
69.87,7.0
69.88,4.0
69.89,3.0
69.9,1.0
69.91,3.0
69.92,2.0
69.93,3.0
69.94,5.0
69.95,6.0
69.96,3.0
69.97,2.0
69.98,1.0
69.99,4.0
70.0,3.0
70.01,3.0
70.02,4.0
70.03,3.0
70.04,2.0
70.05,1.0
70.06,9.0
70.07,6.0
70.08,5.0
70.09,2.0
70.1,2.0
70.11,2.0
70.12,5.0
70.13,5.0
70.14,6.0
70.15,9.0
70.16,2.0
70.17,3.0
70.18,3.0
70.19,5.0
70.2,6.0
70.21,4.0
70.22,3.0
70.23,3.0
70.24,6.0
70.25,2.0
70.26,3.0
70.27,3.0
70.28,3.0
70.29,5.0
70.3,4.0
70.31,6.0
70.32,4.0
70.33,3.0
70.34,1.0
70.35,6.0
70.36,3.0
70.37,4.0
70.38,3.0
70.39,1.0
70.4,6.0
70.41,3.0
70.42,3.0
70.43,7.0
70.44,1.0
70.45,3.0
70.46,2.0
70.47,1.0
70.48,3.0
70.49,5.0
70.5,3.0
70.51,2.0
70.52,3.0
70.53,2.0
70.54,2.0
70.55,1.0
70.56,3.0
70.57,3.0
70.58,1.0
70.59,1.0
70.6,6.0
70.61,8.0
70.62,2.0
70.63,1.0
70.64,2.0
70.66,3.0
70.67,2.0
70.68,7.0
70.69,5.0
70.7,1.0
70.71,3.0
70.72,2.0
70.73,7.0
70.74,4.0
70.75,3.0
70.76,3.0
70.77,3.0
70.78,3.0
70.79,1.0
70.8,3.0
70.81,5.0
70.82,2.0
70.83,6.0
70.84,5.0
70.85,4.0
70.86,4.0
70.87,1.0
70.88,2.0
70.89,3.0
70.9,1.0
70.91,3.0
70.92,2.0
70.93,5.0
70.94,2.0
70.95,2.0
70.96,2.0
70.97,7.0
70.99,7.0
71.0,3.0
71.01,3.0
71.02,3.0
71.03,3.0
71.04,5.0
71.05,4.0
71.06,6.0
71.07,3.0
71.08,1.0
71.09,3.0
71.1,2.0
71.11,2.0
71.12,5.0
71.13,3.0
71.14,1.0
71.15,5.0
71.16,3.0
71.17,10.0
71.18,1.0
71.19,3.0
71.2,5.0
71.21,4.0
71.22,7.0
71.23,2.0
71.24,2.0
71.25,2.0
71.26,6.0
71.27,4.0
71.28,5.0
71.3,3.0
71.31,5.0
71.32,1.0
71.33,3.0
71.34,1.0
71.35,5.0
71.36,5.0
71.37,5.0
71.39,2.0
71.4,4.0
71.41,5.0
71.42,3.0
71.43,2.0
71.44,6.0
71.45,4.0
71.46,1.0
71.47,1.0
71.48,3.0
71.49,1.0
71.5,3.0
71.51,3.0
71.52,4.0
71.53,5.0
71.54,4.0
71.55,2.0
71.56,4.0
71.58,5.0
71.59,4.0
71.6,2.0
71.61,5.0
71.62,6.0
71.63,3.0
71.64,1.0
71.65,2.0
71.66,4.0
71.67,3.0
71.68,4.0
71.69,2.0
71.7,3.0
71.72,4.0
71.73,3.0
71.74,3.0
71.75,2.0
71.76,5.0
71.77,2.0
71.78,3.0
71.79,4.0
71.8,6.0
71.81,6.0
71.82,2.0
71.83,2.0
71.84,7.0
71.86,2.0
71.87,7.0
71.88,5.0
71.89,1.0
71.9,3.0
71.91,5.0
71.92,3.0
71.93,2.0
71.94,2.0
71.95,3.0
71.96,1.0
71.97,2.0
71.98,2.0
71.99,4.0
72.0,8.0
72.01,6.0
72.02,3.0
72.03,1.0
72.04,2.0
72.05,2.0
72.06,2.0
72.07,8.0
72.08,3.0
72.1,3.0
72.11,3.0
72.12,4.0
72.13,4.0
72.14,2.0
72.15,5.0
72.16,2.0
72.17,2.0
72.18,1.0
72.19,6.0
72.2,1.0
72.21,3.0
72.22,2.0
72.23,2.0
72.24,1.0
72.25,2.0
72.26,9.0
72.27,3.0
72.28,1.0
72.29,3.0
72.3,6.0
72.31,1.0
72.32,6.0
72.33,2.0
72.34,3.0
72.35,4.0
72.36,2.0
72.37,3.0
72.38,1.0
72.39,7.0
72.4,1.0
72.41,2.0
72.42,4.0
72.43,5.0
72.44,5.0
72.45,4.0
72.46,5.0
72.48,2.0
72.49,2.0
72.51,5.0
72.52,2.0
72.53,1.0
72.54,2.0
72.55,7.0
72.56,4.0
72.57,3.0
72.58,1.0
72.59,1.0
72.6,3.0
72.61,1.0
72.62,3.0
72.63,3.0
72.64,4.0
72.65,4.0
72.66,1.0
72.67,3.0
72.68,7.0
72.69,1.0
72.7,1.0
72.71,1.0
72.72,2.0
72.73,3.0
72.74,1.0
72.75,1.0
72.76,4.0
72.77,4.0
72.78,6.0
72.79,1.0
72.8,2.0
72.81,4.0
72.83,4.0
72.84,4.0
72.85,5.0
72.86,3.0
72.87,2.0
72.88,4.0
72.89,7.0
72.9,2.0
72.91,4.0
72.92,3.0
72.93,2.0
72.94,2.0
72.95,4.0
72.96,4.0
72.97,2.0
72.98,5.0
72.99,2.0
73.0,4.0
73.01,1.0
73.02,5.0
73.03,3.0
73.04,3.0
73.05,3.0
73.06,2.0
73.08,2.0
73.09,2.0
73.11,1.0
73.12,3.0
73.13,8.0
73.14,5.0
73.15,2.0
73.16,3.0
73.17,6.0
73.18,2.0
73.19,1.0
73.2,2.0
73.21,7.0
73.22,4.0
73.24,3.0
73.25,3.0
73.26,2.0
73.27,1.0
73.28,2.0
73.29,2.0
73.3,3.0
73.31,1.0
73.32,1.0
73.33,3.0
73.36,2.0
73.37,1.0
73.38,2.0
73.39,1.0
73.4,3.0
73.41,1.0
73.42,2.0
73.43,3.0
73.44,4.0
73.45,2.0
73.46,2.0
73.47,3.0
73.48,3.0
73.49,2.0
73.51,2.0
73.53,3.0
73.54,4.0
73.55,2.0
73.57,1.0
73.59,3.0
73.61,4.0
73.63,3.0
73.64,1.0
73.65,1.0
73.66,4.0
73.67,3.0
73.68,1.0
73.69,2.0
73.7,4.0
73.71,5.0
73.72,2.0
73.73,6.0
73.74,2.0
73.75,2.0
73.76,2.0
73.77,4.0
73.78,2.0
73.79,2.0
73.8,1.0
73.81,3.0
73.82,2.0
73.83,2.0
73.84,2.0
73.85,2.0
73.86,2.0
73.87,1.0
73.89,1.0
73.91,1.0
73.92,2.0
73.93,3.0
73.94,3.0
73.95,2.0
73.96,1.0
73.97,3.0
73.98,2.0
73.99,1.0
74.0,3.0
74.01,1.0
74.02,1.0
74.03,2.0
74.04,3.0
74.05,3.0
74.06,2.0
74.07,1.0
74.08,2.0
74.09,2.0
74.1,1.0
74.11,2.0
74.12,1.0
74.13,2.0
74.15,1.0
74.16,1.0
74.17,3.0
74.18,1.0
74.19,3.0
74.2,2.0
74.21,3.0
74.23,1.0
74.24,2.0
74.25,1.0
74.26,1.0
74.28,2.0
74.29,5.0
74.3,1.0
74.31,1.0
74.32,1.0
74.33,2.0
74.34,2.0
74.37,2.0
74.38,1.0
74.39,3.0
74.4,2.0
74.41,2.0
74.43,3.0
74.44,3.0
74.46,1.0
74.47,2.0
74.48,2.0
74.49,1.0
74.5,1.0
74.52,2.0
74.53,3.0
74.55,3.0
74.56,1.0
74.57,1.0
74.58,1.0
74.6,2.0
74.61,3.0
74.62,1.0
74.63,1.0
74.64,1.0
74.65,2.0
74.67,1.0
74.69,1.0
74.7,2.0
74.71,1.0
74.72,2.0
74.74,2.0
74.77,2.0
74.78,2.0
74.79,3.0
74.8,1.0
74.81,4.0
74.82,2.0
74.83,2.0
74.86,1.0
74.87,2.0
74.91,1.0
74.92,3.0
74.93,1.0
74.94,1.0
74.95,4.0
74.96,1.0
74.98,1.0
74.99,3.0
75.03,1.0
75.04,1.0
75.05,2.0
75.06,1.0
75.07,1.0
75.08,1.0
75.09,1.0
75.1,2.0
75.11,1.0
75.12,2.0
75.13,1.0
75.14,1.0
75.15,1.0
75.17,1.0
75.18,2.0
75.19,1.0
75.2,1.0
75.21,2.0
75.24,2.0
75.27,1.0
75.28,2.0
75.29,1.0
75.3,3.0
75.32,1.0
75.33,1.0
75.38,1.0
75.39,1.0
75.4,1.0
75.44,1.0
75.45,1.0
75.46,1.0
75.48,2.0
75.49,1.0
75.51,2.0
75.54,2.0
75.55,1.0
75.56,2.0
75.58,1.0
75.59,1.0
75.61,2.0
75.63,1.0
75.65,1.0
75.66,2.0
75.67,1.0
75.72,1.0
75.73,2.0
75.78,1.0
75.79,1.0
75.8,1.0
75.81,1.0
75.82,1.0
75.83,4.0
75.85,1.0
75.89,1.0
75.91,1.0
75.92,1.0
75.93,1.0
75.95,1.0
76.02,1.0
76.08,1.0
76.09,1.0
76.1,2.0
76.11,1.0
76.15,1.0
76.18,1.0
76.21,1.0
76.22,1.0
76.24,1.0
76.29,1.0
76.3,1.0
76.31,1.0
76.36,1.0
76.38,1.0
76.41,1.0
76.45,2.0
76.48,1.0
76.5,1.0
76.57,1.0
76.62,1.0
76.73,2.0
76.74,1.0
76.79,1.0
76.96,1.0
76.97,1.0
77.16,1.0
77.42,1.0
77.83,1.0
77.93,1.0

