seq_score,occurence
39.51,1.0
44.97,1.0
45.48,1.0
45.5,1.0
45.73,1.0
45.78,1.0
46.32,1.0
46.57,1.0
47.31,1.0
47.51,1.0
47.52,1.0
47.77,1.0
47.88,1.0
47.9,1.0
48.23,1.0
48.29,1.0
48.56,1.0
48.57,1.0
48.66,1.0
48.81,1.0
48.91,2.0
49.0,1.0
49.04,1.0
49.07,1.0
49.08,1.0
49.15,2.0
49.25,1.0
49.27,1.0
49.29,1.0
49.33,1.0
49.34,1.0
49.35,1.0
49.48,1.0
49.58,1.0
49.68,1.0
49.7,2.0
49.77,1.0
49.78,1.0
49.8,1.0
49.81,1.0
49.86,1.0
49.87,1.0
49.88,2.0
49.9,2.0
49.94,1.0
49.96,1.0
49.97,2.0
50.03,1.0
50.08,1.0
50.11,1.0
50.16,1.0
50.17,1.0
50.24,1.0
50.3,1.0
50.31,1.0
50.32,1.0
50.35,3.0
50.37,1.0
50.42,1.0
50.43,1.0
50.46,1.0
50.47,1.0
50.49,1.0
50.5,1.0
50.52,1.0
50.54,1.0
50.57,1.0
50.6,1.0
50.66,1.0
50.72,1.0
50.73,1.0
50.77,1.0
50.8,1.0
50.82,1.0
50.83,2.0
50.84,1.0
50.92,1.0
50.96,1.0
50.98,1.0
51.02,1.0
51.03,1.0
51.04,1.0
51.06,1.0
51.11,2.0
51.13,1.0
51.19,1.0
51.21,1.0
51.23,2.0
51.25,1.0
51.32,1.0
51.36,1.0
51.37,1.0
51.45,1.0
51.47,2.0
51.52,2.0
51.54,2.0
51.55,1.0
51.57,1.0
51.58,1.0
51.59,1.0
51.69,2.0
51.71,1.0
51.72,1.0
51.79,1.0
51.8,1.0
51.81,1.0
51.82,1.0
51.84,1.0
51.89,1.0
51.9,1.0
51.93,1.0
51.96,1.0
51.98,1.0
52.0,1.0
52.01,2.0
52.02,1.0
52.04,1.0
52.05,1.0
52.06,2.0
52.07,1.0
52.08,2.0
52.09,1.0
52.15,1.0
52.16,1.0
52.22,2.0
52.24,4.0
52.28,1.0
52.29,2.0
52.31,1.0
52.32,1.0
52.33,1.0
52.35,1.0
52.36,1.0
52.39,1.0
52.42,1.0
52.44,1.0
52.46,1.0
52.47,1.0
52.48,1.0
52.49,1.0
52.5,1.0
52.53,2.0
52.55,1.0
52.56,1.0
52.58,1.0
52.59,1.0
52.6,1.0
52.63,1.0
52.65,1.0
52.67,2.0
52.68,1.0
52.72,1.0
52.74,1.0
52.75,2.0
52.76,1.0
52.79,2.0
52.8,1.0
52.81,2.0
52.82,1.0
52.83,4.0
52.89,3.0
52.92,1.0
52.93,1.0
52.95,2.0
52.97,2.0
52.98,1.0
52.99,1.0
53.0,2.0
53.01,1.0
53.02,2.0
53.04,1.0
53.05,1.0
53.07,1.0
53.08,1.0
53.1,1.0
53.11,1.0
53.12,1.0
53.14,2.0
53.15,2.0
53.18,1.0
53.2,2.0
53.21,1.0
53.24,2.0
53.25,1.0
53.26,1.0
53.27,2.0
53.28,1.0
53.29,3.0
53.3,1.0
53.34,3.0
53.38,1.0
53.39,2.0
53.4,1.0
53.41,1.0
53.43,3.0
53.45,1.0
53.47,1.0
53.49,2.0
53.5,2.0
53.53,1.0
53.55,2.0
53.58,1.0
53.59,1.0
53.6,5.0
53.61,2.0
53.64,1.0
53.65,2.0
53.66,3.0
53.68,3.0
53.69,3.0
53.7,1.0
53.72,2.0
53.74,1.0
53.75,1.0
53.76,2.0
53.77,2.0
53.81,2.0
53.82,2.0
53.83,1.0
53.84,1.0
53.88,1.0
53.92,1.0
53.93,1.0
53.94,1.0
53.95,1.0
53.97,1.0
54.01,1.0
54.02,1.0
54.03,1.0
54.05,1.0
54.07,1.0
54.08,1.0
54.11,1.0
54.12,3.0
54.14,1.0
54.15,1.0
54.16,4.0
54.17,1.0
54.2,1.0
54.22,1.0
54.23,1.0
54.25,1.0
54.26,1.0
54.27,1.0
54.28,2.0
54.29,2.0
54.3,1.0
54.31,1.0
54.32,2.0
54.34,1.0
54.35,2.0
54.36,3.0
54.37,1.0
54.39,1.0
54.4,1.0
54.41,2.0
54.42,1.0
54.43,2.0
54.44,3.0
54.45,1.0
54.46,4.0
54.47,2.0
54.48,1.0
54.49,3.0
54.5,1.0
54.51,1.0
54.52,2.0
54.53,2.0
54.55,1.0
54.57,1.0
54.58,1.0
54.59,4.0
54.6,2.0
54.61,2.0
54.62,2.0
54.63,2.0
54.65,2.0
54.67,1.0
54.68,1.0
54.69,2.0
54.71,1.0
54.72,2.0
54.75,2.0
54.78,1.0
54.79,2.0
54.8,2.0
54.82,3.0
54.83,2.0
54.84,1.0
54.86,1.0
54.87,2.0
54.91,2.0
54.92,4.0
54.94,5.0
54.95,2.0
54.97,2.0
55.0,1.0
55.01,3.0
55.02,1.0
55.05,1.0
55.06,1.0
55.07,1.0
55.08,3.0
55.1,2.0
55.11,1.0
55.13,4.0
55.14,3.0
55.15,2.0
55.16,2.0
55.17,2.0
55.18,3.0
55.19,2.0
55.21,1.0
55.22,1.0
55.23,3.0
55.24,2.0
55.25,4.0
55.26,2.0
55.27,3.0
55.28,1.0
55.29,1.0
55.31,1.0
55.32,1.0
55.33,1.0
55.34,2.0
55.38,2.0
55.39,1.0
55.4,4.0
55.41,1.0
55.42,1.0
55.43,1.0
55.45,2.0
55.46,2.0
55.48,3.0
55.49,3.0
55.5,2.0
55.51,2.0
55.52,2.0
55.53,1.0
55.54,2.0
55.55,1.0
55.56,2.0
55.57,2.0
55.58,1.0
55.59,2.0
55.6,2.0
55.61,1.0
55.62,1.0
55.64,3.0
55.65,3.0
55.66,2.0
55.69,1.0
55.7,1.0
55.71,2.0
55.72,2.0
55.73,2.0
55.74,2.0
55.76,2.0
55.77,5.0
55.78,1.0
55.79,3.0
55.8,3.0
55.81,1.0
55.82,3.0
55.84,2.0
55.85,2.0
55.86,4.0
55.87,5.0
55.9,3.0
55.91,1.0
55.92,1.0
55.93,1.0
55.95,1.0
55.96,4.0
55.97,1.0
55.99,1.0
56.0,2.0
56.01,1.0
56.02,1.0
56.04,1.0
56.05,2.0
56.06,1.0
56.07,1.0
56.08,3.0
56.1,4.0
56.11,4.0
56.12,1.0
56.13,3.0
56.14,3.0
56.15,3.0
56.17,1.0
56.19,2.0
56.21,2.0
56.22,1.0
56.23,2.0
56.24,1.0
56.25,1.0
56.27,1.0
56.28,1.0
56.29,2.0
56.3,3.0
56.31,4.0
56.32,2.0
56.33,4.0
56.34,4.0
56.35,3.0
56.36,2.0
56.37,2.0
56.38,5.0
56.39,2.0
56.4,1.0
56.41,2.0
56.42,1.0
56.46,6.0
56.48,2.0
56.5,3.0
56.51,1.0
56.52,2.0
56.53,2.0
56.54,2.0
56.55,4.0
56.56,5.0
56.57,6.0
56.59,2.0
56.6,1.0
56.61,3.0
56.63,1.0
56.64,3.0
56.65,2.0
56.66,1.0
56.67,4.0
56.68,1.0
56.69,3.0
56.71,3.0
56.72,1.0
56.73,2.0
56.74,1.0
56.75,2.0
56.76,1.0
56.77,1.0
56.78,5.0
56.79,4.0
56.8,3.0
56.81,2.0
56.82,2.0
56.83,1.0
56.84,1.0
56.85,3.0
56.86,2.0
56.87,1.0
56.88,1.0
56.89,3.0
56.9,1.0
56.91,2.0
56.92,1.0
56.93,1.0
56.94,2.0
56.95,2.0
56.96,3.0
56.97,2.0
56.98,3.0
56.99,2.0
57.0,3.0
57.01,4.0
57.02,1.0
57.03,4.0
57.04,2.0
57.05,2.0
57.06,4.0
57.07,1.0
57.09,1.0
57.1,1.0
57.11,1.0
57.12,1.0
57.13,1.0
57.14,2.0
57.15,5.0
57.16,4.0
57.17,2.0
57.18,3.0
57.2,4.0
57.21,1.0
57.22,3.0
57.23,2.0
57.24,3.0
57.25,1.0
57.26,5.0
57.27,2.0
57.28,1.0
57.29,2.0
57.3,1.0
57.31,4.0
57.32,4.0
57.33,1.0
57.34,4.0
57.35,5.0
57.36,4.0
57.37,1.0
57.38,3.0
57.39,1.0
57.4,1.0
57.41,3.0
57.42,2.0
57.43,2.0
57.44,3.0
57.45,2.0
57.46,2.0
57.47,1.0
57.48,1.0
57.49,4.0
57.5,4.0
57.51,2.0
57.52,2.0
57.53,1.0
57.54,5.0
57.55,1.0
57.56,3.0
57.57,2.0
57.58,2.0
57.59,4.0
57.6,1.0
57.61,3.0
57.62,1.0
57.63,1.0
57.64,5.0
57.65,5.0
57.66,4.0
57.67,2.0
57.69,5.0
57.7,1.0
57.71,2.0
57.72,6.0
57.73,5.0
57.74,5.0
57.75,4.0
57.76,3.0
57.77,4.0
57.78,6.0
57.8,8.0
57.81,2.0
57.82,1.0
57.83,1.0
57.84,4.0
57.85,2.0
57.86,3.0
57.87,4.0
57.88,1.0
57.89,1.0
57.9,1.0
57.91,4.0
57.92,4.0
57.93,2.0
57.94,3.0
57.95,7.0
57.96,2.0
57.97,1.0
57.98,4.0
57.99,3.0
58.0,3.0
58.01,2.0
58.02,2.0
58.03,1.0
58.04,2.0
58.05,3.0
58.06,7.0
58.07,6.0
58.08,4.0
58.09,2.0
58.1,3.0
58.11,4.0
58.12,4.0
58.13,2.0
58.14,2.0
58.15,1.0
58.17,2.0
58.18,1.0
58.19,1.0
58.2,3.0
58.21,3.0
58.23,5.0
58.24,3.0
58.25,4.0
58.26,6.0
58.27,3.0
58.28,4.0
58.29,1.0
58.3,2.0
58.31,2.0
58.32,4.0
58.33,1.0
58.34,4.0
58.35,3.0
58.36,3.0
58.37,5.0
58.38,2.0
58.39,1.0
58.4,7.0
58.41,3.0
58.42,3.0
58.43,5.0
58.44,1.0
58.45,3.0
58.46,4.0
58.47,4.0
58.48,2.0
58.49,1.0
58.5,4.0
58.52,6.0
58.53,1.0
58.54,3.0
58.55,2.0
58.56,5.0
58.57,3.0
58.58,5.0
58.6,3.0
58.61,3.0
58.62,2.0
58.63,3.0
58.64,4.0
58.65,6.0
58.66,5.0
58.67,3.0
58.68,3.0
58.69,1.0
58.7,3.0
58.71,5.0
58.72,3.0
58.73,2.0
58.74,3.0
58.75,4.0
58.76,5.0
58.77,3.0
58.78,2.0
58.79,4.0
58.8,3.0
58.81,6.0
58.82,6.0
58.83,2.0
58.84,3.0
58.85,7.0
58.86,2.0
58.87,3.0
58.88,3.0
58.89,5.0
58.9,6.0
58.91,1.0
58.92,4.0
58.93,4.0
58.94,5.0
58.95,5.0
58.96,8.0
58.97,3.0
58.98,1.0
58.99,5.0
59.0,4.0
59.02,2.0
59.03,2.0
59.04,5.0
59.05,3.0
59.06,2.0
59.07,4.0
59.08,7.0
59.09,8.0
59.1,2.0
59.11,3.0
59.12,2.0
59.13,2.0
59.14,2.0
59.15,3.0
59.16,3.0
59.17,3.0
59.18,2.0
59.19,6.0
59.2,6.0
59.21,2.0
59.22,6.0
59.23,4.0
59.24,3.0
59.25,9.0
59.26,8.0
59.27,4.0
59.28,1.0
59.29,3.0
59.3,3.0
59.31,6.0
59.32,5.0
59.33,1.0
59.34,2.0
59.35,3.0
59.36,2.0
59.37,9.0
59.38,3.0
59.39,4.0
59.4,2.0
59.41,2.0
59.42,6.0
59.43,1.0
59.44,5.0
59.45,6.0
59.46,5.0
59.47,5.0
59.48,3.0
59.49,4.0
59.5,2.0
59.51,5.0
59.52,4.0
59.53,5.0
59.54,8.0
59.55,6.0
59.56,5.0
59.57,7.0
59.58,7.0
59.59,7.0
59.6,2.0
59.61,4.0
59.62,5.0
59.63,5.0
59.64,5.0
59.65,8.0
59.66,4.0
59.67,2.0
59.68,4.0
59.69,7.0
59.7,1.0
59.71,7.0
59.72,2.0
59.73,6.0
59.74,3.0
59.75,3.0
59.76,4.0
59.77,6.0
59.78,5.0
59.79,6.0
59.8,7.0
59.81,8.0
59.82,7.0
59.83,4.0
59.84,4.0
59.85,7.0
59.86,5.0
59.87,3.0
59.88,5.0
59.89,6.0
59.9,4.0
59.91,4.0
59.92,6.0
59.93,5.0
59.94,8.0
59.95,2.0
59.96,6.0
59.97,5.0
59.98,9.0
59.99,7.0
60.0,1.0
60.01,8.0
60.02,2.0
60.03,5.0
60.04,4.0
60.05,8.0
60.06,2.0
60.07,5.0
60.08,3.0
60.09,7.0
60.1,2.0
60.11,5.0
60.12,7.0
60.13,6.0
60.14,2.0
60.15,4.0
60.16,3.0
60.17,9.0
60.18,2.0
60.19,6.0
60.2,8.0
60.21,6.0
60.22,11.0
60.23,5.0
60.24,4.0
60.25,5.0
60.26,3.0
60.27,4.0
60.28,3.0
60.29,3.0
60.3,8.0
60.31,9.0
60.32,4.0
60.33,5.0
60.34,4.0
60.35,5.0
60.36,9.0
60.37,3.0
60.38,5.0
60.39,3.0
60.4,6.0
60.41,3.0
60.42,3.0
60.43,10.0
60.44,7.0
60.45,3.0
60.46,5.0
60.47,9.0
60.48,2.0
60.49,6.0
60.5,7.0
60.51,6.0
60.52,2.0
60.53,5.0
60.54,3.0
60.55,1.0
60.56,4.0
60.57,8.0
60.58,7.0
60.59,8.0
60.6,1.0
60.61,4.0
60.62,7.0
60.63,5.0
60.64,4.0
60.65,2.0
60.66,6.0
60.67,4.0
60.68,8.0
60.69,4.0
60.7,5.0
60.71,11.0
60.72,2.0
60.73,4.0
60.74,6.0
60.75,6.0
60.76,10.0
60.77,10.0
60.78,3.0
60.79,4.0
60.8,9.0
60.81,13.0
60.82,5.0
60.83,5.0
60.84,4.0
60.85,5.0
60.86,4.0
60.87,5.0
60.88,10.0
60.89,6.0
60.9,5.0
60.91,8.0
60.92,8.0
60.93,3.0
60.94,3.0
60.95,6.0
60.96,6.0
60.97,6.0
60.98,6.0
60.99,8.0
61.0,5.0
61.01,5.0
61.02,11.0
61.03,4.0
61.04,9.0
61.05,7.0
61.06,7.0
61.07,13.0
61.08,5.0
61.09,9.0
61.1,5.0
61.11,7.0
61.12,5.0
61.13,8.0
61.14,4.0
61.15,3.0
61.16,6.0
61.17,9.0
61.18,7.0
61.19,4.0
61.2,8.0
61.21,4.0
61.22,2.0
61.23,5.0
61.24,6.0
61.25,5.0
61.26,6.0
61.27,8.0
61.28,4.0
61.29,8.0
61.3,10.0
61.31,8.0
61.32,4.0
61.33,4.0
61.34,11.0
61.35,6.0
61.36,3.0
61.37,7.0
61.38,6.0
61.39,5.0
61.4,4.0
61.41,7.0
61.42,6.0
61.43,6.0
61.44,11.0
61.45,6.0
61.46,11.0
61.47,15.0
61.48,10.0
61.49,3.0
61.5,4.0
61.51,7.0
61.52,8.0
61.53,5.0
61.54,5.0
61.55,10.0
61.56,6.0
61.57,2.0
61.58,11.0
61.59,5.0
61.6,13.0
61.61,6.0
61.62,7.0
61.63,12.0
61.64,2.0
61.65,14.0
61.66,8.0
61.67,12.0
61.68,3.0
61.69,5.0
61.7,10.0
61.71,7.0
61.72,5.0
61.73,8.0
61.74,5.0
61.75,6.0
61.76,10.0
61.77,3.0
61.78,8.0
61.79,7.0
61.8,6.0
61.81,12.0
61.82,8.0
61.83,4.0
61.84,6.0
61.85,8.0
61.86,12.0
61.87,3.0
61.88,7.0
61.89,9.0
61.9,6.0
61.91,5.0
61.92,9.0
61.93,8.0
61.94,7.0
61.95,2.0
61.96,10.0
61.97,9.0
61.98,2.0
61.99,7.0
62.0,7.0
62.01,10.0
62.02,4.0
62.03,7.0
62.04,3.0
62.05,8.0
62.06,18.0
62.07,7.0
62.08,10.0
62.09,9.0
62.1,3.0
62.11,9.0
62.12,9.0
62.13,5.0
62.14,7.0
62.15,6.0
62.16,7.0
62.17,9.0
62.18,7.0
62.19,4.0
62.2,9.0
62.21,7.0
62.22,9.0
62.23,7.0
62.24,11.0
62.25,12.0
62.26,5.0
62.27,10.0
62.28,9.0
62.29,13.0
62.3,7.0
62.31,16.0
62.32,7.0
62.33,7.0
62.34,11.0
62.35,10.0
62.36,11.0
62.37,8.0
62.38,8.0
62.39,9.0
62.4,9.0
62.41,9.0
62.42,11.0
62.43,10.0
62.44,5.0
62.45,8.0
62.46,13.0
62.47,14.0
62.48,9.0
62.49,10.0
62.5,8.0
62.51,10.0
62.52,9.0
62.53,7.0
62.54,9.0
62.55,11.0
62.56,7.0
62.57,17.0
62.58,8.0
62.59,19.0
62.6,6.0
62.61,13.0
62.62,10.0
62.63,4.0
62.64,9.0
62.65,9.0
62.66,18.0
62.67,12.0
62.68,3.0
62.69,15.0
62.7,9.0
62.71,9.0
62.72,9.0
62.73,13.0
62.74,7.0
62.75,5.0
62.76,7.0
62.77,10.0
62.78,15.0
62.79,9.0
62.8,8.0
62.81,14.0
62.82,11.0
62.83,8.0
62.84,10.0
62.85,9.0
62.86,11.0
62.87,14.0
62.88,12.0
62.89,7.0
62.9,8.0
62.91,12.0
62.92,9.0
62.93,12.0
62.94,6.0
62.95,8.0
62.96,11.0
62.97,8.0
62.98,8.0
62.99,13.0
63.0,5.0
63.01,17.0
63.02,8.0
63.03,13.0
63.04,10.0
63.05,9.0
63.06,9.0
63.07,10.0
63.08,10.0
63.09,7.0
63.1,6.0
63.11,11.0
63.12,14.0
63.13,12.0
63.14,13.0
63.15,4.0
63.16,9.0
63.17,12.0
63.18,4.0
63.19,11.0
63.2,10.0
63.21,6.0
63.22,12.0
63.23,9.0
63.24,8.0
63.25,10.0
63.26,8.0
63.27,10.0
63.28,10.0
63.29,15.0
63.3,7.0
63.31,9.0
63.32,8.0
63.33,13.0
63.34,10.0
63.35,9.0
63.36,14.0
63.37,9.0
63.38,8.0
63.39,8.0
63.4,9.0
63.41,10.0
63.42,17.0
63.43,8.0
63.44,10.0
63.45,11.0
63.46,6.0
63.47,6.0
63.48,8.0
63.49,10.0
63.5,6.0
63.51,8.0
63.52,10.0
63.53,10.0
63.54,4.0
63.55,6.0
63.56,10.0
63.57,8.0
63.58,9.0
63.59,11.0
63.6,10.0
63.61,9.0
63.62,11.0
63.63,8.0
63.64,10.0
63.65,18.0
63.66,8.0
63.67,11.0
63.68,5.0
63.69,11.0
63.7,4.0
63.71,9.0
63.72,12.0
63.73,13.0
63.74,10.0
63.75,17.0
63.76,9.0
63.77,8.0
63.78,4.0
63.79,12.0
63.8,6.0
63.81,15.0
63.82,8.0
63.83,10.0
63.84,6.0
63.85,11.0
63.86,13.0
63.87,11.0
63.88,19.0
63.89,7.0
63.9,10.0
63.91,12.0
63.92,10.0
63.93,12.0
63.94,8.0
63.95,8.0
63.96,18.0
63.97,10.0
63.98,14.0
63.99,12.0
64.0,9.0
64.01,13.0
64.02,6.0
64.03,6.0
64.04,6.0
64.05,8.0
64.06,10.0
64.07,9.0
64.08,7.0
64.09,8.0
64.1,14.0
64.11,10.0
64.12,10.0
64.13,7.0
64.14,13.0
64.15,9.0
64.16,5.0
64.17,7.0
64.18,12.0
64.19,13.0
64.2,12.0
64.21,11.0
64.22,11.0
64.23,9.0
64.24,7.0
64.25,9.0
64.26,16.0
64.27,6.0
64.28,10.0
64.29,11.0
64.3,10.0
64.31,16.0
64.32,4.0
64.33,6.0
64.34,11.0
64.35,14.0
64.36,6.0
64.37,6.0
64.38,13.0
64.39,20.0
64.4,13.0
64.41,9.0
64.42,16.0
64.43,14.0
64.44,11.0
64.45,14.0
64.46,11.0
64.47,9.0
64.48,15.0
64.49,16.0
64.5,12.0
64.51,16.0
64.52,11.0
64.53,15.0
64.54,19.0
64.55,10.0
64.56,6.0
64.57,12.0
64.58,8.0
64.59,9.0
64.6,13.0
64.61,11.0
64.62,8.0
64.63,10.0
64.64,9.0
64.65,14.0
64.66,17.0
64.67,7.0
64.68,15.0
64.69,10.0
64.7,10.0
64.71,6.0
64.72,17.0
64.73,17.0
64.74,12.0
64.75,17.0
64.76,12.0
64.77,19.0
64.78,14.0
64.79,4.0
64.8,18.0
64.81,16.0
64.82,12.0
64.83,12.0
64.84,15.0
64.85,14.0
64.86,8.0
64.87,13.0
64.88,11.0
64.89,15.0
64.9,10.0
64.91,7.0
64.92,10.0
64.93,12.0
64.94,13.0
64.95,11.0
64.96,17.0
64.97,12.0
64.98,7.0
64.99,14.0
65.0,8.0
65.01,10.0
65.02,11.0
65.03,12.0
65.04,15.0
65.05,13.0
65.06,11.0
65.07,12.0
65.08,13.0
65.09,10.0
65.1,14.0
65.11,7.0
65.12,9.0
65.13,10.0
65.14,18.0
65.15,10.0
65.16,11.0
65.17,13.0
65.18,14.0
65.19,7.0
65.2,5.0
65.21,11.0
65.22,21.0
65.23,10.0
65.24,16.0
65.25,15.0
65.26,12.0
65.27,16.0
65.28,8.0
65.29,20.0
65.3,17.0
65.31,11.0
65.32,7.0
65.33,7.0
65.34,12.0
65.35,13.0
65.36,15.0
65.37,15.0
65.38,15.0
65.39,12.0
65.4,9.0
65.41,13.0
65.42,11.0
65.43,15.0
65.44,11.0
65.45,12.0
65.46,17.0
65.47,14.0
65.48,13.0
65.49,18.0
65.5,13.0
65.51,16.0
65.52,11.0
65.53,13.0
65.54,18.0
65.55,14.0
65.56,16.0
65.57,11.0
65.58,6.0
65.59,11.0
65.6,7.0
65.61,18.0
65.62,21.0
65.63,12.0
65.64,13.0
65.65,14.0
65.66,12.0
65.67,12.0
65.68,16.0
65.69,12.0
65.7,11.0
65.71,17.0
65.72,16.0
65.73,12.0
65.74,18.0
65.75,20.0
65.76,7.0
65.77,11.0
65.78,14.0
65.79,17.0
65.8,14.0
65.81,18.0
65.82,21.0
65.83,14.0
65.84,15.0
65.85,11.0
65.86,24.0
65.87,10.0
65.88,19.0
65.89,16.0
65.9,16.0
65.91,16.0
65.92,17.0
65.93,15.0
65.94,14.0
65.95,11.0
65.96,15.0
65.97,7.0
65.98,16.0
65.99,13.0
66.0,11.0
66.01,18.0
66.02,14.0
66.03,14.0
66.04,7.0
66.05,20.0
66.06,14.0
66.07,15.0
66.08,11.0
66.09,5.0
66.1,7.0
66.11,9.0
66.12,14.0
66.13,13.0
66.14,19.0
66.15,10.0
66.16,11.0
66.17,11.0
66.18,13.0
66.19,11.0
66.2,13.0
66.21,8.0
66.22,13.0
66.23,14.0
66.24,8.0
66.25,13.0
66.26,9.0
66.27,13.0
66.28,16.0
66.29,9.0
66.3,10.0
66.31,15.0
66.32,16.0
66.33,12.0
66.34,10.0
66.35,16.0
66.36,13.0
66.37,8.0
66.38,13.0
66.39,19.0
66.4,11.0
66.41,16.0
66.42,17.0
66.43,8.0
66.44,12.0
66.45,12.0
66.46,15.0
66.47,15.0
66.48,15.0
66.49,13.0
66.5,12.0
66.51,9.0
66.52,12.0
66.53,9.0
66.54,13.0
66.55,14.0
66.56,11.0
66.57,14.0
66.58,19.0
66.59,13.0
66.6,10.0
66.61,9.0
66.62,11.0
66.63,12.0
66.64,13.0
66.65,17.0
66.66,14.0
66.67,12.0
66.68,10.0
66.69,15.0
66.7,10.0
66.71,16.0
66.72,20.0
66.73,10.0
66.74,14.0
66.75,8.0
66.76,18.0
66.77,6.0
66.78,13.0
66.79,14.0
66.8,13.0
66.81,18.0
66.82,25.0
66.83,8.0
66.84,21.0
66.85,15.0
66.86,19.0
66.87,15.0
66.88,21.0
66.89,12.0
66.9,14.0
66.91,14.0
66.92,19.0
66.93,14.0
66.94,15.0
66.95,12.0
66.96,17.0
66.97,16.0
66.98,10.0
66.99,14.0
67.0,17.0
67.01,14.0
67.02,20.0
67.03,6.0
67.04,23.0
67.05,18.0
67.06,12.0
67.07,13.0
67.08,16.0
67.09,14.0
67.1,13.0
67.11,21.0
67.12,17.0
67.13,15.0
67.14,18.0
67.15,14.0
67.16,17.0
67.17,11.0
67.18,15.0
67.19,16.0
67.2,11.0
67.21,9.0
67.22,16.0
67.23,13.0
67.24,15.0
67.25,19.0
67.26,22.0
67.27,17.0
67.28,16.0
67.29,17.0
67.3,18.0
67.31,20.0
67.32,15.0
67.33,10.0
67.34,19.0
67.35,24.0
67.36,19.0
67.37,10.0
67.38,11.0
67.39,13.0
67.4,16.0
67.41,14.0
67.42,13.0
67.43,18.0
67.44,9.0
67.45,23.0
67.46,12.0
67.47,15.0
67.48,17.0
67.49,19.0
67.5,20.0
67.51,12.0
67.52,15.0
67.53,14.0
67.54,13.0
67.55,11.0
67.56,9.0
67.57,17.0
67.58,18.0
67.59,12.0
67.6,14.0
67.61,19.0
67.62,16.0
67.63,10.0
67.64,22.0
67.65,17.0
67.66,13.0
67.67,16.0
67.68,14.0
67.69,8.0
67.7,17.0
67.71,15.0
67.72,18.0
67.73,18.0
67.74,15.0
67.75,14.0
67.76,15.0
67.77,19.0
67.78,7.0
67.79,15.0
67.8,16.0
67.81,14.0
67.82,17.0
67.83,10.0
67.84,21.0
67.85,21.0
67.86,15.0
67.87,14.0
67.88,14.0
67.89,13.0
67.9,23.0
67.91,13.0
67.92,9.0
67.93,7.0
67.94,15.0
67.95,20.0
67.96,15.0
67.97,16.0
67.98,10.0
67.99,14.0
68.0,19.0
68.01,18.0
68.02,19.0
68.03,19.0
68.04,15.0
68.05,17.0
68.06,11.0
68.07,16.0
68.08,16.0
68.09,18.0
68.1,18.0
68.11,14.0
68.12,22.0
68.13,21.0
68.14,7.0
68.15,10.0
68.16,21.0
68.17,13.0
68.18,13.0
68.19,16.0
68.2,17.0
68.21,14.0
68.22,12.0
68.23,21.0
68.24,17.0
68.25,13.0
68.26,12.0
68.27,19.0
68.28,16.0
68.29,15.0
68.3,17.0
68.31,13.0
68.32,16.0
68.33,10.0
68.34,15.0
68.35,18.0
68.36,8.0
68.37,12.0
68.38,12.0
68.39,14.0
68.4,10.0
68.41,13.0
68.42,7.0
68.43,14.0
68.44,17.0
68.45,19.0
68.46,19.0
68.47,10.0
68.48,21.0
68.49,11.0
68.5,12.0
68.51,17.0
68.52,14.0
68.53,17.0
68.54,15.0
68.55,14.0
68.56,21.0
68.57,16.0
68.58,12.0
68.59,14.0
68.6,17.0
68.61,15.0
68.62,7.0
68.63,17.0
68.64,8.0
68.65,14.0
68.66,9.0
68.67,12.0
68.68,7.0
68.69,15.0
68.7,11.0
68.71,16.0
68.72,13.0
68.73,20.0
68.74,17.0
68.75,13.0
68.76,10.0
68.77,20.0
68.78,11.0
68.79,14.0
68.8,13.0
68.81,21.0
68.82,7.0
68.83,21.0
68.84,11.0
68.85,14.0
68.86,16.0
68.87,15.0
68.88,11.0
68.89,15.0
68.9,11.0
68.91,13.0
68.92,18.0
68.93,16.0
68.94,10.0
68.95,11.0
68.96,14.0
68.97,9.0
68.98,15.0
68.99,10.0
69.0,10.0
69.01,12.0
69.02,9.0
69.03,20.0
69.04,16.0
69.05,16.0
69.06,18.0
69.07,14.0
69.08,17.0
69.09,14.0
69.1,13.0
69.11,15.0
69.12,17.0
69.13,11.0
69.14,13.0
69.15,17.0
69.16,18.0
69.17,17.0
69.18,25.0
69.19,13.0
69.2,6.0
69.21,8.0
69.22,11.0
69.23,16.0
69.24,11.0
69.25,11.0
69.26,12.0
69.27,8.0
69.28,11.0
69.29,14.0
69.3,23.0
69.31,15.0
69.32,13.0
69.33,17.0
69.34,10.0
69.35,12.0
69.36,15.0
69.37,12.0
69.38,17.0
69.39,18.0
69.4,10.0
69.41,14.0
69.42,23.0
69.43,17.0
69.44,13.0
69.45,15.0
69.46,24.0
69.47,14.0
69.48,15.0
69.49,15.0
69.5,13.0
69.51,19.0
69.52,11.0
69.53,14.0
69.54,19.0
69.55,14.0
69.56,20.0
69.57,9.0
69.58,16.0
69.59,16.0
69.6,24.0
69.61,13.0
69.62,18.0
69.63,12.0
69.64,14.0
69.65,11.0
69.66,15.0
69.67,11.0
69.68,14.0
69.69,19.0
69.7,10.0
69.71,15.0
69.72,12.0
69.73,17.0
69.74,10.0
69.75,12.0
69.76,8.0
69.77,13.0
69.78,15.0
69.79,10.0
69.8,12.0
69.81,15.0
69.82,20.0
69.83,16.0
69.84,12.0
69.85,15.0
69.86,14.0
69.87,7.0
69.88,15.0
69.89,17.0
69.9,14.0
69.91,14.0
69.92,11.0
69.93,8.0
69.94,16.0
69.95,19.0
69.96,13.0
69.97,15.0
69.98,14.0
69.99,16.0
70.0,10.0
70.01,11.0
70.02,14.0
70.03,14.0
70.04,12.0
70.05,21.0
70.06,19.0
70.07,16.0
70.08,14.0
70.09,12.0
70.1,12.0
70.11,19.0
70.12,9.0
70.13,14.0
70.14,11.0
70.15,14.0
70.16,16.0
70.17,15.0
70.18,16.0
70.19,16.0
70.2,13.0
70.21,17.0
70.22,13.0
70.23,15.0
70.24,16.0
70.25,16.0
70.26,16.0
70.27,13.0
70.28,9.0
70.29,16.0
70.3,15.0
70.31,13.0
70.32,11.0
70.33,15.0
70.34,11.0
70.35,12.0
70.36,9.0
70.37,10.0
70.38,11.0
70.39,16.0
70.4,13.0
70.41,17.0
70.42,14.0
70.43,10.0
70.44,7.0
70.45,8.0
70.46,13.0
70.47,14.0
70.48,13.0
70.49,22.0
70.5,17.0
70.51,18.0
70.52,27.0
70.53,16.0
70.54,16.0
70.55,14.0
70.56,7.0
70.57,19.0
70.58,12.0
70.59,14.0
70.6,13.0
70.61,11.0
70.62,7.0
70.63,8.0
70.64,22.0
70.65,16.0
70.66,14.0
70.67,10.0
70.68,11.0
70.69,5.0
70.7,19.0
70.71,13.0
70.72,15.0
70.73,13.0
70.74,21.0
70.75,10.0
70.76,9.0
70.77,9.0
70.78,13.0
70.79,17.0
70.8,9.0
70.81,14.0
70.82,8.0
70.83,9.0
70.84,15.0
70.85,12.0
70.86,7.0
70.87,6.0
70.88,15.0
70.89,13.0
70.9,13.0
70.91,9.0
70.92,8.0
70.93,9.0
70.94,8.0
70.95,17.0
70.96,17.0
70.97,12.0
70.98,10.0
70.99,9.0
71.0,14.0
71.01,13.0
71.02,10.0
71.03,13.0
71.04,10.0
71.05,14.0
71.06,13.0
71.07,6.0
71.08,14.0
71.09,9.0
71.1,13.0
71.11,18.0
71.12,12.0
71.13,10.0
71.14,14.0
71.15,9.0
71.16,18.0
71.17,11.0
71.18,10.0
71.19,9.0
71.2,16.0
71.21,12.0
71.22,12.0
71.23,9.0
71.24,12.0
71.25,12.0
71.26,7.0
71.27,7.0
71.28,14.0
71.29,7.0
71.3,9.0
71.31,5.0
71.32,13.0
71.33,14.0
71.34,9.0
71.35,11.0
71.36,9.0
71.37,11.0
71.38,18.0
71.39,13.0
71.4,19.0
71.41,12.0
71.42,10.0
71.43,11.0
71.44,11.0
71.45,17.0
71.46,10.0
71.47,8.0
71.48,15.0
71.49,3.0
71.5,14.0
71.51,10.0
71.52,9.0
71.53,16.0
71.54,13.0
71.55,4.0
71.56,8.0
71.57,14.0
71.58,10.0
71.59,12.0
71.6,13.0
71.61,17.0
71.62,16.0
71.63,9.0
71.64,11.0
71.65,11.0
71.66,10.0
71.67,7.0
71.68,12.0
71.69,12.0
71.7,11.0
71.71,13.0
71.72,13.0
71.73,9.0
71.74,16.0
71.75,15.0
71.76,2.0
71.77,8.0
71.78,15.0
71.79,9.0
71.8,10.0
71.81,13.0
71.82,7.0
71.83,6.0
71.84,8.0
71.85,8.0
71.86,10.0
71.87,9.0
71.88,11.0
71.89,9.0
71.9,4.0
71.91,12.0
71.92,10.0
71.93,15.0
71.94,10.0
71.95,11.0
71.96,7.0
71.97,5.0
71.98,10.0
71.99,5.0
72.0,12.0
72.01,15.0
72.02,6.0
72.03,11.0
72.04,4.0
72.05,3.0
72.06,4.0
72.07,9.0
72.08,10.0
72.09,9.0
72.1,12.0
72.11,12.0
72.12,12.0
72.13,10.0
72.14,14.0
72.15,9.0
72.16,9.0
72.17,5.0
72.18,13.0
72.19,9.0
72.2,7.0
72.21,9.0
72.22,11.0
72.23,5.0
72.24,8.0
72.25,11.0
72.26,13.0
72.27,10.0
72.28,11.0
72.29,7.0
72.3,10.0
72.31,10.0
72.32,12.0
72.33,4.0
72.34,13.0
72.35,9.0
72.36,7.0
72.37,6.0
72.38,13.0
72.39,8.0
72.4,11.0
72.41,9.0
72.42,7.0
72.43,6.0
72.44,10.0
72.45,10.0
72.46,6.0
72.47,12.0
72.48,5.0
72.49,13.0
72.5,7.0
72.51,4.0
72.52,12.0
72.53,13.0
72.54,15.0
72.55,13.0
72.56,9.0
72.57,13.0
72.58,13.0
72.59,9.0
72.6,11.0
72.61,4.0
72.62,10.0
72.63,11.0
72.64,7.0
72.65,12.0
72.66,9.0
72.67,7.0
72.68,8.0
72.69,5.0
72.7,13.0
72.71,4.0
72.72,8.0
72.73,7.0
72.74,9.0
72.75,9.0
72.76,9.0
72.77,13.0
72.78,9.0
72.79,6.0
72.8,1.0
72.81,6.0
72.82,10.0
72.83,5.0
72.84,8.0
72.85,11.0
72.86,8.0
72.87,5.0
72.88,6.0
72.89,6.0
72.9,10.0
72.91,8.0
72.92,8.0
72.93,6.0
72.94,4.0
72.95,9.0
72.96,6.0
72.97,7.0
72.98,6.0
72.99,10.0
73.0,12.0
73.01,7.0
73.02,10.0
73.03,6.0
73.04,7.0
73.05,8.0
73.06,9.0
73.07,8.0
73.08,7.0
73.09,9.0
73.1,12.0
73.11,7.0
73.12,8.0
73.13,5.0
73.14,6.0
73.15,7.0
73.16,6.0
73.17,6.0
73.18,6.0
73.19,5.0
73.2,7.0
73.21,9.0
73.22,7.0
73.23,9.0
73.24,8.0
73.25,9.0
73.26,7.0
73.27,5.0
73.28,5.0
73.29,4.0
73.3,7.0
73.31,7.0
73.32,6.0
73.33,4.0
73.34,8.0
73.35,4.0
73.36,4.0
73.37,5.0
73.38,8.0
73.39,6.0
73.4,3.0
73.41,5.0
73.42,8.0
73.43,8.0
73.44,9.0
73.45,4.0
73.46,5.0
73.47,6.0
73.48,9.0
73.49,5.0
73.5,2.0
73.51,11.0
73.52,6.0
73.53,2.0
73.54,7.0
73.55,10.0
73.56,6.0
73.57,8.0
73.58,4.0
73.59,6.0
73.6,4.0
73.61,8.0
73.62,6.0
73.63,8.0
73.64,9.0
73.65,4.0
73.66,6.0
73.67,2.0
73.68,10.0
73.69,7.0
73.7,7.0
73.71,3.0
73.72,4.0
73.73,2.0
73.74,7.0
73.75,6.0
73.76,7.0
73.77,2.0
73.78,8.0
73.79,5.0
73.8,7.0
73.81,3.0
73.82,7.0
73.83,8.0
73.84,3.0
73.85,7.0
73.86,3.0
73.87,7.0
73.88,6.0
73.89,7.0
73.9,5.0
73.91,8.0
73.92,6.0
73.93,2.0
73.94,4.0
73.95,8.0
73.96,2.0
73.97,7.0
73.98,7.0
73.99,5.0
74.0,7.0
74.01,8.0
74.02,6.0
74.03,8.0
74.04,4.0
74.05,4.0
74.06,7.0
74.07,4.0
74.08,8.0
74.09,6.0
74.1,6.0
74.11,5.0
74.12,9.0
74.13,5.0
74.14,3.0
74.15,2.0
74.16,5.0
74.17,6.0
74.18,5.0
74.19,10.0
74.2,6.0
74.21,3.0
74.22,3.0
74.23,9.0
74.24,4.0
74.25,4.0
74.26,4.0
74.27,6.0
74.28,5.0
74.29,6.0
74.3,4.0
74.31,5.0
74.32,5.0
74.33,9.0
74.34,5.0
74.35,4.0
74.36,1.0
74.37,5.0
74.38,4.0
74.39,2.0
74.4,2.0
74.41,6.0
74.42,8.0
74.43,4.0
74.44,5.0
74.45,6.0
74.46,3.0
74.47,4.0
74.48,4.0
74.49,2.0
74.5,4.0
74.51,4.0
74.52,3.0
74.53,7.0
74.54,3.0
74.55,1.0
74.56,4.0
74.57,4.0
74.58,4.0
74.59,1.0
74.6,3.0
74.61,3.0
74.62,7.0
74.63,7.0
74.64,1.0
74.65,2.0
74.66,3.0
74.67,5.0
74.68,2.0
74.69,6.0
74.7,4.0
74.71,1.0
74.72,3.0
74.73,3.0
74.74,4.0
74.75,6.0
74.76,6.0
74.77,2.0
74.78,3.0
74.79,3.0
74.8,7.0
74.81,6.0
74.83,3.0
74.84,3.0
74.85,5.0
74.86,4.0
74.87,4.0
74.88,2.0
74.89,3.0
74.9,4.0
74.91,7.0
74.92,2.0
74.93,3.0
74.94,2.0
74.95,6.0
74.96,3.0
74.97,5.0
74.98,6.0
74.99,4.0
75.01,2.0
75.02,6.0
75.03,4.0
75.04,5.0
75.05,3.0
75.06,3.0
75.07,2.0
75.08,2.0
75.09,5.0
75.1,1.0
75.11,1.0
75.12,4.0
75.14,4.0
75.15,2.0
75.16,2.0
75.17,4.0
75.18,3.0
75.19,2.0
75.2,5.0
75.21,4.0
75.22,3.0
75.23,5.0
75.24,1.0
75.25,3.0
75.26,2.0
75.27,5.0
75.29,3.0
75.3,3.0
75.31,7.0
75.32,1.0
75.33,4.0
75.34,2.0
75.35,3.0
75.37,3.0
75.38,1.0
75.4,4.0
75.41,2.0
75.42,2.0
75.43,1.0
75.44,4.0
75.45,3.0
75.46,3.0
75.47,1.0
75.49,1.0
75.5,1.0
75.51,1.0
75.52,2.0
75.53,2.0
75.54,2.0
75.55,3.0
75.56,3.0
75.57,2.0
75.58,1.0
75.6,2.0
75.61,2.0
75.62,2.0
75.63,2.0
75.64,2.0
75.65,1.0
75.66,2.0
75.67,3.0
75.68,4.0
75.69,3.0
75.7,2.0
75.71,4.0
75.72,4.0
75.74,1.0
75.75,2.0
75.77,3.0
75.78,2.0
75.79,1.0
75.8,2.0
75.81,1.0
75.82,1.0
75.83,4.0
75.84,2.0
75.85,4.0
75.86,1.0
75.88,1.0
75.89,1.0
75.9,1.0
75.91,1.0
75.94,2.0
75.95,2.0
75.97,4.0
75.98,1.0
76.0,2.0
76.01,1.0
76.02,1.0
76.04,1.0
76.05,1.0
76.06,5.0
76.07,2.0
76.08,1.0
76.09,1.0
76.1,1.0
76.12,1.0
76.13,3.0
76.14,1.0
76.15,1.0
76.16,3.0
76.17,1.0
76.19,4.0
76.2,1.0
76.21,3.0
76.22,3.0
76.23,1.0
76.26,1.0
76.27,2.0
76.29,1.0
76.3,2.0
76.31,1.0
76.32,1.0
76.35,2.0
76.36,1.0
76.38,5.0
76.39,1.0
76.43,2.0
76.44,1.0
76.45,1.0
76.47,1.0
76.48,3.0
76.49,2.0
76.5,1.0
76.51,1.0
76.53,1.0
76.55,2.0
76.56,1.0
76.58,2.0
76.62,1.0
76.65,2.0
76.74,1.0
76.75,1.0
76.77,3.0
76.78,2.0
76.82,1.0
76.85,1.0
76.88,1.0
76.89,2.0
76.95,1.0
76.97,1.0
76.99,1.0
77.05,1.0
77.06,1.0
77.14,1.0
77.15,1.0
77.17,1.0
77.18,1.0
77.23,1.0
77.29,1.0
77.44,1.0
77.48,1.0
77.5,1.0
77.52,1.0
77.54,1.0
77.55,1.0
77.57,1.0
77.66,1.0
77.8,1.0
77.82,1.0
77.89,1.0
77.91,1.0
77.98,1.0
78.23,1.0
78.25,1.0
78.38,1.0
78.55,1.0

