seq_score,occurence
44.92,1.0
46.62,1.0
46.88,1.0
46.96,1.0
47.19,1.0
48.42,1.0
48.66,1.0
48.86,1.0
48.98,1.0
49.17,1.0
49.5,1.0
49.56,1.0
49.68,2.0
49.96,1.0
49.98,1.0
50.12,1.0
50.15,1.0
50.18,1.0
50.22,1.0
50.25,1.0
50.55,1.0
50.56,1.0
50.6,1.0
50.61,1.0
50.65,1.0
50.66,1.0
50.76,1.0
50.82,1.0
50.83,1.0
50.96,1.0
51.06,1.0
51.1,1.0
51.16,1.0
51.21,1.0
51.23,1.0
51.26,2.0
51.28,1.0
51.33,1.0
51.43,1.0
51.47,1.0
51.58,1.0
51.69,1.0
51.73,2.0
51.74,1.0
51.89,1.0
51.91,1.0
51.94,1.0
51.95,1.0
51.99,1.0
52.04,2.0
52.08,1.0
52.09,1.0
52.15,1.0
52.17,1.0
52.18,1.0
52.21,1.0
52.3,2.0
52.33,1.0
52.35,1.0
52.41,1.0
52.44,1.0
52.48,1.0
52.51,1.0
52.55,1.0
52.56,2.0
52.57,1.0
52.59,1.0
52.65,1.0
52.78,1.0
52.79,1.0
52.83,1.0
52.85,1.0
52.87,1.0
52.88,1.0
52.95,1.0
53.07,1.0
53.16,1.0
53.17,1.0
53.18,1.0
53.19,1.0
53.22,1.0
53.34,1.0
53.36,3.0
53.38,1.0
53.41,1.0
53.44,1.0
53.45,2.0
53.47,1.0
53.48,2.0
53.52,1.0
53.53,2.0
53.54,1.0
53.55,1.0
53.57,3.0
53.59,1.0
53.7,1.0
53.73,1.0
53.8,2.0
53.82,2.0
53.86,1.0
53.87,1.0
53.88,1.0
53.92,1.0
53.93,1.0
53.96,1.0
53.99,1.0
54.03,1.0
54.09,1.0
54.11,1.0
54.14,1.0
54.19,1.0
54.23,1.0
54.25,1.0
54.28,1.0
54.31,1.0
54.32,2.0
54.37,1.0
54.39,2.0
54.4,1.0
54.43,2.0
54.47,2.0
54.51,2.0
54.52,1.0
54.56,1.0
54.57,1.0
54.6,2.0
54.61,1.0
54.64,2.0
54.65,1.0
54.71,1.0
54.73,1.0
54.78,1.0
54.87,1.0
54.88,1.0
54.9,1.0
54.92,2.0
54.95,1.0
54.97,1.0
55.01,1.0
55.03,1.0
55.04,1.0
55.06,1.0
55.07,1.0
55.1,1.0
55.11,1.0
55.12,1.0
55.14,2.0
55.15,1.0
55.17,1.0
55.18,1.0
55.2,1.0
55.21,3.0
55.22,1.0
55.24,1.0
55.25,1.0
55.26,2.0
55.28,1.0
55.29,3.0
55.4,1.0
55.42,1.0
55.45,1.0
55.46,1.0
55.48,1.0
55.49,1.0
55.5,1.0
55.51,1.0
55.55,1.0
55.56,1.0
55.6,3.0
55.63,1.0
55.64,2.0
55.72,1.0
55.73,1.0
55.74,1.0
55.78,1.0
55.81,1.0
55.84,1.0
55.85,1.0
55.9,1.0
55.93,1.0
55.94,2.0
55.96,1.0
56.0,1.0
56.01,1.0
56.05,2.0
56.06,1.0
56.08,1.0
56.09,2.0
56.12,1.0
56.15,3.0
56.17,3.0
56.18,2.0
56.21,3.0
56.25,2.0
56.28,2.0
56.29,1.0
56.31,2.0
56.32,1.0
56.34,1.0
56.36,1.0
56.38,3.0
56.4,1.0
56.46,1.0
56.53,1.0
56.55,1.0
56.58,1.0
56.62,1.0
56.63,2.0
56.67,1.0
56.68,1.0
56.69,3.0
56.7,1.0
56.71,1.0
56.72,2.0
56.74,1.0
56.75,1.0
56.76,1.0
56.77,1.0
56.78,2.0
56.8,1.0
56.82,1.0
56.85,2.0
56.88,1.0
56.9,2.0
56.91,1.0
56.92,1.0
56.93,1.0
56.97,1.0
56.99,1.0
57.0,1.0
57.04,1.0
57.06,2.0
57.08,1.0
57.09,1.0
57.12,2.0
57.14,3.0
57.15,1.0
57.17,1.0
57.18,1.0
57.19,2.0
57.24,1.0
57.27,1.0
57.28,1.0
57.3,4.0
57.31,1.0
57.32,2.0
57.33,1.0
57.34,1.0
57.35,1.0
57.38,1.0
57.39,1.0
57.42,1.0
57.44,1.0
57.46,1.0
57.49,1.0
57.52,1.0
57.55,1.0
57.56,1.0
57.57,1.0
57.58,1.0
57.6,2.0
57.61,1.0
57.62,1.0
57.63,1.0
57.65,1.0
57.66,1.0
57.67,1.0
57.69,1.0
57.72,1.0
57.73,1.0
57.74,2.0
57.75,1.0
57.77,1.0
57.78,2.0
57.82,1.0
57.83,3.0
57.85,2.0
57.87,6.0
57.89,1.0
57.9,2.0
57.91,1.0
57.92,1.0
57.93,2.0
57.94,1.0
57.95,2.0
57.96,2.0
57.97,3.0
58.0,1.0
58.01,3.0
58.02,1.0
58.03,1.0
58.04,1.0
58.05,1.0
58.06,2.0
58.07,3.0
58.08,2.0
58.1,1.0
58.13,1.0
58.14,1.0
58.15,2.0
58.16,2.0
58.17,1.0
58.2,1.0
58.21,1.0
58.22,1.0
58.23,1.0
58.24,2.0
58.25,2.0
58.26,1.0
58.28,3.0
58.29,2.0
58.3,2.0
58.31,1.0
58.32,1.0
58.33,2.0
58.36,4.0
58.37,3.0
58.39,3.0
58.4,2.0
58.42,1.0
58.43,1.0
58.44,2.0
58.45,2.0
58.46,1.0
58.49,2.0
58.5,1.0
58.53,2.0
58.54,3.0
58.55,2.0
58.56,1.0
58.57,3.0
58.58,1.0
58.61,2.0
58.62,3.0
58.64,1.0
58.65,1.0
58.66,1.0
58.67,2.0
58.7,4.0
58.72,3.0
58.73,2.0
58.74,1.0
58.75,2.0
58.78,2.0
58.82,1.0
58.84,1.0
58.85,2.0
58.86,3.0
58.88,3.0
58.89,4.0
58.9,2.0
58.91,2.0
58.94,2.0
58.95,1.0
58.98,1.0
58.99,1.0
59.0,2.0
59.01,2.0
59.02,2.0
59.03,3.0
59.05,3.0
59.07,2.0
59.08,1.0
59.11,2.0
59.13,1.0
59.14,1.0
59.15,2.0
59.16,1.0
59.17,3.0
59.18,3.0
59.19,2.0
59.2,6.0
59.21,2.0
59.22,1.0
59.23,1.0
59.24,1.0
59.26,1.0
59.27,1.0
59.28,1.0
59.29,1.0
59.3,1.0
59.31,1.0
59.33,1.0
59.34,2.0
59.35,2.0
59.36,1.0
59.37,4.0
59.38,1.0
59.39,3.0
59.4,1.0
59.41,4.0
59.42,3.0
59.43,4.0
59.44,3.0
59.45,1.0
59.46,2.0
59.47,1.0
59.48,2.0
59.49,3.0
59.5,1.0
59.52,1.0
59.53,1.0
59.54,3.0
59.55,2.0
59.56,2.0
59.58,3.0
59.59,3.0
59.6,3.0
59.61,3.0
59.62,2.0
59.63,3.0
59.64,3.0
59.65,1.0
59.66,1.0
59.68,1.0
59.7,2.0
59.71,1.0
59.72,2.0
59.73,2.0
59.74,2.0
59.75,3.0
59.76,4.0
59.79,1.0
59.81,1.0
59.82,2.0
59.83,1.0
59.84,2.0
59.85,2.0
59.86,5.0
59.87,2.0
59.88,1.0
59.89,2.0
59.9,2.0
59.91,2.0
59.92,4.0
59.93,1.0
59.94,2.0
59.98,3.0
59.99,3.0
60.0,2.0
60.01,2.0
60.02,2.0
60.03,2.0
60.04,5.0
60.05,3.0
60.06,2.0
60.07,5.0
60.08,3.0
60.09,2.0
60.1,4.0
60.11,4.0
60.12,4.0
60.13,2.0
60.14,5.0
60.15,2.0
60.16,2.0
60.17,4.0
60.18,1.0
60.19,1.0
60.2,3.0
60.21,3.0
60.22,1.0
60.24,1.0
60.25,1.0
60.26,2.0
60.27,1.0
60.28,2.0
60.3,2.0
60.31,5.0
60.32,4.0
60.33,2.0
60.34,1.0
60.35,1.0
60.36,2.0
60.37,4.0
60.38,1.0
60.39,3.0
60.4,8.0
60.41,1.0
60.42,1.0
60.43,1.0
60.44,2.0
60.45,3.0
60.46,3.0
60.47,5.0
60.48,2.0
60.5,1.0
60.51,1.0
60.52,1.0
60.53,2.0
60.54,1.0
60.55,2.0
60.56,3.0
60.57,1.0
60.58,2.0
60.59,2.0
60.6,3.0
60.61,1.0
60.62,2.0
60.63,1.0
60.64,1.0
60.65,3.0
60.66,1.0
60.67,1.0
60.68,5.0
60.69,1.0
60.71,2.0
60.72,5.0
60.73,4.0
60.74,4.0
60.75,5.0
60.77,2.0
60.78,1.0
60.79,1.0
60.8,2.0
60.81,2.0
60.84,2.0
60.85,3.0
60.86,5.0
60.87,1.0
60.88,1.0
60.89,3.0
60.9,4.0
60.91,4.0
60.92,1.0
60.94,2.0
60.96,3.0
60.97,2.0
60.98,2.0
60.99,1.0
61.0,2.0
61.01,3.0
61.02,5.0
61.03,3.0
61.05,3.0
61.06,4.0
61.07,2.0
61.08,2.0
61.09,1.0
61.1,2.0
61.11,2.0
61.12,5.0
61.13,2.0
61.14,3.0
61.15,3.0
61.16,1.0
61.17,2.0
61.18,4.0
61.19,3.0
61.2,4.0
61.22,2.0
61.23,5.0
61.24,1.0
61.25,2.0
61.26,2.0
61.27,4.0
61.29,1.0
61.3,3.0
61.31,2.0
61.32,3.0
61.33,1.0
61.34,2.0
61.35,3.0
61.36,2.0
61.37,2.0
61.38,2.0
61.39,5.0
61.41,2.0
61.42,4.0
61.43,2.0
61.44,2.0
61.45,2.0
61.46,5.0
61.47,2.0
61.48,2.0
61.49,1.0
61.5,2.0
61.51,1.0
61.52,2.0
61.53,1.0
61.54,2.0
61.55,3.0
61.56,3.0
61.57,1.0
61.59,3.0
61.6,1.0
61.61,2.0
61.62,3.0
61.63,2.0
61.64,3.0
61.65,6.0
61.66,2.0
61.67,1.0
61.68,2.0
61.69,2.0
61.71,4.0
61.72,2.0
61.73,3.0
61.74,4.0
61.75,1.0
61.76,4.0
61.77,2.0
61.78,2.0
61.8,2.0
61.82,2.0
61.83,1.0
61.84,2.0
61.85,2.0
61.86,1.0
61.87,4.0
61.88,3.0
61.89,2.0
61.9,1.0
61.91,6.0
61.92,5.0
61.93,5.0
61.94,6.0
61.95,8.0
61.96,3.0
61.97,1.0
61.98,3.0
61.99,3.0
62.0,3.0
62.01,4.0
62.02,9.0
62.03,2.0
62.04,2.0
62.05,5.0
62.06,4.0
62.07,4.0
62.08,2.0
62.09,3.0
62.1,3.0
62.11,2.0
62.12,5.0
62.13,5.0
62.14,4.0
62.15,2.0
62.16,1.0
62.17,3.0
62.19,1.0
62.2,4.0
62.21,3.0
62.22,4.0
62.23,5.0
62.24,2.0
62.25,1.0
62.26,7.0
62.27,5.0
62.28,3.0
62.29,3.0
62.3,2.0
62.31,1.0
62.32,3.0
62.33,2.0
62.34,2.0
62.35,2.0
62.36,5.0
62.37,3.0
62.39,2.0
62.4,2.0
62.41,4.0
62.42,2.0
62.43,4.0
62.44,3.0
62.45,2.0
62.46,3.0
62.47,4.0
62.48,2.0
62.49,2.0
62.5,2.0
62.51,6.0
62.52,3.0
62.53,3.0
62.54,2.0
62.55,5.0
62.56,6.0
62.57,1.0
62.58,2.0
62.59,4.0
62.6,5.0
62.61,4.0
62.62,3.0
62.63,4.0
62.64,1.0
62.65,3.0
62.66,5.0
62.67,2.0
62.68,3.0
62.69,3.0
62.7,3.0
62.71,2.0
62.72,5.0
62.73,5.0
62.75,6.0
62.76,4.0
62.77,5.0
62.78,3.0
62.79,2.0
62.81,2.0
62.82,4.0
62.83,2.0
62.84,4.0
62.85,3.0
62.86,7.0
62.87,5.0
62.88,5.0
62.89,5.0
62.9,3.0
62.91,3.0
62.92,2.0
62.93,4.0
62.94,5.0
62.95,4.0
62.96,4.0
62.97,2.0
62.98,4.0
62.99,4.0
63.0,5.0
63.01,6.0
63.02,3.0
63.03,3.0
63.04,5.0
63.05,2.0
63.06,3.0
63.07,4.0
63.08,1.0
63.09,4.0
63.1,1.0
63.11,3.0
63.12,5.0
63.13,2.0
63.14,6.0
63.16,3.0
63.17,3.0
63.18,2.0
63.19,4.0
63.2,3.0
63.21,4.0
63.22,5.0
63.23,5.0
63.24,1.0
63.25,5.0
63.26,3.0
63.27,1.0
63.28,4.0
63.29,3.0
63.3,5.0
63.31,3.0
63.32,3.0
63.33,2.0
63.34,3.0
63.35,4.0
63.36,1.0
63.37,4.0
63.38,3.0
63.39,7.0
63.4,3.0
63.41,4.0
63.42,3.0
63.43,2.0
63.44,4.0
63.45,3.0
63.46,4.0
63.47,4.0
63.48,1.0
63.49,1.0
63.5,4.0
63.51,5.0
63.52,5.0
63.53,7.0
63.54,1.0
63.56,2.0
63.57,8.0
63.58,3.0
63.59,3.0
63.6,6.0
63.61,6.0
63.62,3.0
63.63,3.0
63.64,2.0
63.65,1.0
63.66,2.0
63.67,3.0
63.68,2.0
63.69,3.0
63.7,2.0
63.71,1.0
63.72,5.0
63.73,8.0
63.74,5.0
63.75,6.0
63.76,2.0
63.77,4.0
63.78,4.0
63.79,6.0
63.8,2.0
63.81,4.0
63.82,7.0
63.83,3.0
63.84,2.0
63.85,4.0
63.86,5.0
63.87,4.0
63.88,4.0
63.89,3.0
63.9,3.0
63.91,2.0
63.92,2.0
63.93,7.0
63.94,5.0
63.95,6.0
63.96,1.0
63.97,3.0
63.98,3.0
63.99,4.0
64.0,3.0
64.01,6.0
64.02,5.0
64.03,7.0
64.04,3.0
64.05,4.0
64.06,1.0
64.07,6.0
64.08,2.0
64.09,4.0
64.1,4.0
64.11,1.0
64.12,4.0
64.13,2.0
64.14,3.0
64.15,3.0
64.16,5.0
64.17,4.0
64.18,9.0
64.19,4.0
64.2,4.0
64.21,4.0
64.22,1.0
64.23,2.0
64.24,3.0
64.25,7.0
64.26,4.0
64.27,6.0
64.28,7.0
64.29,5.0
64.3,3.0
64.31,5.0
64.32,3.0
64.33,5.0
64.34,6.0
64.35,4.0
64.36,2.0
64.37,3.0
64.38,4.0
64.4,5.0
64.41,5.0
64.42,3.0
64.43,1.0
64.44,4.0
64.45,4.0
64.46,5.0
64.47,3.0
64.48,2.0
64.49,2.0
64.5,5.0
64.51,4.0
64.52,4.0
64.53,2.0
64.54,7.0
64.55,3.0
64.56,4.0
64.57,5.0
64.58,6.0
64.59,3.0
64.6,3.0
64.61,3.0
64.62,1.0
64.63,1.0
64.64,1.0
64.65,3.0
64.66,3.0
64.67,4.0
64.68,1.0
64.69,2.0
64.7,5.0
64.72,4.0
64.74,2.0
64.75,9.0
64.76,5.0
64.77,4.0
64.78,6.0
64.79,5.0
64.8,7.0
64.81,2.0
64.82,6.0
64.83,3.0
64.84,2.0
64.85,1.0
64.86,2.0
64.87,5.0
64.88,5.0
64.89,4.0
64.9,4.0
64.91,7.0
64.92,3.0
64.93,3.0
64.94,4.0
64.95,6.0
64.96,3.0
64.97,6.0
64.98,2.0
64.99,3.0
65.0,4.0
65.01,5.0
65.02,4.0
65.03,6.0
65.04,4.0
65.05,4.0
65.06,5.0
65.07,3.0
65.08,2.0
65.09,3.0
65.1,4.0
65.11,3.0
65.12,4.0
65.13,5.0
65.14,7.0
65.15,2.0
65.16,6.0
65.17,2.0
65.18,3.0
65.19,5.0
65.2,3.0
65.21,2.0
65.22,1.0
65.23,3.0
65.24,8.0
65.25,2.0
65.26,3.0
65.28,3.0
65.29,3.0
65.3,2.0
65.31,9.0
65.32,5.0
65.33,9.0
65.34,5.0
65.35,4.0
65.36,5.0
65.37,3.0
65.38,2.0
65.39,4.0
65.4,8.0
65.41,6.0
65.42,1.0
65.43,5.0
65.44,5.0
65.45,5.0
65.46,4.0
65.47,3.0
65.48,6.0
65.49,3.0
65.5,4.0
65.51,8.0
65.52,7.0
65.53,3.0
65.54,5.0
65.55,3.0
65.56,7.0
65.57,3.0
65.58,5.0
65.59,1.0
65.6,6.0
65.61,3.0
65.62,5.0
65.63,5.0
65.64,4.0
65.65,1.0
65.66,4.0
65.67,5.0
65.68,5.0
65.69,4.0
65.7,3.0
65.71,4.0
65.72,3.0
65.73,4.0
65.74,5.0
65.75,3.0
65.76,3.0
65.77,9.0
65.78,5.0
65.79,8.0
65.8,1.0
65.81,3.0
65.82,3.0
65.83,4.0
65.84,2.0
65.85,6.0
65.86,2.0
65.87,6.0
65.88,1.0
65.89,5.0
65.9,8.0
65.91,7.0
65.92,5.0
65.93,4.0
65.94,5.0
65.95,6.0
65.96,7.0
65.97,4.0
65.98,3.0
65.99,5.0
66.0,3.0
66.01,6.0
66.02,7.0
66.03,6.0
66.04,4.0
66.05,3.0
66.06,8.0
66.07,6.0
66.08,7.0
66.09,3.0
66.1,6.0
66.11,7.0
66.12,4.0
66.13,8.0
66.14,1.0
66.15,5.0
66.16,8.0
66.17,2.0
66.18,8.0
66.19,3.0
66.2,3.0
66.21,3.0
66.22,6.0
66.23,6.0
66.24,4.0
66.25,3.0
66.26,4.0
66.27,4.0
66.28,3.0
66.29,2.0
66.3,5.0
66.31,8.0
66.32,5.0
66.33,5.0
66.34,2.0
66.35,3.0
66.36,4.0
66.37,7.0
66.38,7.0
66.39,5.0
66.4,6.0
66.41,6.0
66.42,4.0
66.43,5.0
66.44,7.0
66.45,4.0
66.46,9.0
66.47,2.0
66.48,1.0
66.49,6.0
66.5,5.0
66.51,5.0
66.52,1.0
66.53,4.0
66.54,6.0
66.55,3.0
66.56,5.0
66.57,7.0
66.58,6.0
66.59,6.0
66.6,3.0
66.61,4.0
66.62,5.0
66.63,2.0
66.64,8.0
66.65,6.0
66.66,4.0
66.67,6.0
66.68,5.0
66.69,3.0
66.7,8.0
66.71,5.0
66.72,4.0
66.73,3.0
66.74,2.0
66.75,5.0
66.77,9.0
66.78,3.0
66.79,5.0
66.8,8.0
66.81,8.0
66.82,2.0
66.83,4.0
66.84,6.0
66.85,7.0
66.86,4.0
66.87,5.0
66.88,4.0
66.89,4.0
66.9,7.0
66.91,5.0
66.92,6.0
66.93,6.0
66.94,7.0
66.95,3.0
66.96,1.0
66.97,5.0
66.98,4.0
66.99,2.0
67.0,2.0
67.01,5.0
67.02,3.0
67.03,3.0
67.04,3.0
67.05,4.0
67.06,7.0
67.07,5.0
67.08,4.0
67.09,2.0
67.1,5.0
67.11,6.0
67.12,3.0
67.13,3.0
67.14,8.0
67.15,3.0
67.16,3.0
67.17,5.0
67.18,1.0
67.19,5.0
67.2,3.0
67.21,1.0
67.22,2.0
67.23,3.0
67.24,14.0
67.25,8.0
67.26,5.0
67.27,6.0
67.28,4.0
67.29,10.0
67.3,6.0
67.31,2.0
67.32,5.0
67.33,2.0
67.34,4.0
67.35,2.0
67.36,5.0
67.37,4.0
67.38,3.0
67.39,7.0
67.4,7.0
67.41,6.0
67.42,5.0
67.43,3.0
67.44,3.0
67.45,3.0
67.46,2.0
67.47,3.0
67.48,5.0
67.49,8.0
67.5,4.0
67.51,2.0
67.52,4.0
67.53,1.0
67.54,6.0
67.55,5.0
67.56,4.0
67.57,5.0
67.58,11.0
67.59,4.0
67.6,6.0
67.61,5.0
67.62,8.0
67.63,2.0
67.64,1.0
67.65,6.0
67.66,2.0
67.67,8.0
67.68,7.0
67.69,5.0
67.7,1.0
67.71,5.0
67.72,4.0
67.73,6.0
67.74,6.0
67.75,8.0
67.76,9.0
67.77,3.0
67.78,5.0
67.79,6.0
67.8,7.0
67.81,4.0
67.82,7.0
67.83,3.0
67.84,5.0
67.85,9.0
67.86,6.0
67.87,7.0
67.88,2.0
67.89,8.0
67.9,7.0
67.91,6.0
67.92,3.0
67.93,4.0
67.94,4.0
67.95,3.0
67.96,2.0
67.97,2.0
67.98,1.0
67.99,3.0
68.0,6.0
68.01,6.0
68.02,4.0
68.03,4.0
68.04,7.0
68.05,5.0
68.06,5.0
68.07,2.0
68.08,8.0
68.09,10.0
68.1,7.0
68.11,2.0
68.12,5.0
68.13,3.0
68.14,2.0
68.15,2.0
68.16,5.0
68.17,4.0
68.18,1.0
68.19,6.0
68.2,10.0
68.21,7.0
68.22,4.0
68.23,2.0
68.24,4.0
68.25,4.0
68.26,4.0
68.27,2.0
68.28,7.0
68.29,6.0
68.3,4.0
68.31,6.0
68.32,3.0
68.33,5.0
68.34,5.0
68.35,3.0
68.36,5.0
68.37,7.0
68.38,8.0
68.39,7.0
68.4,5.0
68.41,1.0
68.42,1.0
68.43,5.0
68.44,4.0
68.45,5.0
68.46,4.0
68.47,6.0
68.48,10.0
68.49,2.0
68.5,6.0
68.51,4.0
68.52,1.0
68.53,8.0
68.54,5.0
68.55,2.0
68.56,3.0
68.57,6.0
68.58,5.0
68.59,5.0
68.6,6.0
68.61,1.0
68.62,3.0
68.63,5.0
68.64,3.0
68.65,3.0
68.66,3.0
68.67,10.0
68.68,6.0
68.69,5.0
68.7,3.0
68.71,4.0
68.72,5.0
68.73,5.0
68.74,6.0
68.75,1.0
68.76,7.0
68.77,3.0
68.78,2.0
68.79,4.0
68.8,7.0
68.81,4.0
68.82,7.0
68.83,2.0
68.84,4.0
68.85,8.0
68.86,7.0
68.87,4.0
68.88,3.0
68.89,3.0
68.9,4.0
68.91,5.0
68.92,6.0
68.93,8.0
68.94,1.0
68.95,5.0
68.96,4.0
68.97,9.0
68.98,6.0
68.99,7.0
69.0,2.0
69.01,3.0
69.02,7.0
69.03,2.0
69.04,6.0
69.05,1.0
69.06,6.0
69.07,2.0
69.08,3.0
69.09,5.0
69.1,9.0
69.11,6.0
69.12,4.0
69.13,8.0
69.14,2.0
69.15,5.0
69.16,6.0
69.17,3.0
69.18,6.0
69.19,2.0
69.2,3.0
69.21,5.0
69.22,6.0
69.23,5.0
69.24,3.0
69.25,9.0
69.26,5.0
69.27,6.0
69.28,4.0
69.29,2.0
69.3,2.0
69.31,6.0
69.32,4.0
69.33,8.0
69.34,3.0
69.35,6.0
69.36,5.0
69.37,13.0
69.38,5.0
69.39,1.0
69.4,5.0
69.41,4.0
69.42,6.0
69.43,5.0
69.44,2.0
69.45,7.0
69.46,3.0
69.47,7.0
69.48,4.0
69.49,8.0
69.5,5.0
69.51,5.0
69.52,5.0
69.53,1.0
69.54,2.0
69.55,3.0
69.56,7.0
69.57,3.0
69.58,1.0
69.59,6.0
69.6,5.0
69.61,3.0
69.62,13.0
69.63,5.0
69.64,6.0
69.65,2.0
69.66,9.0
69.67,7.0
69.68,6.0
69.69,5.0
69.7,5.0
69.71,1.0
69.72,3.0
69.73,4.0
69.74,2.0
69.75,6.0
69.76,2.0
69.77,4.0
69.78,6.0
69.79,5.0
69.8,4.0
69.81,8.0
69.82,9.0
69.83,4.0
69.84,2.0
69.85,1.0
69.86,6.0
69.87,2.0
69.88,1.0
69.9,3.0
69.91,7.0
69.92,8.0
69.93,6.0
69.94,6.0
69.95,3.0
69.96,4.0
69.97,3.0
69.98,3.0
69.99,4.0
70.0,2.0
70.01,3.0
70.02,1.0
70.03,3.0
70.04,2.0
70.05,5.0
70.06,5.0
70.07,4.0
70.08,3.0
70.09,2.0
70.1,2.0
70.11,5.0
70.12,8.0
70.13,8.0
70.14,4.0
70.15,2.0
70.16,6.0
70.17,5.0
70.18,6.0
70.19,1.0
70.2,3.0
70.21,3.0
70.22,5.0
70.23,2.0
70.24,6.0
70.25,3.0
70.26,3.0
70.27,5.0
70.28,7.0
70.29,3.0
70.3,2.0
70.31,3.0
70.32,5.0
70.33,6.0
70.34,5.0
70.35,3.0
70.36,4.0
70.37,2.0
70.38,3.0
70.39,3.0
70.4,3.0
70.41,3.0
70.42,4.0
70.43,5.0
70.44,4.0
70.45,6.0
70.46,5.0
70.47,5.0
70.48,1.0
70.49,2.0
70.5,3.0
70.51,2.0
70.52,6.0
70.53,2.0
70.54,3.0
70.55,3.0
70.56,3.0
70.57,3.0
70.59,7.0
70.6,3.0
70.61,2.0
70.62,1.0
70.63,5.0
70.64,3.0
70.65,8.0
70.66,7.0
70.67,5.0
70.68,9.0
70.69,2.0
70.7,2.0
70.71,3.0
70.72,3.0
70.73,6.0
70.74,4.0
70.75,3.0
70.76,7.0
70.77,3.0
70.78,2.0
70.79,5.0
70.8,2.0
70.81,2.0
70.82,5.0
70.83,4.0
70.84,4.0
70.85,2.0
70.86,4.0
70.87,5.0
70.88,2.0
70.89,5.0
70.9,1.0
70.91,6.0
70.92,5.0
70.93,1.0
70.94,3.0
70.95,2.0
70.96,6.0
70.97,2.0
70.98,1.0
70.99,3.0
71.0,4.0
71.01,3.0
71.02,4.0
71.03,6.0
71.04,4.0
71.05,4.0
71.06,1.0
71.07,2.0
71.08,5.0
71.1,3.0
71.11,5.0
71.12,4.0
71.13,1.0
71.14,3.0
71.15,7.0
71.16,5.0
71.17,4.0
71.18,6.0
71.19,5.0
71.2,7.0
71.21,7.0
71.22,4.0
71.23,3.0
71.24,3.0
71.25,7.0
71.26,5.0
71.27,4.0
71.28,7.0
71.29,4.0
71.3,4.0
71.31,2.0
71.32,2.0
71.33,2.0
71.34,2.0
71.35,4.0
71.36,1.0
71.37,3.0
71.38,3.0
71.39,5.0
71.4,2.0
71.41,2.0
71.42,2.0
71.43,5.0
71.44,5.0
71.45,5.0
71.46,4.0
71.47,5.0
71.48,3.0
71.49,6.0
71.51,5.0
71.52,4.0
71.53,4.0
71.54,2.0
71.55,4.0
71.56,5.0
71.57,2.0
71.58,10.0
71.59,4.0
71.6,3.0
71.61,3.0
71.62,4.0
71.63,3.0
71.64,2.0
71.65,6.0
71.66,4.0
71.67,3.0
71.68,4.0
71.69,3.0
71.7,3.0
71.71,1.0
71.72,4.0
71.73,3.0
71.74,3.0
71.75,5.0
71.76,3.0
71.77,7.0
71.78,2.0
71.79,2.0
71.8,4.0
71.81,2.0
71.82,1.0
71.83,3.0
71.84,4.0
71.85,3.0
71.86,2.0
71.87,4.0
71.88,2.0
71.89,2.0
71.9,6.0
71.91,2.0
71.92,3.0
71.93,2.0
71.94,1.0
71.95,3.0
71.96,3.0
71.97,1.0
71.98,2.0
71.99,2.0
72.0,3.0
72.01,4.0
72.02,2.0
72.03,3.0
72.04,2.0
72.05,2.0
72.06,1.0
72.07,1.0
72.08,4.0
72.09,4.0
72.1,3.0
72.11,6.0
72.12,2.0
72.13,5.0
72.14,2.0
72.15,3.0
72.16,6.0
72.17,4.0
72.18,2.0
72.19,6.0
72.2,3.0
72.21,2.0
72.22,4.0
72.23,5.0
72.24,3.0
72.25,2.0
72.26,5.0
72.27,1.0
72.28,4.0
72.29,2.0
72.3,1.0
72.31,3.0
72.32,1.0
72.33,1.0
72.34,5.0
72.35,1.0
72.36,5.0
72.38,3.0
72.39,5.0
72.4,1.0
72.41,3.0
72.42,3.0
72.43,3.0
72.44,1.0
72.45,3.0
72.46,5.0
72.47,3.0
72.48,3.0
72.49,2.0
72.5,4.0
72.51,2.0
72.53,5.0
72.54,2.0
72.55,1.0
72.56,5.0
72.57,2.0
72.58,4.0
72.59,4.0
72.6,6.0
72.61,3.0
72.62,2.0
72.63,5.0
72.64,5.0
72.65,1.0
72.68,7.0
72.69,1.0
72.7,1.0
72.71,2.0
72.72,1.0
72.73,2.0
72.74,3.0
72.75,2.0
72.76,1.0
72.77,2.0
72.78,4.0
72.79,1.0
72.8,3.0
72.81,2.0
72.82,1.0
72.83,1.0
72.84,3.0
72.85,4.0
72.86,2.0
72.87,3.0
72.88,1.0
72.9,3.0
72.91,3.0
72.92,5.0
72.93,2.0
72.94,3.0
72.95,5.0
72.96,1.0
72.97,2.0
72.98,3.0
72.99,2.0
73.0,1.0
73.01,4.0
73.02,3.0
73.03,1.0
73.04,2.0
73.05,1.0
73.06,3.0
73.07,1.0
73.08,1.0
73.09,4.0
73.1,2.0
73.11,2.0
73.12,4.0
73.13,5.0
73.14,6.0
73.15,4.0
73.16,1.0
73.17,2.0
73.18,2.0
73.19,2.0
73.2,3.0
73.21,4.0
73.22,1.0
73.23,2.0
73.24,3.0
73.25,2.0
73.26,4.0
73.27,3.0
73.29,3.0
73.3,2.0
73.32,1.0
73.34,1.0
73.36,3.0
73.37,1.0
73.38,5.0
73.39,3.0
73.4,4.0
73.41,3.0
73.42,3.0
73.44,3.0
73.45,3.0
73.46,1.0
73.47,1.0
73.48,1.0
73.49,3.0
73.5,2.0
73.51,2.0
73.52,2.0
73.53,6.0
73.54,2.0
73.56,1.0
73.58,2.0
73.59,1.0
73.6,4.0
73.61,2.0
73.62,1.0
73.63,3.0
73.64,1.0
73.65,4.0
73.66,3.0
73.67,3.0
73.68,3.0
73.69,3.0
73.7,3.0
73.71,1.0
73.72,7.0
73.73,4.0
73.74,1.0
73.75,3.0
73.76,3.0
73.77,1.0
73.78,4.0
73.79,2.0
73.81,3.0
73.82,1.0
73.83,3.0
73.84,3.0
73.86,4.0
73.87,2.0
73.88,3.0
73.89,3.0
73.9,2.0
73.91,3.0
73.92,4.0
73.93,3.0
73.94,3.0
73.95,1.0
73.96,2.0
73.97,3.0
73.98,3.0
73.99,3.0
74.0,4.0
74.02,2.0
74.03,4.0
74.04,1.0
74.05,5.0
74.07,2.0
74.08,4.0
74.09,3.0
74.1,2.0
74.11,3.0
74.12,2.0
74.13,1.0
74.14,6.0
74.15,2.0
74.16,1.0
74.17,1.0
74.18,2.0
74.19,2.0
74.2,1.0
74.22,2.0
74.23,2.0
74.24,1.0
74.25,2.0
74.26,2.0
74.28,3.0
74.29,1.0
74.3,1.0
74.32,2.0
74.33,1.0
74.35,1.0
74.36,2.0
74.37,2.0
74.38,2.0
74.39,1.0
74.4,2.0
74.41,4.0
74.42,2.0
74.43,2.0
74.44,3.0
74.45,1.0
74.47,1.0
74.49,1.0
74.5,1.0
74.51,3.0
74.52,2.0
74.54,1.0
74.55,4.0
74.56,1.0
74.57,4.0
74.59,2.0
74.6,1.0
74.62,1.0
74.66,3.0
74.67,1.0
74.69,2.0
74.7,2.0
74.71,2.0
74.73,3.0
74.74,3.0
74.75,1.0
74.76,2.0
74.77,3.0
74.78,1.0
74.8,1.0
74.81,1.0
74.85,1.0
74.86,1.0
74.87,2.0
74.88,1.0
74.89,2.0
74.9,2.0
74.91,2.0
74.92,1.0
74.93,1.0
74.95,1.0
74.96,1.0
74.97,1.0
74.98,2.0
75.0,1.0
75.01,2.0
75.02,1.0
75.03,1.0
75.04,3.0
75.05,2.0
75.07,2.0
75.08,3.0
75.09,1.0
75.11,2.0
75.12,1.0
75.14,1.0
75.15,1.0
75.19,4.0
75.2,2.0
75.21,1.0
75.22,1.0
75.23,2.0
75.28,1.0
75.29,4.0
75.33,1.0
75.34,2.0
75.35,2.0
75.37,1.0
75.4,1.0
75.41,2.0
75.42,1.0
75.44,1.0
75.45,2.0
75.47,1.0
75.5,3.0
75.51,1.0
75.52,1.0
75.53,1.0
75.54,1.0
75.56,1.0
75.57,1.0
75.58,1.0
75.59,1.0
75.61,1.0
75.63,1.0
75.65,1.0
75.66,1.0
75.67,1.0
75.7,3.0
75.72,1.0
75.75,1.0
75.76,1.0
75.77,1.0
75.78,1.0
75.79,2.0
75.8,1.0
75.81,2.0
75.84,1.0
75.85,1.0
75.88,3.0
75.89,1.0
75.92,1.0
75.93,1.0
75.95,1.0
75.96,1.0
75.99,1.0
76.0,1.0
76.04,1.0
76.06,1.0
76.08,2.0
76.11,1.0
76.12,1.0
76.16,3.0
76.18,1.0
76.19,1.0
76.2,1.0
76.22,1.0
76.25,1.0
76.27,2.0
76.29,2.0
76.34,1.0
76.35,1.0
76.36,2.0
76.41,2.0
76.44,1.0
76.46,1.0
76.47,1.0
76.5,2.0
76.53,1.0
76.55,1.0
76.61,1.0
76.65,1.0
76.72,2.0
76.73,1.0
76.76,1.0
76.83,1.0
76.89,1.0
76.99,1.0
77.03,1.0
77.05,1.0
77.08,1.0
77.1,1.0
77.12,1.0
77.33,1.0
77.34,1.0
77.4,1.0
77.51,1.0
77.68,1.0
77.78,1.0
77.83,1.0
78.21,1.0
78.52,1.0

