GC_content,occurence
28.42,1.0
28.55,1.0
28.62,1.0
28.96,1.0
29.08,1.0
29.14,1.0
29.16,1.0
29.21,1.0
29.32,1.0
29.45,1.0
29.55,1.0
29.67,1.0
29.68,1.0
29.81,1.0
29.88,1.0
30.15,1.0
30.16,1.0
30.34,1.0
30.48,1.0
30.54,1.0
30.77,1.0
30.95,1.0
31.18,1.0
31.3,2.0
31.34,1.0
31.42,1.0
31.46,1.0
31.49,2.0
31.5,1.0
31.52,1.0
31.72,1.0
31.95,1.0
32.13,2.0
32.4,1.0
32.83,1.0
32.98,1.0
33.03,1.0
33.19,1.0
33.22,1.0
33.5,1.0
33.66,1.0
33.76,1.0
33.85,1.0
33.9,1.0
33.94,1.0
34.08,1.0
34.12,1.0
34.15,2.0
34.19,1.0
34.2,2.0
34.31,1.0
34.38,1.0
34.42,1.0
34.46,1.0
34.58,1.0
34.63,1.0
34.67,1.0
34.85,1.0
34.95,1.0
34.97,1.0
34.98,1.0
35.11,1.0
35.17,1.0
35.18,1.0
35.35,1.0
35.38,2.0
35.4,1.0
35.53,1.0
35.54,1.0
35.58,1.0
35.67,1.0
35.7,1.0
35.87,1.0
35.92,1.0
35.94,1.0
35.97,2.0
36.12,2.0
36.2,2.0
36.36,4.0
36.39,1.0
36.4,2.0
36.42,1.0
36.5,1.0
36.51,1.0
36.59,1.0
36.68,1.0
36.71,1.0
36.72,1.0
36.73,2.0
36.79,1.0
36.84,1.0
37.01,1.0
37.05,1.0
37.06,1.0
37.11,1.0
37.13,1.0
37.14,1.0
37.22,1.0
37.24,1.0
37.26,1.0
37.29,2.0
37.31,1.0
37.37,2.0
37.38,1.0
37.4,1.0
37.41,2.0
37.42,1.0
37.44,1.0
37.46,1.0
37.48,1.0
37.5,1.0
37.54,2.0
37.58,1.0
37.64,1.0
37.66,1.0
37.68,1.0
37.78,2.0
37.79,1.0
37.8,1.0
37.88,1.0
37.94,1.0
37.98,1.0
37.99,1.0
38.0,1.0
38.01,1.0
38.03,2.0
38.07,2.0
38.14,3.0
38.2,1.0
38.21,1.0
38.24,1.0
38.28,1.0
38.29,1.0
38.3,2.0
38.31,4.0
38.32,1.0
38.33,1.0
38.35,3.0
38.39,1.0
38.41,1.0
38.43,1.0
38.44,1.0
38.46,1.0
38.51,1.0
38.52,1.0
38.53,1.0
38.55,1.0
38.57,1.0
38.6,2.0
38.61,1.0
38.62,1.0
38.64,3.0
38.65,3.0
38.66,1.0
38.67,2.0
38.71,1.0
38.73,2.0
38.79,1.0
38.81,1.0
38.82,1.0
38.83,2.0
38.85,1.0
38.95,9.0
38.98,1.0
39.01,1.0
39.02,2.0
39.04,2.0
39.08,3.0
39.09,3.0
39.1,1.0
39.11,1.0
39.14,1.0
39.15,1.0
39.16,3.0
39.17,1.0
39.18,3.0
39.2,2.0
39.21,1.0
39.22,2.0
39.23,2.0
39.3,8.0
39.31,1.0
39.36,3.0
39.38,2.0
39.39,1.0
39.4,2.0
39.41,6.0
39.42,2.0
39.43,2.0
39.44,7.0
39.45,3.0
39.48,1.0
39.5,1.0
39.52,3.0
39.53,1.0
39.54,3.0
39.55,1.0
39.57,1.0
39.58,4.0
39.59,1.0
39.63,2.0
39.64,3.0
39.65,11.0
39.66,1.0
39.67,2.0
39.69,1.0
39.71,3.0
39.72,1.0
39.73,2.0
39.74,1.0
39.75,2.0
39.77,2.0
39.79,4.0
39.8,2.0
39.83,1.0
39.85,1.0
39.86,3.0
39.91,1.0
39.93,1.0
40.0,6.0
40.03,2.0
40.07,6.0
40.09,1.0
40.12,1.0
40.13,1.0
40.14,1.0
40.19,2.0
40.23,1.0
40.24,1.0
40.25,1.0
40.29,2.0
40.3,1.0
40.34,2.0
40.38,1.0
40.39,1.0
40.41,1.0
40.43,2.0
40.45,1.0
40.47,1.0
40.48,2.0
40.52,1.0
40.53,1.0
40.57,4.0
40.58,2.0
40.6,1.0
40.61,2.0
40.62,2.0
40.63,1.0
40.64,2.0
40.65,2.0
40.67,2.0
40.69,2.0
40.7,1.0
40.71,1.0
40.73,2.0
40.74,1.0
40.76,3.0
40.77,2.0
40.83,1.0
40.85,1.0
40.86,2.0
40.89,1.0
40.9,1.0
40.92,1.0
40.93,2.0
40.96,2.0
40.99,1.0
41.02,1.0
41.03,2.0
41.04,1.0
41.07,1.0
41.08,1.0
41.09,1.0
41.11,1.0
41.13,1.0
41.15,1.0
41.18,1.0
41.2,1.0
41.22,1.0
41.23,1.0
41.25,2.0
41.27,2.0
41.29,1.0
41.3,1.0
41.34,1.0
41.36,1.0
41.4,6.0
41.43,1.0
41.45,1.0
41.46,1.0
41.47,1.0
41.48,1.0
41.49,2.0
41.51,1.0
41.52,1.0
41.53,3.0
41.54,1.0
41.55,2.0
41.57,1.0
41.58,1.0
41.6,2.0
41.62,2.0
41.63,3.0
41.64,1.0
41.65,1.0
41.67,2.0
41.68,1.0
41.72,5.0
41.73,1.0
41.74,1.0
41.75,1.0
41.77,1.0
41.79,2.0
41.83,2.0
41.84,2.0
41.85,1.0
41.86,1.0
41.9,2.0
41.91,1.0
41.93,2.0
41.94,2.0
41.97,2.0
41.99,1.0
42.02,1.0
42.03,1.0
42.05,1.0
42.08,1.0
42.09,2.0
42.11,2.0
42.13,3.0
42.14,4.0
42.15,1.0
42.19,2.0
42.2,2.0
42.23,1.0
42.25,1.0
42.26,1.0
42.28,1.0
42.29,3.0
42.35,1.0
42.36,1.0
42.37,3.0
42.38,1.0
42.4,1.0
42.41,2.0
42.43,1.0
42.44,1.0
42.47,1.0
42.48,3.0
42.49,1.0
42.5,1.0
42.51,2.0
42.52,1.0
42.54,1.0
42.55,1.0
42.56,1.0
42.57,1.0
42.58,3.0
42.62,2.0
42.63,3.0
42.64,2.0
42.65,2.0
42.67,3.0
42.68,1.0
42.69,1.0
42.7,1.0
42.71,1.0
42.74,1.0
42.76,1.0
42.77,1.0
42.79,1.0
42.8,2.0
42.82,2.0
42.84,1.0
42.86,1.0
42.88,2.0
42.89,1.0
42.9,1.0
42.91,1.0
42.94,1.0
42.95,1.0
42.96,3.0
42.97,1.0
42.98,2.0
42.99,2.0
43.0,1.0
43.01,1.0
43.06,3.0
43.08,1.0
43.09,2.0
43.1,2.0
43.12,2.0
43.16,1.0
43.21,1.0
43.22,1.0
43.24,1.0
43.26,1.0
43.27,1.0
43.29,2.0
43.3,4.0
43.31,3.0
43.32,3.0
43.33,1.0
43.34,3.0
43.35,2.0
43.37,2.0
43.39,3.0
43.4,2.0
43.41,1.0
43.42,1.0
43.43,1.0
43.45,2.0
43.46,1.0
43.5,1.0
43.52,1.0
43.54,3.0
43.55,4.0
43.56,1.0
43.57,3.0
43.59,1.0
43.6,1.0
43.62,2.0
43.64,2.0
43.65,1.0
43.66,2.0
43.67,2.0
43.7,2.0
43.71,2.0
43.72,3.0
43.75,1.0
43.76,1.0
43.77,2.0
43.79,3.0
43.8,2.0
43.81,3.0
43.82,2.0
43.84,1.0
43.86,1.0
43.87,1.0
43.89,2.0
43.9,2.0
43.91,2.0
43.92,4.0
43.93,1.0
43.94,1.0
43.95,3.0
43.96,2.0
43.98,4.0
43.99,1.0
44.0,3.0
44.02,2.0
44.03,1.0
44.04,1.0
44.05,1.0
44.07,2.0
44.09,3.0
44.12,2.0
44.15,3.0
44.16,2.0
44.17,1.0
44.19,4.0
44.2,2.0
44.21,1.0
44.22,1.0
44.23,2.0
44.24,1.0
44.25,1.0
44.26,1.0
44.27,1.0
44.28,1.0
44.29,1.0
44.3,1.0
44.31,2.0
44.33,3.0
44.34,3.0
44.35,2.0
44.36,1.0
44.38,3.0
44.39,1.0
44.41,2.0
44.43,1.0
44.44,3.0
44.47,1.0
44.48,1.0
44.5,1.0
44.51,4.0
44.52,4.0
44.53,2.0
44.54,2.0
44.55,3.0
44.58,2.0
44.6,2.0
44.62,2.0
44.63,1.0
44.64,1.0
44.66,2.0
44.67,1.0
44.68,4.0
44.69,1.0
44.7,2.0
44.71,2.0
44.72,1.0
44.75,2.0
44.79,1.0
44.81,2.0
44.82,1.0
44.83,1.0
44.84,1.0
44.85,1.0
44.86,2.0
44.88,1.0
44.89,1.0
44.9,1.0
44.91,1.0
44.92,1.0
44.93,2.0
44.95,1.0
44.97,1.0
44.98,2.0
44.99,3.0
45.0,2.0
45.02,4.0
45.04,1.0
45.05,3.0
45.07,1.0
45.09,3.0
45.1,2.0
45.11,2.0
45.12,1.0
45.13,3.0
45.15,2.0
45.16,2.0
45.17,1.0
45.18,1.0
45.2,1.0
45.21,2.0
45.22,1.0
45.23,1.0
45.26,1.0
45.27,1.0
45.28,2.0
45.29,2.0
45.3,1.0
45.32,1.0
45.34,4.0
45.35,2.0
45.36,2.0
45.4,2.0
45.41,2.0
45.42,2.0
45.43,1.0
45.44,1.0
45.45,1.0
45.47,1.0
45.48,1.0
45.49,2.0
45.5,1.0
45.51,1.0
45.52,2.0
45.53,1.0
45.54,3.0
45.56,1.0
45.57,2.0
45.59,1.0
45.6,2.0
45.61,1.0
45.62,4.0
45.63,1.0
45.65,1.0
45.66,2.0
45.67,1.0
45.68,1.0
45.69,2.0
45.7,3.0
45.72,2.0
45.76,1.0
45.77,1.0
45.78,3.0
45.79,3.0
45.81,4.0
45.82,4.0
45.83,2.0
45.84,1.0
45.85,1.0
45.86,2.0
45.87,1.0
45.88,1.0
45.89,1.0
45.9,2.0
45.91,4.0
45.93,1.0
45.94,1.0
45.95,1.0
45.97,2.0
45.98,2.0
46.0,1.0
46.01,5.0
46.02,1.0
46.04,1.0
46.05,1.0
46.06,1.0
46.07,1.0
46.08,3.0
46.09,1.0
46.1,5.0
46.11,3.0
46.14,1.0
46.15,5.0
46.16,1.0
46.18,2.0
46.19,1.0
46.2,1.0
46.21,1.0
46.23,1.0
46.24,1.0
46.26,1.0
46.27,1.0
46.28,1.0
46.29,1.0
46.3,2.0
46.31,2.0
46.32,2.0
46.33,1.0
46.34,2.0
46.35,1.0
46.37,1.0
46.38,5.0
46.39,3.0
46.41,3.0
46.42,2.0
46.43,3.0
46.44,2.0
46.45,4.0
46.46,1.0
46.48,1.0
46.49,1.0
46.5,5.0
46.51,1.0
46.52,6.0
46.53,7.0
46.54,1.0
46.55,2.0
46.56,2.0
46.59,1.0
46.6,2.0
46.61,1.0
46.62,1.0
46.63,2.0
46.64,2.0
46.65,5.0
46.67,4.0
46.68,1.0
46.69,2.0
46.7,1.0
46.71,1.0
46.72,4.0
46.74,2.0
46.75,1.0
46.76,2.0
46.77,3.0
46.78,1.0
46.81,3.0
46.83,2.0
46.84,1.0
46.86,4.0
46.88,1.0
46.89,6.0
46.91,2.0
46.92,2.0
46.93,5.0
46.94,4.0
46.95,2.0
46.96,1.0
46.97,1.0
46.98,2.0
46.99,4.0
47.01,2.0
47.03,2.0
47.04,4.0
47.05,2.0
47.06,9.0
47.08,1.0
47.09,2.0
47.11,1.0
47.12,2.0
47.13,2.0
47.15,2.0
47.16,1.0
47.17,1.0
47.19,2.0
47.2,1.0
47.22,1.0
47.23,4.0
47.24,1.0
47.25,4.0
47.26,3.0
47.27,1.0
47.28,4.0
47.29,3.0
47.31,5.0
47.33,2.0
47.34,4.0
47.35,2.0
47.36,2.0
47.37,4.0
47.38,2.0
47.39,2.0
47.4,1.0
47.41,5.0
47.42,2.0
47.43,4.0
47.44,6.0
47.45,1.0
47.46,1.0
47.47,3.0
47.48,3.0
47.49,2.0
47.5,3.0
47.51,2.0
47.52,1.0
47.53,1.0
47.54,3.0
47.55,1.0
47.56,2.0
47.57,2.0
47.59,1.0
47.6,1.0
47.61,2.0
47.62,4.0
47.63,1.0
47.64,2.0
47.65,5.0
47.66,2.0
47.67,5.0
47.68,1.0
47.69,3.0
47.7,4.0
47.71,2.0
47.72,2.0
47.73,1.0
47.74,4.0
47.75,1.0
47.76,2.0
47.77,2.0
47.78,6.0
47.79,1.0
47.8,6.0
47.81,2.0
47.82,2.0
47.83,4.0
47.84,1.0
47.85,3.0
47.87,1.0
47.88,2.0
47.89,3.0
47.9,3.0
47.91,1.0
47.92,5.0
47.93,3.0
47.95,4.0
47.96,5.0
47.98,2.0
47.99,2.0
48.0,1.0
48.01,1.0
48.02,1.0
48.03,1.0
48.04,2.0
48.05,1.0
48.06,2.0
48.07,3.0
48.08,4.0
48.09,2.0
48.1,1.0
48.11,3.0
48.12,2.0
48.13,4.0
48.15,9.0
48.16,3.0
48.17,3.0
48.18,3.0
48.19,2.0
48.2,5.0
48.21,4.0
48.22,3.0
48.23,1.0
48.24,2.0
48.26,1.0
48.27,1.0
48.28,1.0
48.29,3.0
48.31,2.0
48.32,2.0
48.33,3.0
48.34,3.0
48.35,4.0
48.36,5.0
48.37,5.0
48.38,2.0
48.39,3.0
48.4,2.0
48.41,1.0
48.42,2.0
48.43,6.0
48.44,1.0
48.45,2.0
48.46,3.0
48.47,1.0
48.48,3.0
48.5,3.0
48.51,7.0
48.52,3.0
48.53,3.0
48.54,2.0
48.55,4.0
48.56,2.0
48.57,2.0
48.58,1.0
48.59,2.0
48.6,4.0
48.61,1.0
48.62,4.0
48.63,2.0
48.65,3.0
48.66,2.0
48.67,3.0
48.68,2.0
48.69,1.0
48.71,2.0
48.72,2.0
48.73,2.0
48.74,3.0
48.75,5.0
48.76,3.0
48.77,3.0
48.79,1.0
48.8,2.0
48.81,1.0
48.82,3.0
48.84,4.0
48.85,3.0
48.88,2.0
48.89,2.0
48.9,3.0
48.91,1.0
48.92,1.0
48.93,2.0
48.94,5.0
48.95,1.0
48.96,1.0
48.97,5.0
49.0,4.0
49.01,5.0
49.04,4.0
49.06,4.0
49.07,5.0
49.09,1.0
49.1,1.0
49.11,1.0
49.12,2.0
49.15,2.0
49.16,5.0
49.17,3.0
49.18,4.0
49.19,2.0
49.2,3.0
49.22,1.0
49.23,1.0
49.25,2.0
49.27,4.0
49.28,2.0
49.29,2.0
49.3,1.0
49.31,2.0
49.32,2.0
49.33,2.0
49.34,2.0
49.35,2.0
49.36,2.0
49.37,1.0
49.38,2.0
49.39,2.0
49.41,4.0
49.43,4.0
49.44,1.0
49.45,2.0
49.46,3.0
49.47,2.0
49.48,1.0
49.49,4.0
49.5,3.0
49.51,3.0
49.52,2.0
49.54,3.0
49.55,3.0
49.56,1.0
49.58,3.0
49.59,5.0
49.6,3.0
49.61,1.0
49.62,2.0
49.63,1.0
49.64,3.0
49.65,1.0
49.66,1.0
49.67,2.0
49.68,1.0
49.69,5.0
49.7,3.0
49.71,5.0
49.72,4.0
49.73,2.0
49.74,1.0
49.75,4.0
49.76,4.0
49.77,3.0
49.78,1.0
49.79,7.0
49.8,6.0
49.81,5.0
49.82,3.0
49.83,4.0
49.84,2.0
49.85,1.0
49.86,1.0
49.87,2.0
49.89,4.0
49.9,3.0
49.91,1.0
49.92,1.0
49.93,2.0
49.94,1.0
49.95,1.0
50.0,33.0
50.1,1.0
50.11,2.0
50.12,1.0
50.13,5.0
50.14,3.0
50.15,1.0
50.16,1.0
50.17,2.0
50.18,2.0
50.19,1.0
50.2,4.0
50.21,6.0
50.22,2.0
50.24,2.0
50.25,1.0
50.27,3.0
50.28,2.0
50.29,2.0
50.3,1.0
50.31,4.0
50.32,6.0
50.33,3.0
50.34,1.0
50.35,2.0
50.36,3.0
50.37,2.0
50.38,3.0
50.39,2.0
50.4,2.0
50.42,6.0
50.43,2.0
50.44,2.0
50.45,3.0
50.46,1.0
50.48,2.0
50.49,1.0
50.51,6.0
50.52,2.0
50.53,4.0
50.54,1.0
50.55,1.0
50.56,1.0
50.59,1.0
50.6,5.0
50.61,3.0
50.62,2.0
50.63,3.0
50.64,3.0
50.66,2.0
50.67,1.0
50.68,4.0
50.7,2.0
50.71,1.0
50.72,2.0
50.73,1.0
50.74,2.0
50.75,4.0
50.76,2.0
50.77,2.0
50.78,4.0
50.79,2.0
50.8,2.0
50.82,3.0
50.83,6.0
50.84,2.0
50.85,4.0
50.86,3.0
50.87,4.0
50.88,4.0
50.9,3.0
50.91,1.0
50.93,2.0
50.94,2.0
50.95,2.0
50.96,4.0
50.97,1.0
50.98,4.0
50.99,1.0
51.0,3.0
51.02,1.0
51.03,5.0
51.04,2.0
51.05,2.0
51.06,1.0
51.07,5.0
51.08,2.0
51.09,1.0
51.1,5.0
51.11,3.0
51.12,4.0
51.13,1.0
51.14,2.0
51.15,3.0
51.16,5.0
51.17,2.0
51.18,1.0
51.19,4.0
51.2,1.0
51.22,1.0
51.23,1.0
51.26,1.0
51.27,3.0
51.28,3.0
51.29,2.0
51.3,5.0
51.31,1.0
51.32,3.0
51.33,1.0
51.34,4.0
51.35,6.0
51.36,1.0
51.37,7.0
51.38,2.0
51.39,3.0
51.4,2.0
51.41,1.0
51.44,2.0
51.45,3.0
51.46,3.0
51.47,5.0
51.48,2.0
51.49,1.0
51.5,1.0
51.51,1.0
51.52,3.0
51.53,1.0
51.54,7.0
51.55,2.0
51.57,2.0
51.58,5.0
51.59,2.0
51.6,2.0
51.63,1.0
51.66,2.0
51.67,4.0
51.68,4.0
51.69,6.0
51.7,2.0
51.71,12.0
51.72,3.0
51.73,2.0
51.74,2.0
51.75,2.0
51.76,2.0
51.77,3.0
51.79,2.0
51.8,1.0
51.81,3.0
51.82,2.0
51.83,3.0
51.84,3.0
51.85,1.0
51.86,4.0
51.87,2.0
51.88,2.0
51.89,6.0
51.9,4.0
51.91,2.0
51.92,2.0
51.93,3.0
51.95,1.0
51.96,1.0
51.97,1.0
51.98,1.0
51.99,4.0
52.0,1.0
52.01,1.0
52.02,2.0
52.04,3.0
52.05,7.0
52.07,5.0
52.08,2.0
52.09,4.0
52.1,2.0
52.11,2.0
52.12,1.0
52.13,5.0
52.15,1.0
52.17,2.0
52.18,2.0
52.19,1.0
52.2,2.0
52.21,1.0
52.22,2.0
52.23,6.0
52.24,2.0
52.25,3.0
52.26,5.0
52.27,2.0
52.28,1.0
52.29,3.0
52.3,1.0
52.31,2.0
52.32,2.0
52.33,3.0
52.34,1.0
52.35,1.0
52.37,1.0
52.38,4.0
52.4,4.0
52.41,1.0
52.42,2.0
52.43,1.0
52.44,2.0
52.45,1.0
52.46,3.0
52.47,2.0
52.48,2.0
52.5,2.0
52.51,1.0
52.52,1.0
52.53,2.0
52.54,1.0
52.55,1.0
52.56,3.0
52.57,2.0
52.58,2.0
52.6,3.0
52.61,1.0
52.62,1.0
52.63,7.0
52.64,1.0
52.66,1.0
52.67,3.0
52.68,1.0
52.69,1.0
52.7,4.0
52.71,2.0
52.72,2.0
52.74,1.0
52.75,1.0
52.76,2.0
52.77,1.0
52.78,1.0
52.79,2.0
52.8,1.0
52.81,1.0
52.82,2.0
52.84,2.0
52.85,1.0
52.86,3.0
52.87,1.0
52.88,2.0
52.89,2.0
52.9,2.0
52.91,1.0
52.92,1.0
52.93,3.0
52.94,2.0
52.95,2.0
52.96,1.0
52.97,2.0
52.98,5.0
52.99,2.0
53.0,3.0
53.01,1.0
53.02,2.0
53.04,2.0
53.07,1.0
53.08,1.0
53.09,1.0
53.1,3.0
53.11,3.0
53.12,1.0
53.15,2.0
53.16,2.0
53.17,2.0
53.18,2.0
53.19,1.0
53.21,3.0
53.22,6.0
53.24,2.0
53.25,6.0
53.26,2.0
53.27,1.0
53.28,2.0
53.29,3.0
53.3,2.0
53.31,2.0
53.32,1.0
53.33,6.0
53.34,2.0
53.35,1.0
53.36,1.0
53.37,1.0
53.38,2.0
53.39,1.0
53.41,1.0
53.42,2.0
53.43,2.0
53.44,3.0
53.45,1.0
53.46,2.0
53.47,4.0
53.48,1.0
53.5,2.0
53.51,2.0
53.52,1.0
53.53,4.0
53.54,3.0
53.55,2.0
53.56,2.0
53.57,2.0
53.58,3.0
53.59,3.0
53.6,1.0
53.61,2.0
53.62,3.0
53.63,3.0
53.64,2.0
53.66,2.0
53.67,2.0
53.68,3.0
53.69,3.0
53.7,3.0
53.71,4.0
53.73,3.0
53.74,1.0
53.75,3.0
53.76,1.0
53.77,1.0
53.78,3.0
53.79,1.0
53.81,1.0
53.82,2.0
53.83,2.0
53.84,1.0
53.85,10.0
53.86,2.0
53.89,1.0
53.9,1.0
53.91,2.0
53.92,2.0
53.93,2.0
53.94,1.0
53.96,2.0
53.97,1.0
53.98,2.0
53.99,1.0
54.02,2.0
54.03,3.0
54.04,1.0
54.05,5.0
54.07,4.0
54.08,3.0
54.09,1.0
54.1,1.0
54.11,4.0
54.13,2.0
54.14,1.0
54.15,2.0
54.17,2.0
54.18,2.0
54.2,4.0
54.21,2.0
54.22,2.0
54.23,1.0
54.24,2.0
54.25,1.0
54.26,1.0
54.27,3.0
54.29,2.0
54.3,2.0
54.32,1.0
54.34,1.0
54.35,1.0
54.36,1.0
54.37,2.0
54.38,1.0
54.39,6.0
54.4,1.0
54.41,1.0
54.42,1.0
54.43,1.0
54.44,2.0
54.45,3.0
54.46,1.0
54.48,1.0
54.49,5.0
54.51,1.0
54.52,2.0
54.53,2.0
54.55,4.0
54.56,2.0
54.57,1.0
54.58,4.0
54.59,4.0
54.6,1.0
54.61,2.0
54.62,2.0
54.65,2.0
54.66,1.0
54.67,1.0
54.68,2.0
54.69,1.0
54.7,1.0
54.72,1.0
54.73,3.0
54.74,1.0
54.75,1.0
54.76,2.0
54.77,3.0
54.78,3.0
54.82,3.0
54.83,2.0
54.84,2.0
54.87,4.0
54.88,6.0
54.89,1.0
54.9,1.0
54.91,1.0
54.92,1.0
54.94,3.0
54.96,1.0
54.97,3.0
54.98,3.0
54.99,1.0
55.0,3.0
55.02,2.0
55.03,2.0
55.04,3.0
55.05,1.0
55.06,1.0
55.09,1.0
55.1,2.0
55.11,1.0
55.12,2.0
55.13,1.0
55.14,2.0
55.15,2.0
55.16,2.0
55.17,2.0
55.21,3.0
55.23,1.0
55.24,4.0
55.26,1.0
55.27,1.0
55.28,3.0
55.3,1.0
55.31,1.0
55.32,1.0
55.33,1.0
55.36,1.0
55.37,4.0
55.38,2.0
55.39,2.0
55.4,2.0
55.41,3.0
55.42,1.0
55.43,2.0
55.45,2.0
55.46,1.0
55.47,1.0
55.48,1.0
55.51,2.0
55.54,1.0
55.56,1.0
55.59,1.0
55.6,2.0
55.61,2.0
55.62,1.0
55.63,1.0
55.64,1.0
55.65,1.0
55.67,1.0
55.68,1.0
55.69,1.0
55.7,3.0
55.71,3.0
55.73,3.0
55.74,1.0
55.76,3.0
55.77,2.0
55.81,3.0
55.83,1.0
55.84,1.0
55.86,1.0
55.87,1.0
55.88,1.0
55.89,1.0
55.9,1.0
55.91,1.0
55.92,3.0
55.94,2.0
55.95,1.0
55.96,3.0
55.97,1.0
55.98,3.0
56.01,5.0
56.03,2.0
56.05,1.0
56.09,2.0
56.1,2.0
56.11,1.0
56.12,3.0
56.13,1.0
56.14,1.0
56.16,1.0
56.17,1.0
56.18,1.0
56.21,1.0
56.22,1.0
56.23,2.0
56.24,2.0
56.25,2.0
56.26,2.0
56.28,1.0
56.3,1.0
56.31,1.0
56.33,1.0
56.36,2.0
56.37,1.0
56.38,1.0
56.4,1.0
56.45,1.0
56.46,1.0
56.47,1.0
56.49,2.0
56.51,1.0
56.55,2.0
56.56,1.0
56.58,1.0
56.59,1.0
56.6,2.0
56.61,1.0
56.62,2.0
56.63,2.0
56.66,1.0
56.67,1.0
56.69,1.0
56.74,1.0
56.77,1.0
56.8,1.0
56.81,1.0
56.83,1.0
56.84,1.0
56.85,1.0
56.86,3.0
56.88,1.0
56.89,1.0
56.92,1.0
56.93,2.0
56.94,1.0
56.95,2.0
56.97,2.0
57.01,1.0
57.03,1.0
57.06,1.0
57.07,2.0
57.09,1.0
57.12,2.0
57.14,3.0
57.18,1.0
57.21,2.0
57.22,1.0
57.23,2.0
57.25,1.0
57.27,1.0
57.28,2.0
57.3,1.0
57.32,1.0
57.34,2.0
57.35,1.0
57.36,1.0
57.38,1.0
57.4,1.0
57.42,1.0
57.43,1.0
57.48,2.0
57.49,2.0
57.5,1.0
57.51,1.0
57.54,1.0
57.58,1.0
57.61,1.0
57.64,1.0
57.7,1.0
57.73,1.0
57.81,1.0
57.82,1.0
57.83,3.0
57.84,1.0
57.86,1.0
57.88,1.0
57.91,2.0
57.92,1.0
57.93,1.0
57.97,1.0
58.03,1.0
58.04,1.0
58.05,1.0
58.1,1.0
58.24,1.0
58.29,2.0
58.37,1.0
58.38,1.0
58.39,1.0
58.41,1.0
58.46,3.0
58.47,1.0
58.48,1.0
58.54,1.0
58.59,1.0
58.6,1.0
58.62,1.0
58.63,1.0
58.64,1.0
58.65,1.0
58.69,1.0
58.72,2.0
58.78,1.0
58.81,1.0
58.84,1.0
58.85,1.0
58.89,1.0
58.9,1.0
58.93,1.0
58.94,1.0
58.97,2.0
59.09,1.0
59.11,1.0
59.15,1.0
59.16,1.0
59.17,1.0
59.22,1.0
59.24,1.0
59.26,1.0
59.31,1.0
59.37,1.0
59.41,1.0
59.42,1.0
59.52,1.0
59.53,1.0
59.61,2.0
59.66,2.0
59.67,1.0
59.74,1.0
59.75,1.0
59.82,1.0
59.83,1.0
59.84,2.0
59.9,1.0
59.92,2.0
59.95,1.0
60.0,2.0
60.1,1.0
60.14,2.0
60.16,1.0
60.17,1.0
60.21,1.0
60.22,2.0
60.27,1.0
60.31,1.0
60.32,2.0
60.4,1.0
60.51,1.0
60.56,1.0
60.62,1.0
60.63,1.0
60.7,1.0
60.81,1.0
60.82,1.0
60.84,1.0
60.85,1.0
60.99,1.0
61.0,1.0
61.07,2.0
61.09,2.0
61.14,1.0
61.17,1.0
61.24,1.0
61.34,1.0
61.36,1.0
61.53,1.0
61.59,1.0
61.66,1.0
61.75,1.0
61.79,1.0
61.82,1.0
61.84,1.0
61.86,1.0
61.88,1.0
61.89,1.0
61.9,1.0
61.95,1.0
61.98,1.0
61.99,1.0
62.0,1.0
62.09,1.0
62.12,1.0
62.28,1.0
62.45,2.0
62.52,1.0
62.74,1.0
62.77,1.0
62.8,1.0
62.81,1.0
62.96,1.0
63.05,1.0
63.1,1.0
63.21,1.0
63.22,1.0
63.34,1.0
63.37,1.0
63.4,1.0
63.42,1.0
63.43,1.0
63.44,1.0
63.55,1.0
63.56,1.0
63.62,1.0
63.73,1.0
63.76,1.0
63.81,1.0
63.88,1.0
63.99,1.0
64.07,1.0
64.33,1.0
64.35,1.0
64.42,1.0
64.52,1.0
64.66,1.0
64.82,1.0
64.86,1.0
64.96,1.0
64.98,1.0
65.0,1.0
65.27,1.0
65.42,1.0
66.78,1.0
66.87,1.0
66.91,1.0
67.2,1.0
67.23,1.0
67.24,1.0

