seq_score,occurence
46.05,1.0
46.1,1.0
47.39,1.0
47.67,1.0
47.72,1.0
48.0,1.0
48.08,1.0
48.22,1.0
48.69,1.0
48.71,1.0
48.72,1.0
48.77,1.0
49.22,1.0
49.42,1.0
49.45,1.0
49.61,1.0
49.69,1.0
49.7,1.0
49.82,1.0
49.84,1.0
49.91,1.0
49.97,1.0
50.2,1.0
50.32,1.0
50.46,1.0
50.48,1.0
50.62,1.0
50.78,1.0
50.8,1.0
50.84,1.0
50.89,1.0
51.03,1.0
51.18,1.0
51.19,1.0
51.27,1.0
51.46,2.0
51.47,1.0
51.48,1.0
51.54,1.0
51.6,1.0
51.62,1.0
51.65,1.0
51.74,2.0
51.83,1.0
51.94,1.0
51.99,1.0
52.02,1.0
52.05,1.0
52.12,1.0
52.13,1.0
52.15,1.0
52.45,1.0
52.61,1.0
52.79,1.0
52.8,1.0
52.85,1.0
52.89,1.0
53.0,1.0
53.08,1.0
53.11,1.0
53.12,1.0
53.17,1.0
53.26,1.0
53.42,1.0
53.45,1.0
53.5,1.0
53.55,1.0
53.7,1.0
53.75,1.0
53.76,1.0
53.81,1.0
53.85,1.0
53.99,1.0
54.08,1.0
54.1,1.0
54.16,1.0
54.17,1.0
54.3,1.0
54.41,1.0
54.42,1.0
54.49,1.0
54.5,1.0
54.54,1.0
54.55,1.0
54.59,1.0
54.62,1.0
54.71,1.0
54.74,2.0
54.83,1.0
54.84,1.0
54.87,1.0
54.91,2.0
54.92,1.0
54.93,1.0
54.96,3.0
55.06,1.0
55.08,1.0
55.09,1.0
55.1,1.0
55.11,1.0
55.21,1.0
55.26,1.0
55.28,1.0
55.29,1.0
55.32,1.0
55.4,1.0
55.46,1.0
55.51,1.0
55.52,1.0
55.54,1.0
55.55,1.0
55.56,1.0
55.57,1.0
55.73,1.0
55.83,1.0
55.85,2.0
55.97,1.0
55.99,1.0
56.01,1.0
56.03,1.0
56.05,1.0
56.06,1.0
56.08,1.0
56.09,1.0
56.15,1.0
56.16,1.0
56.18,1.0
56.19,1.0
56.26,1.0
56.27,1.0
56.32,1.0
56.34,1.0
56.35,1.0
56.37,1.0
56.4,1.0
56.41,1.0
56.43,1.0
56.46,1.0
56.54,1.0
56.56,2.0
56.61,2.0
56.66,1.0
56.67,1.0
56.74,1.0
56.75,1.0
56.78,1.0
56.79,2.0
56.81,1.0
56.84,1.0
56.85,1.0
56.87,1.0
56.91,1.0
56.92,1.0
57.03,1.0
57.09,1.0
57.12,1.0
57.2,3.0
57.22,1.0
57.37,1.0
57.38,1.0
57.39,1.0
57.4,2.0
57.49,1.0
57.52,1.0
57.53,2.0
57.63,1.0
57.67,1.0
57.71,1.0
57.72,4.0
57.77,2.0
57.86,2.0
57.91,1.0
57.99,1.0
58.0,2.0
58.01,1.0
58.02,1.0
58.04,1.0
58.08,1.0
58.12,1.0
58.15,4.0
58.16,1.0
58.18,1.0
58.2,1.0
58.21,1.0
58.32,1.0
58.33,1.0
58.34,1.0
58.39,1.0
58.41,1.0
58.44,1.0
58.48,1.0
58.5,1.0
58.53,1.0
58.56,2.0
58.57,1.0
58.59,1.0
58.62,1.0
58.63,1.0
58.64,1.0
58.65,1.0
58.67,1.0
58.72,1.0
58.74,1.0
58.75,1.0
58.76,1.0
58.77,1.0
58.8,1.0
58.81,1.0
58.83,1.0
58.84,1.0
58.85,1.0
58.87,3.0
58.91,2.0
58.92,1.0
58.95,1.0
59.01,1.0
59.02,3.0
59.03,1.0
59.05,1.0
59.06,1.0
59.08,1.0
59.11,1.0
59.12,2.0
59.13,1.0
59.15,2.0
59.16,1.0
59.21,1.0
59.24,1.0
59.28,1.0
59.29,1.0
59.31,1.0
59.32,1.0
59.35,2.0
59.37,1.0
59.38,1.0
59.39,1.0
59.4,1.0
59.41,1.0
59.47,1.0
59.49,2.0
59.5,1.0
59.56,1.0
59.57,2.0
59.58,1.0
59.59,1.0
59.61,1.0
59.63,3.0
59.64,3.0
59.65,1.0
59.66,1.0
59.67,1.0
59.74,1.0
59.77,1.0
59.78,1.0
59.79,1.0
59.8,2.0
59.82,1.0
59.83,1.0
59.84,1.0
59.85,2.0
59.87,1.0
59.88,2.0
59.93,1.0
59.94,1.0
59.95,2.0
59.99,2.0
60.0,2.0
60.01,1.0
60.04,3.0
60.06,1.0
60.1,3.0
60.13,1.0
60.15,2.0
60.19,1.0
60.22,2.0
60.25,1.0
60.26,1.0
60.28,1.0
60.29,2.0
60.3,1.0
60.32,1.0
60.35,1.0
60.36,2.0
60.37,1.0
60.38,2.0
60.39,2.0
60.42,1.0
60.43,2.0
60.47,1.0
60.49,3.0
60.5,1.0
60.51,2.0
60.52,3.0
60.53,2.0
60.56,4.0
60.58,1.0
60.64,1.0
60.66,1.0
60.67,1.0
60.71,1.0
60.72,2.0
60.75,1.0
60.76,1.0
60.77,1.0
60.78,1.0
60.8,1.0
60.81,1.0
60.82,2.0
60.83,1.0
60.86,1.0
60.87,1.0
60.88,1.0
60.89,1.0
60.9,1.0
60.91,2.0
60.92,1.0
60.93,1.0
60.95,1.0
60.96,2.0
60.97,1.0
60.98,1.0
60.99,1.0
61.01,1.0
61.02,2.0
61.04,1.0
61.05,3.0
61.06,1.0
61.08,1.0
61.09,1.0
61.1,1.0
61.12,2.0
61.15,3.0
61.17,1.0
61.18,2.0
61.19,2.0
61.2,1.0
61.21,3.0
61.24,1.0
61.27,5.0
61.28,2.0
61.29,2.0
61.3,1.0
61.31,1.0
61.32,2.0
61.35,1.0
61.36,1.0
61.38,2.0
61.4,1.0
61.41,1.0
61.42,1.0
61.43,2.0
61.44,2.0
61.46,1.0
61.47,1.0
61.48,3.0
61.51,1.0
61.52,2.0
61.53,1.0
61.54,1.0
61.55,1.0
61.57,1.0
61.58,1.0
61.6,4.0
61.61,2.0
61.62,3.0
61.64,2.0
61.65,2.0
61.67,1.0
61.68,2.0
61.69,2.0
61.71,1.0
61.72,3.0
61.73,2.0
61.75,1.0
61.76,1.0
61.77,1.0
61.78,1.0
61.79,3.0
61.8,1.0
61.81,1.0
61.83,1.0
61.84,2.0
61.88,1.0
61.89,2.0
61.9,2.0
61.91,1.0
61.93,2.0
61.95,1.0
61.96,1.0
61.97,1.0
61.98,2.0
61.99,1.0
62.0,1.0
62.02,5.0
62.05,2.0
62.06,2.0
62.07,2.0
62.08,1.0
62.09,1.0
62.1,1.0
62.12,1.0
62.13,1.0
62.14,3.0
62.15,1.0
62.16,3.0
62.17,3.0
62.18,2.0
62.19,1.0
62.2,3.0
62.21,3.0
62.22,3.0
62.23,2.0
62.25,2.0
62.26,3.0
62.28,3.0
62.29,2.0
62.3,1.0
62.31,3.0
62.32,1.0
62.33,1.0
62.34,3.0
62.36,3.0
62.38,1.0
62.39,1.0
62.4,3.0
62.41,3.0
62.42,4.0
62.49,1.0
62.5,2.0
62.51,1.0
62.52,5.0
62.53,5.0
62.54,1.0
62.55,2.0
62.56,3.0
62.57,4.0
62.58,1.0
62.59,2.0
62.6,4.0
62.62,1.0
62.63,3.0
62.64,2.0
62.65,5.0
62.68,2.0
62.69,3.0
62.7,1.0
62.73,1.0
62.75,2.0
62.77,3.0
62.78,2.0
62.79,1.0
62.8,2.0
62.81,3.0
62.82,2.0
62.83,1.0
62.84,2.0
62.86,2.0
62.89,1.0
62.9,2.0
62.91,2.0
62.92,1.0
62.93,1.0
62.94,3.0
62.95,1.0
62.96,2.0
62.97,1.0
62.98,2.0
62.99,3.0
63.0,2.0
63.01,2.0
63.03,2.0
63.06,3.0
63.07,1.0
63.08,1.0
63.09,5.0
63.11,2.0
63.12,4.0
63.13,1.0
63.14,3.0
63.15,3.0
63.16,1.0
63.18,1.0
63.19,2.0
63.2,6.0
63.21,2.0
63.22,1.0
63.23,2.0
63.24,1.0
63.25,3.0
63.26,4.0
63.27,2.0
63.28,3.0
63.29,1.0
63.3,2.0
63.31,3.0
63.33,2.0
63.34,2.0
63.35,1.0
63.36,1.0
63.38,2.0
63.39,1.0
63.41,2.0
63.42,2.0
63.43,1.0
63.45,2.0
63.46,1.0
63.47,1.0
63.48,1.0
63.49,2.0
63.51,3.0
63.52,1.0
63.53,4.0
63.54,1.0
63.55,2.0
63.57,2.0
63.58,4.0
63.6,3.0
63.61,3.0
63.62,1.0
63.65,2.0
63.69,3.0
63.7,2.0
63.71,2.0
63.72,1.0
63.74,1.0
63.75,2.0
63.76,2.0
63.77,1.0
63.78,1.0
63.8,2.0
63.81,2.0
63.82,1.0
63.83,2.0
63.84,3.0
63.85,1.0
63.86,1.0
63.87,2.0
63.88,2.0
63.89,1.0
63.9,1.0
63.92,1.0
63.93,4.0
63.94,3.0
63.95,1.0
63.96,2.0
63.97,1.0
63.98,3.0
63.99,4.0
64.0,3.0
64.01,1.0
64.02,2.0
64.04,4.0
64.06,2.0
64.07,3.0
64.08,4.0
64.09,5.0
64.1,3.0
64.13,2.0
64.14,4.0
64.15,1.0
64.16,3.0
64.18,1.0
64.19,1.0
64.2,1.0
64.21,2.0
64.22,2.0
64.23,2.0
64.24,2.0
64.25,2.0
64.27,1.0
64.28,1.0
64.29,1.0
64.31,3.0
64.32,2.0
64.33,1.0
64.35,1.0
64.36,4.0
64.37,2.0
64.39,3.0
64.4,1.0
64.41,1.0
64.42,2.0
64.43,2.0
64.44,1.0
64.45,2.0
64.46,1.0
64.47,1.0
64.48,2.0
64.49,3.0
64.5,2.0
64.52,3.0
64.55,2.0
64.56,1.0
64.57,1.0
64.58,4.0
64.59,1.0
64.6,2.0
64.61,4.0
64.62,5.0
64.63,2.0
64.64,4.0
64.67,1.0
64.68,1.0
64.69,4.0
64.7,7.0
64.71,4.0
64.72,3.0
64.75,2.0
64.76,3.0
64.77,1.0
64.78,1.0
64.79,4.0
64.8,2.0
64.81,3.0
64.82,3.0
64.83,1.0
64.84,2.0
64.85,2.0
64.86,2.0
64.87,3.0
64.88,3.0
64.9,4.0
64.91,3.0
64.92,1.0
64.93,1.0
64.94,3.0
64.95,1.0
64.97,1.0
64.98,3.0
65.01,1.0
65.03,2.0
65.04,3.0
65.05,1.0
65.06,3.0
65.07,2.0
65.09,2.0
65.1,1.0
65.11,1.0
65.12,2.0
65.13,2.0
65.14,2.0
65.15,3.0
65.16,4.0
65.17,1.0
65.18,2.0
65.19,1.0
65.2,1.0
65.21,3.0
65.22,3.0
65.23,2.0
65.24,2.0
65.25,1.0
65.26,1.0
65.27,5.0
65.28,2.0
65.29,1.0
65.3,5.0
65.31,2.0
65.32,5.0
65.33,2.0
65.34,2.0
65.35,2.0
65.36,2.0
65.37,2.0
65.38,1.0
65.39,2.0
65.41,1.0
65.43,1.0
65.44,1.0
65.45,1.0
65.46,2.0
65.47,1.0
65.48,3.0
65.49,1.0
65.5,3.0
65.51,1.0
65.52,3.0
65.53,3.0
65.54,5.0
65.55,3.0
65.57,5.0
65.58,2.0
65.59,4.0
65.6,1.0
65.61,1.0
65.63,3.0
65.64,3.0
65.65,2.0
65.66,1.0
65.67,2.0
65.68,2.0
65.69,3.0
65.7,2.0
65.71,2.0
65.72,4.0
65.73,1.0
65.74,4.0
65.75,1.0
65.76,5.0
65.77,4.0
65.78,4.0
65.79,2.0
65.8,2.0
65.81,7.0
65.82,2.0
65.83,4.0
65.84,2.0
65.88,2.0
65.89,2.0
65.9,1.0
65.91,3.0
65.93,3.0
65.95,3.0
65.97,4.0
65.98,1.0
66.0,1.0
66.01,3.0
66.03,2.0
66.04,1.0
66.05,2.0
66.06,1.0
66.07,1.0
66.08,5.0
66.09,6.0
66.11,2.0
66.12,3.0
66.13,2.0
66.14,3.0
66.16,3.0
66.17,3.0
66.18,2.0
66.19,2.0
66.2,4.0
66.21,3.0
66.22,3.0
66.23,3.0
66.24,2.0
66.25,2.0
66.26,3.0
66.27,1.0
66.28,5.0
66.29,1.0
66.3,1.0
66.31,3.0
66.32,1.0
66.33,2.0
66.34,2.0
66.35,2.0
66.36,4.0
66.37,3.0
66.38,7.0
66.4,2.0
66.41,3.0
66.42,4.0
66.43,1.0
66.44,3.0
66.45,1.0
66.46,2.0
66.47,2.0
66.48,3.0
66.49,4.0
66.5,2.0
66.52,1.0
66.53,4.0
66.54,2.0
66.55,6.0
66.56,5.0
66.57,2.0
66.58,1.0
66.59,1.0
66.6,1.0
66.61,3.0
66.62,2.0
66.63,1.0
66.64,3.0
66.65,7.0
66.66,2.0
66.67,2.0
66.68,1.0
66.69,2.0
66.7,4.0
66.71,4.0
66.72,3.0
66.73,3.0
66.74,1.0
66.75,2.0
66.77,2.0
66.78,5.0
66.79,4.0
66.8,4.0
66.81,2.0
66.82,2.0
66.83,4.0
66.84,2.0
66.87,4.0
66.89,1.0
66.9,3.0
66.91,3.0
66.92,4.0
66.93,2.0
66.94,1.0
66.95,4.0
66.96,3.0
66.97,1.0
66.98,1.0
66.99,3.0
67.0,4.0
67.01,2.0
67.02,1.0
67.03,4.0
67.04,3.0
67.05,3.0
67.06,2.0
67.07,2.0
67.08,2.0
67.09,2.0
67.1,3.0
67.11,1.0
67.12,1.0
67.13,1.0
67.14,2.0
67.16,2.0
67.17,3.0
67.18,1.0
67.21,2.0
67.22,4.0
67.23,1.0
67.24,3.0
67.25,2.0
67.26,1.0
67.27,2.0
67.28,5.0
67.29,2.0
67.3,3.0
67.31,2.0
67.32,2.0
67.33,4.0
67.35,2.0
67.36,1.0
67.37,2.0
67.38,1.0
67.4,4.0
67.41,3.0
67.42,3.0
67.43,4.0
67.44,2.0
67.45,2.0
67.46,5.0
67.47,3.0
67.48,2.0
67.49,2.0
67.5,5.0
67.51,3.0
67.52,1.0
67.53,2.0
67.54,4.0
67.55,3.0
67.56,5.0
67.57,4.0
67.58,1.0
67.59,2.0
67.6,4.0
67.62,4.0
67.63,3.0
67.64,2.0
67.65,1.0
67.66,3.0
67.67,6.0
67.68,3.0
67.69,3.0
67.71,4.0
67.72,4.0
67.73,3.0
67.74,3.0
67.75,5.0
67.77,3.0
67.78,3.0
67.79,4.0
67.8,2.0
67.81,4.0
67.82,4.0
67.83,2.0
67.84,4.0
67.85,3.0
67.86,1.0
67.87,3.0
67.88,2.0
67.89,2.0
67.9,5.0
67.91,3.0
67.92,2.0
67.93,1.0
67.94,2.0
67.95,3.0
67.96,4.0
67.97,2.0
67.98,2.0
68.0,4.0
68.01,5.0
68.02,4.0
68.03,4.0
68.04,1.0
68.05,6.0
68.06,2.0
68.07,4.0
68.08,2.0
68.09,4.0
68.1,4.0
68.11,3.0
68.12,1.0
68.13,4.0
68.14,2.0
68.15,4.0
68.16,2.0
68.17,5.0
68.18,2.0
68.19,1.0
68.2,6.0
68.21,2.0
68.22,3.0
68.23,2.0
68.24,1.0
68.25,3.0
68.26,3.0
68.28,3.0
68.29,3.0
68.3,1.0
68.31,1.0
68.32,3.0
68.33,3.0
68.34,2.0
68.35,2.0
68.36,4.0
68.37,2.0
68.38,3.0
68.39,2.0
68.4,1.0
68.41,1.0
68.42,1.0
68.43,6.0
68.44,1.0
68.45,2.0
68.46,1.0
68.47,1.0
68.49,1.0
68.51,1.0
68.52,2.0
68.53,6.0
68.54,1.0
68.55,2.0
68.56,1.0
68.57,2.0
68.58,6.0
68.59,6.0
68.6,2.0
68.61,5.0
68.62,1.0
68.63,2.0
68.64,5.0
68.65,2.0
68.66,1.0
68.67,3.0
68.68,2.0
68.69,4.0
68.7,3.0
68.71,4.0
68.72,2.0
68.73,2.0
68.74,8.0
68.76,1.0
68.77,2.0
68.78,3.0
68.79,7.0
68.8,4.0
68.81,1.0
68.82,3.0
68.83,2.0
68.84,2.0
68.85,2.0
68.86,5.0
68.87,2.0
68.88,2.0
68.89,3.0
68.9,2.0
68.91,3.0
68.92,2.0
68.93,1.0
68.94,4.0
68.95,5.0
68.96,1.0
68.97,3.0
68.99,3.0
69.0,6.0
69.01,3.0
69.02,4.0
69.03,5.0
69.04,3.0
69.06,3.0
69.07,5.0
69.08,2.0
69.1,3.0
69.11,4.0
69.12,5.0
69.13,2.0
69.14,1.0
69.15,3.0
69.17,3.0
69.19,4.0
69.2,2.0
69.21,2.0
69.22,3.0
69.23,5.0
69.24,3.0
69.25,2.0
69.27,4.0
69.28,3.0
69.29,4.0
69.3,3.0
69.31,6.0
69.32,6.0
69.33,2.0
69.34,1.0
69.35,7.0
69.36,2.0
69.38,6.0
69.39,2.0
69.4,4.0
69.41,1.0
69.42,3.0
69.43,6.0
69.44,1.0
69.46,3.0
69.47,1.0
69.48,5.0
69.49,6.0
69.5,1.0
69.51,1.0
69.52,3.0
69.53,2.0
69.54,3.0
69.55,3.0
69.56,3.0
69.57,5.0
69.58,3.0
69.59,4.0
69.6,4.0
69.61,1.0
69.62,4.0
69.63,3.0
69.64,5.0
69.65,1.0
69.67,4.0
69.68,2.0
69.69,2.0
69.7,5.0
69.71,3.0
69.72,2.0
69.73,3.0
69.74,5.0
69.75,3.0
69.76,1.0
69.77,1.0
69.78,3.0
69.79,2.0
69.8,3.0
69.82,2.0
69.83,2.0
69.84,1.0
69.85,2.0
69.86,3.0
69.87,2.0
69.88,2.0
69.9,2.0
69.91,3.0
69.92,2.0
69.94,1.0
69.95,1.0
69.96,1.0
69.97,2.0
69.98,2.0
69.99,3.0
70.0,2.0
70.01,3.0
70.02,1.0
70.03,2.0
70.04,3.0
70.05,3.0
70.06,1.0
70.07,5.0
70.08,3.0
70.1,3.0
70.11,1.0
70.12,1.0
70.13,2.0
70.14,4.0
70.15,2.0
70.16,2.0
70.17,5.0
70.18,3.0
70.19,2.0
70.2,2.0
70.21,4.0
70.22,3.0
70.23,5.0
70.24,2.0
70.25,2.0
70.27,3.0
70.28,3.0
70.3,1.0
70.31,3.0
70.32,3.0
70.34,2.0
70.35,2.0
70.36,3.0
70.39,5.0
70.4,1.0
70.41,5.0
70.42,1.0
70.43,6.0
70.44,2.0
70.45,2.0
70.46,1.0
70.47,3.0
70.48,2.0
70.49,5.0
70.51,5.0
70.52,2.0
70.53,7.0
70.54,1.0
70.55,4.0
70.56,2.0
70.57,2.0
70.58,2.0
70.59,2.0
70.61,1.0
70.62,2.0
70.63,2.0
70.64,5.0
70.65,2.0
70.66,2.0
70.67,3.0
70.68,3.0
70.69,2.0
70.7,2.0
70.71,3.0
70.72,2.0
70.73,5.0
70.74,1.0
70.75,4.0
70.76,3.0
70.77,3.0
70.78,3.0
70.79,4.0
70.8,5.0
70.81,1.0
70.82,6.0
70.83,1.0
70.84,2.0
70.85,2.0
70.86,2.0
70.87,1.0
70.88,2.0
70.9,2.0
70.91,3.0
70.93,1.0
70.94,3.0
70.95,4.0
70.96,1.0
70.97,2.0
70.98,2.0
70.99,2.0
71.0,3.0
71.02,5.0
71.03,3.0
71.04,2.0
71.05,2.0
71.06,2.0
71.07,2.0
71.08,3.0
71.09,1.0
71.1,1.0
71.11,4.0
71.12,5.0
71.13,7.0
71.14,6.0
71.15,5.0
71.16,3.0
71.17,3.0
71.18,3.0
71.2,4.0
71.21,3.0
71.22,1.0
71.23,2.0
71.24,1.0
71.25,2.0
71.26,4.0
71.27,2.0
71.28,3.0
71.29,1.0
71.3,2.0
71.31,2.0
71.32,1.0
71.34,6.0
71.35,5.0
71.36,4.0
71.39,3.0
71.4,2.0
71.42,2.0
71.43,4.0
71.44,7.0
71.46,3.0
71.47,1.0
71.48,3.0
71.49,3.0
71.5,5.0
71.51,2.0
71.52,3.0
71.53,1.0
71.54,1.0
71.55,2.0
71.56,5.0
71.57,4.0
71.58,3.0
71.59,2.0
71.6,4.0
71.61,5.0
71.62,3.0
71.63,3.0
71.64,6.0
71.65,4.0
71.66,4.0
71.67,1.0
71.68,2.0
71.69,3.0
71.7,2.0
71.71,3.0
71.72,2.0
71.73,1.0
71.74,1.0
71.75,1.0
71.76,3.0
71.77,1.0
71.78,3.0
71.79,4.0
71.8,2.0
71.81,1.0
71.82,2.0
71.83,2.0
71.84,1.0
71.86,2.0
71.87,2.0
71.88,2.0
71.89,5.0
71.9,5.0
71.91,3.0
71.92,2.0
71.93,1.0
71.95,1.0
71.96,2.0
71.97,4.0
71.98,1.0
71.99,1.0
72.0,6.0
72.02,3.0
72.03,2.0
72.04,3.0
72.06,1.0
72.07,1.0
72.08,2.0
72.09,1.0
72.1,3.0
72.11,1.0
72.12,3.0
72.13,3.0
72.14,2.0
72.15,2.0
72.16,1.0
72.17,1.0
72.18,3.0
72.19,2.0
72.2,3.0
72.21,1.0
72.22,2.0
72.23,1.0
72.24,1.0
72.25,3.0
72.26,4.0
72.27,3.0
72.28,3.0
72.29,1.0
72.3,1.0
72.31,5.0
72.32,3.0
72.33,1.0
72.34,2.0
72.35,2.0
72.36,1.0
72.37,1.0
72.38,2.0
72.39,3.0
72.4,1.0
72.41,1.0
72.42,2.0
72.43,1.0
72.44,1.0
72.46,6.0
72.47,2.0
72.48,5.0
72.49,3.0
72.5,2.0
72.52,3.0
72.53,1.0
72.54,4.0
72.55,2.0
72.56,1.0
72.57,1.0
72.58,4.0
72.59,2.0
72.6,1.0
72.61,2.0
72.62,4.0
72.63,2.0
72.66,3.0
72.67,2.0
72.68,5.0
72.69,1.0
72.72,1.0
72.73,2.0
72.74,1.0
72.75,1.0
72.76,3.0
72.77,1.0
72.78,4.0
72.79,4.0
72.8,3.0
72.81,2.0
72.82,2.0
72.83,1.0
72.84,2.0
72.85,2.0
72.86,2.0
72.88,5.0
72.89,1.0
72.91,4.0
72.92,2.0
72.93,1.0
72.94,2.0
72.95,2.0
72.96,2.0
72.97,2.0
72.99,2.0
73.01,1.0
73.02,2.0
73.03,1.0
73.04,2.0
73.05,4.0
73.07,3.0
73.08,4.0
73.09,4.0
73.1,3.0
73.11,1.0
73.12,3.0
73.13,3.0
73.14,2.0
73.15,2.0
73.16,2.0
73.17,2.0
73.18,2.0
73.19,2.0
73.2,1.0
73.21,1.0
73.22,1.0
73.23,2.0
73.25,4.0
73.28,2.0
73.29,1.0
73.3,1.0
73.32,1.0
73.33,3.0
73.35,1.0
73.37,4.0
73.38,1.0
73.39,3.0
73.41,2.0
73.42,3.0
73.43,2.0
73.44,3.0
73.46,2.0
73.47,3.0
73.48,4.0
73.5,1.0
73.51,2.0
73.52,1.0
73.53,1.0
73.54,3.0
73.55,1.0
73.57,1.0
73.58,3.0
73.59,2.0
73.6,3.0
73.61,3.0
73.63,3.0
73.64,3.0
73.67,1.0
73.68,2.0
73.7,1.0
73.71,1.0
73.72,2.0
73.74,2.0
73.77,2.0
73.78,2.0
73.79,1.0
73.8,1.0
73.81,4.0
73.82,1.0
73.83,1.0
73.84,1.0
73.85,2.0
73.86,1.0
73.87,2.0
73.89,2.0
73.9,3.0
73.91,1.0
73.92,1.0
73.93,1.0
73.95,1.0
73.96,2.0
73.97,2.0
73.99,3.0
74.0,1.0
74.01,1.0
74.02,1.0
74.03,1.0
74.04,5.0
74.05,1.0
74.06,1.0
74.07,2.0
74.08,2.0
74.09,1.0
74.11,1.0
74.12,2.0
74.13,2.0
74.14,1.0
74.15,2.0
74.16,3.0
74.17,1.0
74.18,2.0
74.2,2.0
74.21,1.0
74.24,2.0
74.25,1.0
74.26,1.0
74.27,1.0
74.28,2.0
74.29,1.0
74.31,2.0
74.32,1.0
74.38,1.0
74.39,1.0
74.4,1.0
74.42,1.0
74.43,1.0
74.44,1.0
74.46,1.0
74.5,2.0
74.51,1.0
74.53,1.0
74.55,3.0
74.56,2.0
74.58,1.0
74.6,2.0
74.61,1.0
74.62,2.0
74.64,2.0
74.7,1.0
74.71,1.0
74.72,1.0
74.74,1.0
74.77,1.0
74.79,4.0
74.82,2.0
74.85,1.0
74.86,1.0
74.87,1.0
74.93,1.0
74.94,1.0
74.95,1.0
74.96,1.0
75.01,1.0
75.05,1.0
75.06,2.0
75.07,1.0
75.08,1.0
75.09,1.0
75.12,1.0
75.13,1.0
75.14,1.0
75.15,1.0
75.16,1.0
75.19,1.0
75.2,1.0
75.27,1.0
75.34,2.0
75.45,2.0
75.46,1.0
75.49,1.0
75.53,1.0
75.54,3.0
75.55,1.0
75.58,2.0
75.59,1.0
75.64,1.0
75.65,1.0
75.68,2.0
75.69,1.0
75.71,1.0
75.73,1.0
75.76,2.0
75.77,1.0
75.78,1.0
75.79,1.0
75.84,1.0
76.17,1.0
76.27,1.0
76.28,1.0
76.31,1.0
76.35,1.0
76.36,1.0
76.43,2.0
76.74,1.0
76.93,1.0
76.99,1.0
77.16,1.0
77.2,1.0
77.43,1.0
77.44,1.0

