GC_content,mapped,occurence
18.17,0.0,1.0
24.98,0.0,1.0
27.38,0.0,1.0
29.8,0.0,1.0
30.83,0.0,1.0
30.84,0.0,1.0
30.99,0.0,1.0
31.11,0.0,1.0
31.28,0.0,1.0
31.49,0.0,2.0
31.55,0.0,1.0
31.64,0.0,1.0
31.67,0.0,1.0
31.75,0.0,1.0
31.87,0.0,1.0
32.09,0.0,1.0
32.19,0.0,1.0
32.24,0.0,1.0
32.46,0.0,1.0
33.57,0.0,1.0
33.63,0.0,1.0
33.75,0.0,1.0
33.77,0.0,1.0
33.84,0.0,1.0
33.89,0.0,1.0
33.99,0.0,1.0
34.0,0.0,1.0
34.27,0.0,1.0
34.29,0.0,1.0
34.33,0.0,1.0
34.41,0.0,1.0
34.47,0.0,1.0
34.55,0.0,1.0
34.59,0.0,1.0
34.62,0.0,3.0
34.64,0.0,2.0
34.77,0.0,1.0
34.84,0.0,1.0
35.09,0.0,1.0
35.28,0.0,1.0
35.29,0.0,1.0
35.32,0.0,1.0
35.34,0.0,1.0
35.38,0.0,1.0
35.42,0.0,1.0
35.43,0.0,1.0
35.52,0.0,1.0
35.78,0.0,1.0
35.89,0.0,1.0
35.91,0.0,1.0
35.96,0.0,1.0
35.98,0.0,1.0
36.11,0.0,1.0
36.2,0.0,1.0
36.25,0.0,1.0
36.41,0.0,1.0
36.61,0.0,1.0
36.7,0.0,1.0
36.73,0.0,1.0
36.77,0.0,1.0
36.81,0.0,1.0
36.87,0.0,1.0
36.88,0.0,1.0
36.95,0.0,1.0
37.02,0.0,1.0
37.16,0.0,1.0
37.22,0.0,1.0
37.33,0.0,1.0
37.52,0.0,1.0
37.62,0.0,1.0
37.64,0.0,1.0
37.65,0.0,1.0
37.79,0.0,1.0
37.86,0.0,1.0
37.96,0.0,1.0
38.0,0.0,3.0
38.06,0.0,1.0
38.21,0.0,1.0
38.3,0.0,1.0
38.31,0.0,1.0
38.32,0.0,1.0
38.37,0.0,1.0
38.39,0.0,3.0
38.52,0.0,1.0
38.53,0.0,1.0
38.53,1.0,1.0
38.59,0.0,1.0
38.6,0.0,1.0
38.62,1.0,1.0
38.64,0.0,1.0
38.71,0.0,1.0
38.79,0.0,2.0
38.8,0.0,1.0
38.83,0.0,1.0
38.93,0.0,1.0
38.95,0.0,1.0
39.0,0.0,1.0
39.04,0.0,1.0
39.05,0.0,2.0
39.08,0.0,1.0
39.17,0.0,2.0
39.26,0.0,1.0
39.3,0.0,1.0
39.38,0.0,1.0
39.41,0.0,1.0
39.44,0.0,1.0
39.45,0.0,1.0
39.46,0.0,3.0
39.48,0.0,2.0
39.52,0.0,3.0
39.53,0.0,1.0
39.54,0.0,1.0
39.56,0.0,4.0
39.59,0.0,1.0
39.6,0.0,1.0
39.63,0.0,5.0
39.64,0.0,1.0
39.64,1.0,1.0
39.68,0.0,1.0
39.7,0.0,1.0
39.71,0.0,1.0
39.73,0.0,1.0
39.74,0.0,5.0
39.78,0.0,1.0
39.81,0.0,1.0
39.85,0.0,2.0
39.86,0.0,1.0
39.87,0.0,1.0
39.88,0.0,1.0
39.89,0.0,1.0
39.93,0.0,1.0
39.94,0.0,1.0
39.97,0.0,1.0
39.98,0.0,1.0
40.0,0.0,3.0
40.03,0.0,1.0
40.04,0.0,1.0
40.08,0.0,2.0
40.11,0.0,1.0
40.16,0.0,1.0
40.18,0.0,1.0
40.19,0.0,1.0
40.2,0.0,1.0
40.27,0.0,1.0
40.28,0.0,2.0
40.3,0.0,3.0
40.31,0.0,1.0
40.39,0.0,1.0
40.4,0.0,1.0
40.41,0.0,1.0
40.42,0.0,1.0
40.45,0.0,1.0
40.48,0.0,3.0
40.49,0.0,1.0
40.52,0.0,1.0
40.55,0.0,2.0
40.56,0.0,1.0
40.59,0.0,1.0
40.62,0.0,1.0
40.65,0.0,1.0
40.66,0.0,1.0
40.68,0.0,1.0
40.69,0.0,1.0
40.72,0.0,1.0
40.74,0.0,4.0
40.75,1.0,1.0
40.76,0.0,2.0
40.77,0.0,1.0
40.8,1.0,1.0
40.81,0.0,1.0
40.83,0.0,2.0
40.85,0.0,3.0
40.88,0.0,2.0
40.89,0.0,1.0
40.9,0.0,1.0
40.91,0.0,3.0
40.93,0.0,2.0
40.96,0.0,1.0
40.99,0.0,3.0
41.0,0.0,2.0
41.01,0.0,3.0
41.02,0.0,1.0
41.05,0.0,2.0
41.07,0.0,1.0
41.07,1.0,1.0
41.11,0.0,1.0
41.14,0.0,1.0
41.15,0.0,1.0
41.17,0.0,1.0
41.18,0.0,2.0
41.2,0.0,1.0
41.21,0.0,2.0
41.22,0.0,1.0
41.23,0.0,1.0
41.24,0.0,2.0
41.25,0.0,4.0
41.31,0.0,1.0
41.36,0.0,3.0
41.37,0.0,1.0
41.39,0.0,1.0
41.41,0.0,2.0
41.43,0.0,1.0
41.44,0.0,3.0
41.45,0.0,1.0
41.47,0.0,1.0
41.49,0.0,1.0
41.5,0.0,1.0
41.51,0.0,2.0
41.53,0.0,1.0
41.55,0.0,1.0
41.57,0.0,2.0
41.61,0.0,2.0
41.62,0.0,2.0
41.64,0.0,2.0
41.67,0.0,1.0
41.69,0.0,1.0
41.7,0.0,2.0
41.72,0.0,2.0
41.75,0.0,2.0
41.77,0.0,1.0
41.78,0.0,1.0
41.8,0.0,1.0
41.81,0.0,1.0
41.83,0.0,1.0
41.84,0.0,1.0
41.85,0.0,2.0
41.88,0.0,2.0
41.88,1.0,1.0
41.9,0.0,1.0
41.9,1.0,1.0
41.94,0.0,2.0
41.96,1.0,1.0
41.97,0.0,2.0
42.03,0.0,2.0
42.04,0.0,1.0
42.06,0.0,2.0
42.09,0.0,1.0
42.11,0.0,1.0
42.12,0.0,2.0
42.14,0.0,18.0
42.17,0.0,1.0
42.17,1.0,1.0
42.19,0.0,1.0
42.21,0.0,2.0
42.22,0.0,1.0
42.23,0.0,1.0
42.26,0.0,2.0
42.29,0.0,2.0
42.31,0.0,2.0
42.32,0.0,1.0
42.33,0.0,2.0
42.34,0.0,1.0
42.35,0.0,2.0
42.36,0.0,3.0
42.38,0.0,1.0
42.39,0.0,1.0
42.39,1.0,1.0
42.4,0.0,1.0
42.41,0.0,4.0
42.43,0.0,2.0
42.45,0.0,3.0
42.47,0.0,3.0
42.47,1.0,1.0
42.48,0.0,2.0
42.52,0.0,1.0
42.55,0.0,1.0
42.56,0.0,2.0
42.57,0.0,2.0
42.59,0.0,1.0
42.6,0.0,1.0
42.62,0.0,6.0
42.64,0.0,1.0
42.66,0.0,1.0
42.68,0.0,2.0
42.68,1.0,1.0
42.71,0.0,2.0
42.72,0.0,2.0
42.72,1.0,1.0
42.73,0.0,3.0
42.74,0.0,2.0
42.75,0.0,1.0
42.76,0.0,4.0
42.79,0.0,4.0
42.79,1.0,1.0
42.81,0.0,2.0
42.82,0.0,1.0
42.83,0.0,1.0
42.86,0.0,6.0
42.89,0.0,1.0
42.9,0.0,2.0
42.91,0.0,1.0
42.92,0.0,2.0
42.93,0.0,2.0
42.95,0.0,13.0
42.95,1.0,1.0
42.97,0.0,1.0
42.97,1.0,1.0
42.98,0.0,1.0
42.99,0.0,2.0
43.0,0.0,1.0
43.01,0.0,2.0
43.02,0.0,1.0
43.03,0.0,2.0
43.03,1.0,1.0
43.04,0.0,3.0
43.04,1.0,1.0
43.05,0.0,2.0
43.06,0.0,2.0
43.07,0.0,4.0
43.08,0.0,2.0
43.08,1.0,1.0
43.09,0.0,5.0
43.11,0.0,1.0
43.12,0.0,3.0
43.12,1.0,1.0
43.14,0.0,1.0
43.15,0.0,1.0
43.17,0.0,2.0
43.18,0.0,2.0
43.19,0.0,2.0
43.19,1.0,1.0
43.2,0.0,1.0
43.2,1.0,1.0
43.21,0.0,1.0
43.22,0.0,2.0
43.23,0.0,4.0
43.25,0.0,2.0
43.26,0.0,1.0
43.27,0.0,1.0
43.28,0.0,21.0
43.3,0.0,1.0
43.31,0.0,2.0
43.31,1.0,1.0
43.32,0.0,6.0
43.33,0.0,2.0
43.34,0.0,1.0
43.36,0.0,1.0
43.37,0.0,2.0
43.37,1.0,1.0
43.38,0.0,6.0
43.39,0.0,1.0
43.4,0.0,3.0
43.42,0.0,10.0
43.43,0.0,1.0
43.44,0.0,1.0
43.46,0.0,1.0
43.47,0.0,2.0
43.48,0.0,1.0
43.49,0.0,1.0
43.5,0.0,1.0
43.51,0.0,3.0
43.52,0.0,4.0
43.52,1.0,1.0
43.53,0.0,3.0
43.54,0.0,4.0
43.56,0.0,5.0
43.58,0.0,5.0
43.59,0.0,3.0
43.61,0.0,7.0
43.62,0.0,1.0
43.63,1.0,1.0
43.64,0.0,3.0
43.65,0.0,1.0
43.65,1.0,1.0
43.66,0.0,2.0
43.67,0.0,5.0
43.69,0.0,1.0
43.7,0.0,1.0
43.71,0.0,2.0
43.72,0.0,1.0
43.73,0.0,3.0
43.75,0.0,6.0
43.75,1.0,1.0
43.77,0.0,2.0
43.78,0.0,2.0
43.78,1.0,1.0
43.79,0.0,2.0
43.8,0.0,3.0
43.81,0.0,1.0
43.82,0.0,2.0
43.83,0.0,1.0
43.84,0.0,2.0
43.85,0.0,4.0
43.86,0.0,1.0
43.87,0.0,2.0
43.88,0.0,1.0
43.88,1.0,2.0
43.89,0.0,6.0
43.9,0.0,1.0
43.91,0.0,3.0
43.92,0.0,1.0
43.93,0.0,9.0
43.95,0.0,3.0
43.96,0.0,1.0
43.97,1.0,1.0
43.98,1.0,1.0
43.99,0.0,1.0
44.0,0.0,3.0
44.0,1.0,1.0
44.01,0.0,2.0
44.02,0.0,1.0
44.03,0.0,2.0
44.04,0.0,2.0
44.05,0.0,1.0
44.06,0.0,1.0
44.07,0.0,1.0
44.08,0.0,1.0
44.08,1.0,1.0
44.09,0.0,2.0
44.1,0.0,1.0
44.11,0.0,2.0
44.11,1.0,1.0
44.12,0.0,3.0
44.13,0.0,1.0
44.14,0.0,4.0
44.14,1.0,1.0
44.15,0.0,2.0
44.16,1.0,1.0
44.17,0.0,2.0
44.19,0.0,2.0
44.19,1.0,1.0
44.2,0.0,2.0
44.21,0.0,1.0
44.22,0.0,2.0
44.23,0.0,3.0
44.23,1.0,1.0
44.25,0.0,1.0
44.26,0.0,6.0
44.27,0.0,1.0
44.28,0.0,1.0
44.3,0.0,1.0
44.31,0.0,1.0
44.31,1.0,1.0
44.32,0.0,2.0
44.32,1.0,1.0
44.33,0.0,1.0
44.34,0.0,1.0
44.35,0.0,1.0
44.36,0.0,1.0
44.38,0.0,2.0
44.39,0.0,3.0
44.4,0.0,3.0
44.43,0.0,2.0
44.44,0.0,6.0
44.48,0.0,3.0
44.5,1.0,1.0
44.51,0.0,2.0
44.52,0.0,3.0
44.53,0.0,1.0
44.53,1.0,1.0
44.54,0.0,1.0
44.56,0.0,1.0
44.56,1.0,1.0
44.57,0.0,1.0
44.57,1.0,1.0
44.58,0.0,1.0
44.58,1.0,1.0
44.59,0.0,2.0
44.59,1.0,1.0
44.61,0.0,1.0
44.62,0.0,1.0
44.63,0.0,5.0
44.64,0.0,2.0
44.65,1.0,1.0
44.66,0.0,1.0
44.66,1.0,1.0
44.67,0.0,1.0
44.68,0.0,2.0
44.69,1.0,2.0
44.7,0.0,1.0
44.71,0.0,2.0
44.72,0.0,2.0
44.72,1.0,2.0
44.74,0.0,1.0
44.75,0.0,3.0
44.76,0.0,3.0
44.77,1.0,2.0
44.78,1.0,1.0
44.79,1.0,1.0
44.8,0.0,1.0
44.81,0.0,2.0
44.83,0.0,1.0
44.83,1.0,1.0
44.84,0.0,1.0
44.85,0.0,1.0
44.86,0.0,1.0
44.86,1.0,1.0
44.87,0.0,2.0
44.88,0.0,1.0
44.89,0.0,1.0
44.89,1.0,1.0
44.9,0.0,1.0
44.93,0.0,2.0
44.93,1.0,1.0
44.94,0.0,1.0
44.95,0.0,1.0
44.98,0.0,3.0
44.99,0.0,1.0
45.0,0.0,4.0
45.01,0.0,1.0
45.02,0.0,1.0
45.03,0.0,3.0
45.04,0.0,2.0
45.05,1.0,1.0
45.08,0.0,2.0
45.09,0.0,2.0
45.09,1.0,4.0
45.11,0.0,1.0
45.11,1.0,1.0
45.12,0.0,1.0
45.13,0.0,1.0
45.14,0.0,1.0
45.14,1.0,1.0
45.15,0.0,1.0
45.17,0.0,1.0
45.17,1.0,1.0
45.18,0.0,1.0
45.19,0.0,2.0
45.19,1.0,1.0
45.21,0.0,3.0
45.22,0.0,2.0
45.22,1.0,1.0
45.23,0.0,1.0
45.23,1.0,1.0
45.24,0.0,2.0
45.24,1.0,1.0
45.25,0.0,1.0
45.26,0.0,3.0
45.27,0.0,2.0
45.27,1.0,1.0
45.28,0.0,1.0
45.29,0.0,1.0
45.3,1.0,1.0
45.31,0.0,2.0
45.32,0.0,1.0
45.33,0.0,1.0
45.34,1.0,1.0
45.35,0.0,2.0
45.36,0.0,5.0
45.37,1.0,1.0
45.38,0.0,2.0
45.38,1.0,3.0
45.39,0.0,1.0
45.41,0.0,1.0
45.43,0.0,1.0
45.43,1.0,1.0
45.44,0.0,1.0
45.45,0.0,2.0
45.47,0.0,2.0
45.47,1.0,1.0
45.48,1.0,1.0
45.49,1.0,1.0
45.5,0.0,1.0
45.52,0.0,1.0
45.52,1.0,1.0
45.54,0.0,2.0
45.55,1.0,1.0
45.56,0.0,2.0
45.57,0.0,2.0
45.57,1.0,2.0
45.58,0.0,1.0
45.59,0.0,1.0
45.6,0.0,2.0
45.6,1.0,2.0
45.61,1.0,2.0
45.62,0.0,1.0
45.63,0.0,1.0
45.64,1.0,1.0
45.66,0.0,1.0
45.67,1.0,1.0
45.69,0.0,2.0
45.69,1.0,1.0
45.7,0.0,1.0
45.7,1.0,2.0
45.71,0.0,2.0
45.72,1.0,2.0
45.73,0.0,2.0
45.73,1.0,1.0
45.74,0.0,1.0
45.74,1.0,1.0
45.76,0.0,2.0
45.77,1.0,1.0
45.78,0.0,1.0
45.79,0.0,1.0
45.79,1.0,1.0
45.8,0.0,1.0
45.8,1.0,2.0
45.81,0.0,2.0
45.81,1.0,1.0
45.82,1.0,1.0
45.83,0.0,3.0
45.83,1.0,1.0
45.85,0.0,2.0
45.85,1.0,1.0
45.86,1.0,1.0
45.88,0.0,1.0
45.9,0.0,1.0
45.92,1.0,1.0
45.94,1.0,1.0
45.95,1.0,2.0
45.96,0.0,3.0
45.96,1.0,4.0
45.98,0.0,4.0
45.98,1.0,1.0
45.99,1.0,1.0
46.0,0.0,1.0
46.0,1.0,1.0
46.01,0.0,2.0
46.02,0.0,1.0
46.02,1.0,1.0
46.03,1.0,1.0
46.04,1.0,1.0
46.05,0.0,2.0
46.05,1.0,2.0
46.07,0.0,1.0
46.08,0.0,1.0
46.09,0.0,2.0
46.09,1.0,1.0
46.1,0.0,1.0
46.11,0.0,1.0
46.12,0.0,3.0
46.13,0.0,1.0
46.13,1.0,1.0
46.15,0.0,1.0
46.15,1.0,1.0
46.18,0.0,1.0
46.19,0.0,1.0
46.19,1.0,6.0
46.2,0.0,1.0
46.2,1.0,1.0
46.21,0.0,2.0
46.22,0.0,1.0
46.22,1.0,3.0
46.25,0.0,3.0
46.25,1.0,2.0
46.27,1.0,1.0
46.28,1.0,2.0
46.29,0.0,4.0
46.29,1.0,1.0
46.3,1.0,1.0
46.31,0.0,1.0
46.32,1.0,1.0
46.33,0.0,1.0
46.35,0.0,2.0
46.35,1.0,2.0
46.36,0.0,1.0
46.38,0.0,2.0
46.38,1.0,5.0
46.39,0.0,1.0
46.39,1.0,1.0
46.4,0.0,1.0
46.4,1.0,2.0
46.41,0.0,2.0
46.41,1.0,3.0
46.42,1.0,2.0
46.43,0.0,2.0
46.43,1.0,1.0
46.44,1.0,1.0
46.45,0.0,1.0
46.46,1.0,1.0
46.47,0.0,3.0
46.47,1.0,1.0
46.48,0.0,2.0
46.48,1.0,2.0
46.49,1.0,7.0
46.5,0.0,2.0
46.5,1.0,1.0
46.51,1.0,2.0
46.52,0.0,1.0
46.52,1.0,1.0
46.53,0.0,1.0
46.53,1.0,2.0
46.54,0.0,1.0
46.55,0.0,1.0
46.55,1.0,1.0
46.56,0.0,3.0
46.56,1.0,1.0
46.57,0.0,1.0
46.57,1.0,1.0
46.58,0.0,2.0
46.58,1.0,4.0
46.59,0.0,1.0
46.6,0.0,1.0
46.61,0.0,1.0
46.61,1.0,28.0
46.62,1.0,2.0
46.63,0.0,1.0
46.64,1.0,4.0
46.65,0.0,2.0
46.67,0.0,2.0
46.67,1.0,2.0
46.69,0.0,2.0
46.69,1.0,2.0
46.7,0.0,1.0
46.72,0.0,1.0
46.73,0.0,1.0
46.73,1.0,1.0
46.74,0.0,1.0
46.74,1.0,1.0
46.76,0.0,1.0
46.76,1.0,2.0
46.77,0.0,1.0
46.78,0.0,3.0
46.78,1.0,1.0
46.79,0.0,1.0
46.79,1.0,1.0
46.81,0.0,1.0
46.81,1.0,3.0
46.83,1.0,1.0
46.84,0.0,1.0
46.84,1.0,5.0
46.85,0.0,2.0
46.86,0.0,1.0
46.86,1.0,6.0
46.88,0.0,1.0
46.88,1.0,1.0
46.89,0.0,2.0
46.9,1.0,1.0
46.91,0.0,1.0
46.91,1.0,1.0
46.93,0.0,3.0
46.93,1.0,1.0
46.94,0.0,1.0
46.94,1.0,2.0
46.95,1.0,4.0
46.96,0.0,2.0
46.96,1.0,3.0
46.97,0.0,2.0
46.97,1.0,1.0
46.98,0.0,1.0
47.01,0.0,3.0
47.01,1.0,2.0
47.02,1.0,2.0
47.03,0.0,1.0
47.03,1.0,56.0
47.04,0.0,2.0
47.04,1.0,2.0
47.06,1.0,4.0
47.08,0.0,1.0
47.08,1.0,1.0
47.09,0.0,2.0
47.1,1.0,2.0
47.11,0.0,2.0
47.11,1.0,1.0
47.12,0.0,5.0
47.12,1.0,1.0
47.13,0.0,2.0
47.14,0.0,1.0
47.14,1.0,2.0
47.15,0.0,1.0
47.16,1.0,1.0
47.17,0.0,2.0
47.17,1.0,1.0
47.18,0.0,4.0
47.19,0.0,1.0
47.2,1.0,1.0
47.21,0.0,1.0
47.21,1.0,3.0
47.22,0.0,2.0
47.22,1.0,1.0
47.23,1.0,11.0
47.24,0.0,1.0
47.26,0.0,1.0
47.26,1.0,7.0
47.27,0.0,2.0
47.27,1.0,2.0
47.28,0.0,1.0
47.28,1.0,2.0
47.29,1.0,3.0
47.3,0.0,1.0
47.3,1.0,3.0
47.31,0.0,6.0
47.31,1.0,1.0
47.32,1.0,1.0
47.33,0.0,2.0
47.34,0.0,2.0
47.35,0.0,2.0
47.36,0.0,3.0
47.37,0.0,1.0
47.37,1.0,2.0
47.38,0.0,1.0
47.39,1.0,1.0
47.4,0.0,3.0
47.41,0.0,1.0
47.41,1.0,1.0
47.43,1.0,2.0
47.44,0.0,1.0
47.44,1.0,10.0
47.45,1.0,2.0
47.46,0.0,1.0
47.46,1.0,8.0
47.47,0.0,2.0
47.48,1.0,1.0
47.49,0.0,3.0
47.5,0.0,2.0
47.5,1.0,1.0
47.51,0.0,1.0
47.51,1.0,1.0
47.52,0.0,3.0
47.53,0.0,4.0
47.54,0.0,1.0
47.54,1.0,1.0
47.55,0.0,2.0
47.56,0.0,3.0
47.57,0.0,2.0
47.57,1.0,1.0
47.58,1.0,2.0
47.59,0.0,4.0
47.59,1.0,1.0
47.6,0.0,2.0
47.6,1.0,1.0
47.62,0.0,2.0
47.62,1.0,3.0
47.63,0.0,3.0
47.63,1.0,3.0
47.64,0.0,2.0
47.64,1.0,1.0
47.65,1.0,2.0
47.66,0.0,1.0
47.66,1.0,3.0
47.68,0.0,2.0
47.68,1.0,1.0
47.69,0.0,2.0
47.69,1.0,2.0
47.7,0.0,4.0
47.7,1.0,4.0
47.71,0.0,2.0
47.72,0.0,2.0
47.72,1.0,2.0
47.73,0.0,2.0
47.73,1.0,1.0
47.75,0.0,1.0
47.76,0.0,1.0
47.77,0.0,3.0
47.78,0.0,2.0
47.78,1.0,1.0
47.79,0.0,3.0
47.79,1.0,1.0
47.8,0.0,4.0
47.81,0.0,1.0
47.81,1.0,4.0
47.83,0.0,3.0
47.83,1.0,1.0
47.84,1.0,2.0
47.85,0.0,1.0
47.86,1.0,1.0
47.87,0.0,1.0
47.88,0.0,6.0
47.88,1.0,2.0
47.89,0.0,2.0
47.89,1.0,1.0
47.9,0.0,1.0
47.9,1.0,1.0
47.91,0.0,1.0
47.91,1.0,2.0
47.92,1.0,1.0
47.93,0.0,3.0
47.94,0.0,2.0
47.94,1.0,1.0
47.95,0.0,2.0
47.96,1.0,2.0
47.97,0.0,2.0
47.98,0.0,1.0
47.98,1.0,2.0
47.99,0.0,4.0
48.0,1.0,2.0
48.01,0.0,1.0
48.01,1.0,2.0
48.02,0.0,3.0
48.03,0.0,2.0
48.03,1.0,1.0
48.05,1.0,1.0
48.06,0.0,5.0
48.06,1.0,1.0
48.07,0.0,1.0
48.08,0.0,4.0
48.08,1.0,1.0
48.09,1.0,1.0
48.1,0.0,5.0
48.11,0.0,1.0
48.12,0.0,5.0
48.12,1.0,2.0
48.13,0.0,3.0
48.14,1.0,2.0
48.15,0.0,2.0
48.16,0.0,2.0
48.16,1.0,1.0
48.17,0.0,1.0
48.18,0.0,1.0
48.18,1.0,2.0
48.19,0.0,2.0
48.19,1.0,1.0
48.2,0.0,1.0
48.2,1.0,4.0
48.21,0.0,3.0
48.21,1.0,1.0
48.22,0.0,1.0
48.22,1.0,2.0
48.24,0.0,3.0
48.25,0.0,1.0
48.26,0.0,5.0
48.26,1.0,1.0
48.27,0.0,1.0
48.28,0.0,2.0
48.28,1.0,2.0
48.29,0.0,2.0
48.29,1.0,1.0
48.3,1.0,1.0
48.31,0.0,5.0
48.31,1.0,3.0
48.32,1.0,3.0
48.33,0.0,1.0
48.34,0.0,3.0
48.34,1.0,2.0
48.35,0.0,3.0
48.36,0.0,3.0
48.37,0.0,1.0
48.37,1.0,1.0
48.38,0.0,3.0
48.39,0.0,2.0
48.39,1.0,1.0
48.4,1.0,3.0
48.41,0.0,1.0
48.42,0.0,1.0
48.42,1.0,1.0
48.43,0.0,2.0
48.43,1.0,1.0
48.44,1.0,1.0
48.45,1.0,1.0
48.46,0.0,2.0
48.46,1.0,1.0
48.48,0.0,1.0
48.5,1.0,1.0
48.51,0.0,3.0
48.51,1.0,3.0
48.52,1.0,2.0
48.54,0.0,1.0
48.55,0.0,1.0
48.56,0.0,1.0
48.57,1.0,3.0
48.58,0.0,1.0
48.58,1.0,2.0
48.59,0.0,2.0
48.61,0.0,1.0
48.61,1.0,2.0
48.62,0.0,2.0
48.62,1.0,2.0
48.63,0.0,5.0
48.63,1.0,1.0
48.65,0.0,2.0
48.65,1.0,3.0
48.66,1.0,2.0
48.67,0.0,5.0
48.67,1.0,2.0
48.68,1.0,1.0
48.69,0.0,1.0
48.69,1.0,1.0
48.7,0.0,5.0
48.7,1.0,3.0
48.71,0.0,2.0
48.71,1.0,1.0
48.72,0.0,2.0
48.73,0.0,2.0
48.73,1.0,1.0
48.75,0.0,1.0
48.75,1.0,1.0
48.76,0.0,1.0
48.76,1.0,2.0
48.77,0.0,1.0
48.77,1.0,1.0
48.78,0.0,1.0
48.78,1.0,1.0
48.79,0.0,3.0
48.8,0.0,1.0
48.81,0.0,2.0
48.82,0.0,3.0
48.83,1.0,1.0
48.84,0.0,1.0
48.85,0.0,4.0
48.86,0.0,8.0
48.87,0.0,2.0
48.88,0.0,1.0
48.88,1.0,1.0
48.89,0.0,2.0
48.89,1.0,2.0
48.9,1.0,1.0
48.91,0.0,1.0
48.91,1.0,2.0
48.92,0.0,1.0
48.92,1.0,4.0
48.93,0.0,3.0
48.96,0.0,2.0
48.96,1.0,1.0
48.97,0.0,1.0
48.97,1.0,1.0
48.98,0.0,2.0
48.99,0.0,5.0
48.99,1.0,2.0
49.0,0.0,1.0
49.01,1.0,2.0
49.02,0.0,3.0
49.03,0.0,1.0
49.04,0.0,3.0
49.04,1.0,1.0
49.05,0.0,7.0
49.06,0.0,1.0
49.07,0.0,2.0
49.08,0.0,1.0
49.09,0.0,1.0
49.09,1.0,1.0
49.1,0.0,1.0
49.1,1.0,2.0
49.11,0.0,7.0
49.12,0.0,4.0
49.13,0.0,1.0
49.13,1.0,1.0
49.14,0.0,1.0
49.15,0.0,5.0
49.16,0.0,1.0
49.16,1.0,2.0
49.17,0.0,1.0
49.17,1.0,1.0
49.18,0.0,3.0
49.19,0.0,3.0
49.21,0.0,3.0
49.21,1.0,1.0
49.22,0.0,6.0
49.22,1.0,1.0
49.23,1.0,1.0
49.25,0.0,5.0
49.25,1.0,1.0
49.26,0.0,4.0
49.26,1.0,1.0
49.28,0.0,1.0
49.29,1.0,1.0
49.3,0.0,2.0
49.31,0.0,3.0
49.32,0.0,2.0
49.32,1.0,1.0
49.33,0.0,5.0
49.34,0.0,1.0
49.36,0.0,3.0
49.37,0.0,1.0
49.37,1.0,1.0
49.38,0.0,1.0
49.39,0.0,2.0
49.39,1.0,1.0
49.41,0.0,4.0
49.42,0.0,4.0
49.43,0.0,2.0
49.44,0.0,1.0
49.45,0.0,12.0
49.45,1.0,4.0
49.46,0.0,2.0
49.46,1.0,10.0
49.47,0.0,1.0
49.49,0.0,2.0
49.49,1.0,2.0
49.51,0.0,3.0
49.52,0.0,1.0
49.52,1.0,1.0
49.54,0.0,5.0
49.54,1.0,3.0
49.55,0.0,2.0
49.55,1.0,2.0
49.56,0.0,12.0
49.56,1.0,1.0
49.57,1.0,1.0
49.58,0.0,4.0
49.58,1.0,1.0
49.59,0.0,1.0
49.59,1.0,1.0
49.6,0.0,3.0
49.61,0.0,1.0
49.64,0.0,1.0
49.64,1.0,3.0
49.65,0.0,1.0
49.66,0.0,1.0
49.66,1.0,1.0
49.67,0.0,8.0
49.68,0.0,2.0
49.68,1.0,1.0
49.69,1.0,1.0
49.7,0.0,4.0
49.7,1.0,1.0
49.71,0.0,2.0
49.71,1.0,1.0
49.72,0.0,2.0
49.73,0.0,1.0
49.74,0.0,3.0
49.74,1.0,2.0
49.75,1.0,1.0
49.76,0.0,1.0
49.77,0.0,2.0
49.78,0.0,4.0
49.78,1.0,2.0
49.79,0.0,2.0
49.79,1.0,1.0
49.81,0.0,7.0
49.82,1.0,10.0
49.83,1.0,1.0
49.85,0.0,2.0
49.86,1.0,1.0
49.87,1.0,2.0
49.88,0.0,1.0
49.89,0.0,2.0
49.9,0.0,1.0
49.9,1.0,1.0
49.91,0.0,2.0
49.92,0.0,1.0
49.93,0.0,1.0
49.95,1.0,1.0
50.0,0.0,20.0
50.0,1.0,5.0
50.06,0.0,2.0
50.06,1.0,1.0
50.07,0.0,2.0
50.08,0.0,1.0
50.1,0.0,2.0
50.1,1.0,1.0
50.11,0.0,2.0
50.12,1.0,1.0
50.13,0.0,1.0
50.15,0.0,2.0
50.17,0.0,1.0
50.17,1.0,1.0
50.18,1.0,7.0
50.19,0.0,2.0
50.2,0.0,3.0
50.21,0.0,1.0
50.21,1.0,1.0
50.24,0.0,1.0
50.25,0.0,1.0
50.25,1.0,2.0
50.26,0.0,1.0
50.27,0.0,2.0
50.27,1.0,1.0
50.29,1.0,1.0
50.3,0.0,4.0
50.31,1.0,1.0
50.33,0.0,2.0
50.35,0.0,2.0
50.36,0.0,2.0
50.36,1.0,2.0
50.37,0.0,1.0
50.38,0.0,2.0
50.38,1.0,1.0
50.39,0.0,1.0
50.4,0.0,1.0
50.41,0.0,2.0
50.42,1.0,1.0
50.43,0.0,3.0
50.44,0.0,2.0
50.45,0.0,1.0
50.49,1.0,1.0
50.51,0.0,1.0
50.52,0.0,3.0
50.52,1.0,1.0
50.53,0.0,2.0
50.53,1.0,3.0
50.54,1.0,2.0
50.55,0.0,2.0
50.55,1.0,1.0
50.56,0.0,2.0
50.58,0.0,2.0
50.59,0.0,1.0
50.6,0.0,2.0
50.61,1.0,1.0
50.62,0.0,1.0
50.64,0.0,1.0
50.64,1.0,1.0
50.66,0.0,1.0
50.67,0.0,1.0
50.67,1.0,1.0
50.69,0.0,1.0
50.69,1.0,1.0
50.7,0.0,1.0
50.72,0.0,1.0
50.72,1.0,1.0
50.73,0.0,1.0
50.74,0.0,3.0
50.75,0.0,3.0
50.75,1.0,1.0
50.76,0.0,2.0
50.76,1.0,2.0
50.77,0.0,4.0
50.78,0.0,1.0
50.78,1.0,1.0
50.79,0.0,4.0
50.81,0.0,3.0
50.83,0.0,3.0
50.84,0.0,4.0
50.85,0.0,1.0
50.86,0.0,1.0
50.87,0.0,1.0
50.88,1.0,1.0
50.9,0.0,1.0
50.91,0.0,1.0
50.94,0.0,1.0
50.96,0.0,1.0
50.98,0.0,1.0
51.0,0.0,3.0
51.02,0.0,3.0
51.03,1.0,1.0
51.04,0.0,2.0
51.05,1.0,1.0
51.06,0.0,2.0
51.07,0.0,1.0
51.08,0.0,1.0
51.1,0.0,3.0
51.12,0.0,1.0
51.13,0.0,1.0
51.15,0.0,1.0
51.16,0.0,1.0
51.16,1.0,1.0
51.17,0.0,2.0
51.17,1.0,1.0
51.22,0.0,1.0
51.23,0.0,7.0
51.25,0.0,2.0
51.26,0.0,2.0
51.27,0.0,1.0
51.27,1.0,3.0
51.28,0.0,4.0
51.29,0.0,1.0
51.3,0.0,1.0
51.3,1.0,1.0
51.32,0.0,4.0
51.33,0.0,1.0
51.35,0.0,3.0
51.37,0.0,1.0
51.38,0.0,2.0
51.38,1.0,1.0
51.39,0.0,2.0
51.4,1.0,1.0
51.41,0.0,1.0
51.42,0.0,2.0
51.44,0.0,1.0
51.44,1.0,1.0
51.45,0.0,1.0
51.45,1.0,1.0
51.46,0.0,1.0
51.47,0.0,1.0
51.48,0.0,1.0
51.49,0.0,1.0
51.5,0.0,1.0
51.53,0.0,3.0
51.54,0.0,1.0
51.55,0.0,1.0
51.56,0.0,1.0
51.56,1.0,1.0
51.57,0.0,4.0
51.58,0.0,1.0
51.59,0.0,1.0
51.59,1.0,1.0
51.63,0.0,2.0
51.64,0.0,2.0
51.69,0.0,1.0
51.7,0.0,1.0
51.72,0.0,5.0
51.73,1.0,1.0
51.74,0.0,2.0
51.76,0.0,4.0
51.79,0.0,1.0
51.8,0.0,1.0
51.81,0.0,2.0
51.81,1.0,1.0
51.82,0.0,1.0
51.85,0.0,1.0
51.88,0.0,2.0
51.89,0.0,2.0
51.9,0.0,2.0
51.91,0.0,3.0
51.93,0.0,1.0
51.97,0.0,1.0
51.98,0.0,4.0
52.01,0.0,1.0
52.02,0.0,2.0
52.03,0.0,1.0
52.04,0.0,2.0
52.07,0.0,1.0
52.1,0.0,1.0
52.1,1.0,1.0
52.13,0.0,1.0
52.14,0.0,1.0
52.17,0.0,1.0
52.18,0.0,1.0
52.2,0.0,2.0
52.22,0.0,7.0
52.23,0.0,1.0
52.24,0.0,3.0
52.25,0.0,1.0
52.26,0.0,2.0
52.27,0.0,2.0
52.28,0.0,1.0
52.31,0.0,1.0
52.32,0.0,1.0
52.32,1.0,1.0
52.36,0.0,1.0
52.38,0.0,1.0
52.43,0.0,3.0
52.44,0.0,1.0
52.45,0.0,2.0
52.46,0.0,2.0
52.48,0.0,3.0
52.49,0.0,2.0
52.49,1.0,1.0
52.5,0.0,2.0
52.51,0.0,1.0
52.52,0.0,1.0
52.53,0.0,2.0
52.55,0.0,3.0
52.56,0.0,2.0
52.6,0.0,1.0
52.63,0.0,1.0
52.66,0.0,1.0
52.68,0.0,1.0
52.69,0.0,3.0
52.7,0.0,1.0
52.71,0.0,3.0
52.74,0.0,2.0
52.76,0.0,1.0
52.76,1.0,1.0
52.78,0.0,1.0
52.87,0.0,1.0
52.87,1.0,1.0
52.9,0.0,1.0
52.91,0.0,2.0
52.92,0.0,1.0
52.94,0.0,2.0
52.97,0.0,2.0
53.0,0.0,2.0
53.01,0.0,1.0
53.07,0.0,1.0
53.08,0.0,2.0
53.08,1.0,1.0
53.11,0.0,1.0
53.12,0.0,1.0
53.14,0.0,1.0
53.14,1.0,1.0
53.15,0.0,1.0
53.17,0.0,1.0
53.18,0.0,2.0
53.2,0.0,1.0
53.21,0.0,1.0
53.23,1.0,1.0
53.24,0.0,1.0
53.25,0.0,1.0
53.27,0.0,2.0
53.28,0.0,1.0
53.3,0.0,2.0
53.31,0.0,1.0
53.32,0.0,1.0
53.33,0.0,1.0
53.38,0.0,1.0
53.38,1.0,1.0
53.4,0.0,2.0
53.41,0.0,1.0
53.44,0.0,1.0
53.46,0.0,1.0
53.47,0.0,1.0
53.5,0.0,2.0
53.57,0.0,2.0
53.58,1.0,1.0
53.63,0.0,1.0
53.69,0.0,2.0
53.7,0.0,1.0
53.71,0.0,2.0
53.72,0.0,1.0
53.73,0.0,1.0
53.74,0.0,2.0
53.76,1.0,1.0
53.77,1.0,1.0
53.78,1.0,1.0
53.8,0.0,1.0
53.83,1.0,1.0
53.85,0.0,1.0
53.88,0.0,2.0
53.9,0.0,1.0
53.91,0.0,1.0
53.96,0.0,1.0
53.97,0.0,1.0
53.99,0.0,1.0
53.99,1.0,1.0
54.0,0.0,2.0
54.05,0.0,1.0
54.07,0.0,1.0
54.08,0.0,2.0
54.09,0.0,2.0
54.13,0.0,1.0
54.17,0.0,3.0
54.18,0.0,2.0
54.22,0.0,1.0
54.23,0.0,2.0
54.24,0.0,1.0
54.24,1.0,1.0
54.28,0.0,1.0
54.29,0.0,1.0
54.36,0.0,2.0
54.45,0.0,1.0
54.46,1.0,1.0
54.48,1.0,1.0
54.49,0.0,1.0
54.5,0.0,1.0
54.51,1.0,1.0
54.53,0.0,1.0
54.55,0.0,1.0
54.58,0.0,2.0
54.59,0.0,1.0
54.6,0.0,1.0
54.63,0.0,2.0
54.66,0.0,1.0
54.69,1.0,1.0
54.73,0.0,1.0
54.74,1.0,1.0
54.76,1.0,2.0
54.77,0.0,1.0
54.78,0.0,1.0
54.79,0.0,1.0
54.84,0.0,1.0
54.86,0.0,2.0
54.89,0.0,1.0
54.9,0.0,1.0
54.93,0.0,2.0
55.01,0.0,1.0
55.02,0.0,1.0
55.04,0.0,1.0
55.06,0.0,1.0
55.07,0.0,1.0
55.09,0.0,1.0
55.1,0.0,1.0
55.11,0.0,1.0
55.12,0.0,2.0
55.17,0.0,1.0
55.2,1.0,1.0
55.22,1.0,1.0
55.26,0.0,1.0
55.31,0.0,1.0
55.33,0.0,1.0
55.37,0.0,1.0
55.42,1.0,1.0
55.49,0.0,4.0
55.56,0.0,1.0
55.59,1.0,1.0
55.6,0.0,2.0
55.61,0.0,1.0
55.62,0.0,4.0
55.65,1.0,1.0
55.66,0.0,2.0
55.67,0.0,1.0
55.68,0.0,1.0
55.76,0.0,1.0
55.78,0.0,1.0
55.81,0.0,1.0
55.83,0.0,1.0
55.9,1.0,1.0
55.91,1.0,1.0
55.93,0.0,1.0
55.99,0.0,2.0
56.0,0.0,1.0
56.01,1.0,1.0
56.16,0.0,1.0
56.18,0.0,2.0
56.28,1.0,1.0
56.3,0.0,1.0
56.31,0.0,1.0
56.32,0.0,1.0
56.39,0.0,1.0
56.42,0.0,1.0
56.5,0.0,1.0
56.5,1.0,1.0
56.52,1.0,1.0
56.54,1.0,1.0
56.57,0.0,1.0
56.63,1.0,1.0
56.65,1.0,1.0
56.73,0.0,1.0
56.81,1.0,1.0
56.91,0.0,1.0
56.94,0.0,1.0
57.06,0.0,1.0
57.07,0.0,1.0
57.14,0.0,1.0
57.2,0.0,1.0
57.26,0.0,1.0
57.28,0.0,1.0
57.29,0.0,1.0
57.31,0.0,1.0
57.33,1.0,1.0
57.41,0.0,1.0
57.45,0.0,1.0
57.49,0.0,2.0
57.5,0.0,1.0
57.54,0.0,1.0
57.66,0.0,1.0
57.7,0.0,1.0
57.74,0.0,1.0
57.75,0.0,1.0
57.77,1.0,1.0
57.79,0.0,1.0
57.82,0.0,1.0
57.83,0.0,1.0
57.87,0.0,1.0
57.88,0.0,1.0
58.12,0.0,1.0
58.17,0.0,1.0
58.25,0.0,1.0
58.43,0.0,1.0
58.54,0.0,1.0
58.56,1.0,1.0
58.6,0.0,1.0
58.67,0.0,1.0
58.68,0.0,1.0
58.75,0.0,1.0
58.8,0.0,1.0
58.81,0.0,1.0
58.84,0.0,1.0
58.95,0.0,1.0
58.97,0.0,2.0
59.02,0.0,1.0
59.03,0.0,1.0
59.06,0.0,1.0
59.08,0.0,1.0
59.1,0.0,1.0
59.13,0.0,1.0
59.14,0.0,1.0
59.17,0.0,1.0
59.27,0.0,2.0
59.32,0.0,1.0
59.35,0.0,1.0
59.69,1.0,1.0
59.76,0.0,1.0
59.78,0.0,1.0
59.82,1.0,1.0
59.85,0.0,1.0
59.9,0.0,1.0
59.92,0.0,1.0
60.0,0.0,1.0
60.14,0.0,1.0
60.25,0.0,1.0
60.28,0.0,1.0
60.33,0.0,1.0
60.54,0.0,1.0
60.57,0.0,1.0
60.58,0.0,1.0
60.59,0.0,1.0
60.85,0.0,1.0
60.89,0.0,1.0
60.98,1.0,1.0
61.0,0.0,1.0
61.06,0.0,1.0
61.11,0.0,1.0
61.26,0.0,1.0
61.29,0.0,1.0
61.37,0.0,1.0
61.49,0.0,1.0
61.87,0.0,2.0
62.16,0.0,1.0
62.4,0.0,1.0
62.41,0.0,2.0
62.43,0.0,1.0
62.57,0.0,1.0
62.69,0.0,1.0
62.73,0.0,1.0
62.86,0.0,1.0
62.87,0.0,1.0
62.96,0.0,1.0
63.07,0.0,1.0
63.12,0.0,1.0
63.29,0.0,1.0
63.37,0.0,1.0
63.64,0.0,1.0
63.81,0.0,1.0
63.88,0.0,1.0
63.95,0.0,1.0
64.01,0.0,1.0
64.58,0.0,1.0
64.61,0.0,1.0
64.99,0.0,1.0
65.28,0.0,1.0
65.56,0.0,1.0
65.57,0.0,1.0
65.81,0.0,1.0
65.92,0.0,1.0
66.18,0.0,1.0
66.31,0.0,1.0
66.84,0.0,1.0

