seq_score,mapped,occurence
46.05,1.0,1.0
46.1,0.0,1.0
47.02,1.0,1.0
47.39,0.0,1.0
47.67,1.0,1.0
47.72,1.0,1.0
48.0,1.0,1.0
48.01,1.0,1.0
48.06,1.0,1.0
48.08,0.0,1.0
48.15,1.0,1.0
48.22,1.0,1.0
48.49,1.0,1.0
48.69,1.0,1.0
48.71,1.0,1.0
48.72,0.0,1.0
48.77,0.0,1.0
49.22,0.0,1.0
49.31,1.0,1.0
49.42,0.0,1.0
49.45,0.0,1.0
49.61,0.0,1.0
49.69,1.0,1.0
49.7,1.0,1.0
49.82,0.0,1.0
49.84,0.0,1.0
49.91,1.0,1.0
49.97,0.0,1.0
50.2,0.0,1.0
50.32,0.0,1.0
50.46,0.0,1.0
50.48,0.0,1.0
50.62,0.0,1.0
50.66,1.0,1.0
50.73,1.0,1.0
50.78,1.0,1.0
50.8,0.0,1.0
50.84,0.0,1.0
50.89,1.0,1.0
51.03,1.0,1.0
51.18,0.0,1.0
51.19,0.0,1.0
51.27,1.0,1.0
51.46,0.0,1.0
51.46,1.0,1.0
51.47,0.0,1.0
51.48,1.0,1.0
51.54,0.0,1.0
51.6,0.0,1.0
51.62,0.0,1.0
51.65,1.0,1.0
51.74,0.0,1.0
51.74,1.0,1.0
51.83,1.0,1.0
51.94,1.0,1.0
51.99,0.0,1.0
52.02,1.0,1.0
52.05,1.0,1.0
52.12,0.0,1.0
52.13,0.0,1.0
52.15,1.0,1.0
52.17,1.0,1.0
52.45,0.0,1.0
52.61,1.0,1.0
52.78,1.0,1.0
52.79,0.0,1.0
52.8,0.0,1.0
52.85,1.0,1.0
52.89,0.0,1.0
53.0,0.0,1.0
53.08,0.0,1.0
53.11,0.0,1.0
53.12,1.0,1.0
53.17,0.0,1.0
53.26,1.0,1.0
53.42,0.0,1.0
53.45,0.0,1.0
53.5,1.0,1.0
53.55,0.0,1.0
53.7,1.0,2.0
53.75,1.0,1.0
53.76,1.0,1.0
53.81,0.0,1.0
53.85,1.0,1.0
53.99,0.0,1.0
54.08,0.0,1.0
54.1,0.0,1.0
54.16,1.0,1.0
54.17,0.0,1.0
54.19,1.0,1.0
54.22,1.0,1.0
54.3,1.0,1.0
54.41,1.0,1.0
54.42,1.0,1.0
54.49,1.0,1.0
54.5,0.0,1.0
54.54,0.0,1.0
54.55,0.0,1.0
54.59,1.0,1.0
54.62,1.0,1.0
54.71,0.0,1.0
54.74,0.0,1.0
54.74,1.0,1.0
54.83,0.0,1.0
54.84,1.0,1.0
54.87,0.0,1.0
54.91,1.0,2.0
54.92,0.0,1.0
54.93,1.0,1.0
54.96,0.0,3.0
55.06,1.0,1.0
55.08,0.0,1.0
55.09,1.0,1.0
55.1,1.0,1.0
55.11,0.0,1.0
55.21,0.0,1.0
55.21,1.0,1.0
55.26,1.0,1.0
55.28,0.0,1.0
55.29,1.0,1.0
55.32,0.0,1.0
55.4,1.0,1.0
55.46,0.0,1.0
55.51,0.0,1.0
55.52,1.0,1.0
55.54,0.0,1.0
55.55,1.0,1.0
55.56,1.0,1.0
55.57,1.0,1.0
55.62,1.0,1.0
55.73,0.0,1.0
55.81,1.0,1.0
55.83,1.0,2.0
55.85,0.0,1.0
55.85,1.0,1.0
55.97,0.0,1.0
55.99,1.0,1.0
56.01,1.0,2.0
56.03,0.0,1.0
56.05,1.0,2.0
56.06,0.0,1.0
56.08,1.0,1.0
56.09,1.0,2.0
56.15,0.0,1.0
56.16,0.0,1.0
56.18,0.0,1.0
56.19,0.0,1.0
56.26,0.0,1.0
56.27,0.0,1.0
56.32,0.0,1.0
56.34,1.0,1.0
56.35,0.0,1.0
56.37,0.0,1.0
56.4,1.0,1.0
56.41,0.0,1.0
56.43,1.0,1.0
56.46,0.0,1.0
56.47,1.0,1.0
56.54,0.0,1.0
56.56,0.0,1.0
56.56,1.0,1.0
56.61,0.0,1.0
56.61,1.0,1.0
56.66,0.0,1.0
56.67,1.0,1.0
56.74,0.0,1.0
56.75,0.0,1.0
56.78,0.0,1.0
56.78,1.0,1.0
56.79,0.0,2.0
56.81,0.0,1.0
56.84,1.0,1.0
56.85,1.0,1.0
56.87,1.0,1.0
56.91,0.0,1.0
56.92,1.0,1.0
57.03,0.0,1.0
57.09,0.0,1.0
57.12,0.0,1.0
57.17,1.0,1.0
57.2,0.0,3.0
57.22,0.0,1.0
57.37,1.0,1.0
57.38,1.0,1.0
57.39,0.0,1.0
57.4,0.0,1.0
57.4,1.0,1.0
57.43,1.0,1.0
57.49,0.0,1.0
57.52,0.0,1.0
57.53,0.0,1.0
57.53,1.0,1.0
57.63,1.0,1.0
57.67,0.0,1.0
57.71,0.0,1.0
57.72,0.0,3.0
57.72,1.0,1.0
57.77,0.0,2.0
57.86,0.0,2.0
57.91,1.0,1.0
57.99,0.0,1.0
58.0,0.0,2.0
58.01,0.0,1.0
58.02,1.0,1.0
58.04,0.0,1.0
58.08,1.0,1.0
58.12,0.0,1.0
58.12,1.0,1.0
58.15,0.0,1.0
58.15,1.0,3.0
58.16,0.0,1.0
58.18,0.0,1.0
58.2,1.0,1.0
58.21,0.0,1.0
58.32,1.0,1.0
58.33,0.0,1.0
58.34,0.0,1.0
58.39,0.0,1.0
58.41,1.0,1.0
58.44,0.0,1.0
58.48,1.0,1.0
58.5,0.0,1.0
58.53,0.0,1.0
58.56,0.0,2.0
58.57,0.0,1.0
58.59,0.0,1.0
58.62,0.0,1.0
58.63,1.0,1.0
58.64,1.0,2.0
58.65,1.0,1.0
58.67,0.0,1.0
58.72,0.0,1.0
58.74,0.0,1.0
58.75,0.0,1.0
58.76,0.0,1.0
58.77,0.0,1.0
58.8,0.0,1.0
58.81,0.0,1.0
58.83,0.0,1.0
58.84,0.0,1.0
58.85,0.0,1.0
58.87,0.0,2.0
58.87,1.0,1.0
58.91,0.0,1.0
58.91,1.0,1.0
58.92,0.0,1.0
58.94,1.0,1.0
58.95,0.0,1.0
59.01,0.0,1.0
59.02,0.0,2.0
59.02,1.0,1.0
59.03,0.0,1.0
59.05,0.0,1.0
59.06,0.0,1.0
59.08,0.0,1.0
59.11,1.0,1.0
59.12,0.0,2.0
59.13,1.0,1.0
59.15,0.0,2.0
59.16,0.0,1.0
59.21,1.0,1.0
59.24,0.0,1.0
59.28,1.0,1.0
59.29,0.0,1.0
59.31,0.0,1.0
59.32,0.0,1.0
59.33,1.0,1.0
59.35,0.0,1.0
59.35,1.0,1.0
59.37,0.0,1.0
59.38,0.0,1.0
59.39,0.0,1.0
59.4,1.0,1.0
59.41,1.0,1.0
59.47,0.0,1.0
59.49,0.0,2.0
59.5,1.0,1.0
59.56,0.0,1.0
59.57,0.0,2.0
59.58,0.0,1.0
59.59,0.0,1.0
59.6,1.0,1.0
59.61,0.0,1.0
59.63,0.0,1.0
59.63,1.0,2.0
59.64,0.0,3.0
59.65,0.0,1.0
59.66,0.0,1.0
59.67,1.0,1.0
59.74,0.0,1.0
59.77,0.0,1.0
59.78,1.0,1.0
59.79,0.0,1.0
59.8,0.0,1.0
59.8,1.0,1.0
59.82,1.0,1.0
59.83,1.0,1.0
59.84,1.0,1.0
59.85,0.0,2.0
59.87,0.0,1.0
59.88,0.0,1.0
59.88,1.0,1.0
59.93,0.0,1.0
59.94,0.0,1.0
59.95,0.0,2.0
59.96,1.0,1.0
59.99,0.0,1.0
59.99,1.0,1.0
60.0,0.0,2.0
60.01,1.0,1.0
60.04,0.0,1.0
60.04,1.0,2.0
60.06,0.0,1.0
60.1,0.0,3.0
60.13,0.0,1.0
60.15,0.0,1.0
60.15,1.0,1.0
60.18,1.0,1.0
60.19,1.0,1.0
60.22,0.0,1.0
60.22,1.0,1.0
60.25,1.0,1.0
60.26,1.0,1.0
60.28,0.0,1.0
60.29,0.0,2.0
60.3,1.0,1.0
60.32,0.0,1.0
60.35,0.0,1.0
60.36,0.0,1.0
60.36,1.0,1.0
60.37,0.0,1.0
60.37,1.0,1.0
60.38,0.0,2.0
60.39,0.0,1.0
60.39,1.0,1.0
60.42,0.0,1.0
60.43,1.0,2.0
60.47,1.0,1.0
60.49,0.0,2.0
60.49,1.0,1.0
60.5,0.0,1.0
60.51,0.0,2.0
60.52,0.0,3.0
60.53,0.0,2.0
60.53,1.0,1.0
60.56,0.0,1.0
60.56,1.0,3.0
60.58,0.0,1.0
60.64,1.0,1.0
60.66,1.0,1.0
60.67,1.0,1.0
60.71,0.0,1.0
60.72,0.0,2.0
60.75,0.0,1.0
60.76,1.0,1.0
60.77,0.0,1.0
60.78,0.0,1.0
60.8,0.0,1.0
60.81,1.0,1.0
60.82,0.0,2.0
60.83,0.0,1.0
60.86,0.0,1.0
60.87,0.0,1.0
60.88,0.0,1.0
60.89,1.0,1.0
60.9,0.0,1.0
60.91,1.0,2.0
60.92,0.0,1.0
60.93,1.0,1.0
60.94,1.0,1.0
60.95,0.0,1.0
60.96,0.0,2.0
60.97,0.0,1.0
60.98,0.0,1.0
60.99,0.0,1.0
61.01,0.0,1.0
61.02,0.0,2.0
61.04,0.0,1.0
61.05,0.0,1.0
61.05,1.0,2.0
61.06,1.0,1.0
61.08,0.0,1.0
61.09,0.0,1.0
61.1,0.0,1.0
61.12,1.0,2.0
61.15,0.0,3.0
61.17,1.0,1.0
61.18,0.0,1.0
61.18,1.0,1.0
61.19,0.0,1.0
61.19,1.0,1.0
61.2,0.0,1.0
61.21,0.0,2.0
61.21,1.0,1.0
61.24,0.0,1.0
61.26,1.0,1.0
61.27,0.0,5.0
61.28,0.0,2.0
61.29,0.0,2.0
61.3,0.0,1.0
61.31,1.0,1.0
61.32,0.0,2.0
61.33,1.0,1.0
61.35,0.0,1.0
61.36,0.0,1.0
61.38,0.0,2.0
61.4,0.0,1.0
61.41,0.0,1.0
61.42,0.0,1.0
61.43,0.0,1.0
61.43,1.0,2.0
61.44,0.0,2.0
61.46,0.0,1.0
61.47,0.0,1.0
61.48,0.0,1.0
61.48,1.0,2.0
61.51,0.0,1.0
61.52,0.0,2.0
61.53,0.0,1.0
61.54,0.0,1.0
61.55,1.0,1.0
61.57,0.0,1.0
61.58,0.0,1.0
61.6,0.0,4.0
61.61,0.0,2.0
61.62,0.0,3.0
61.64,0.0,2.0
61.65,0.0,2.0
61.67,0.0,1.0
61.68,0.0,1.0
61.68,1.0,1.0
61.69,0.0,2.0
61.71,0.0,1.0
61.72,0.0,1.0
61.72,1.0,2.0
61.73,0.0,2.0
61.75,0.0,1.0
61.76,0.0,1.0
61.76,1.0,1.0
61.77,0.0,1.0
61.78,0.0,1.0
61.79,0.0,3.0
61.8,1.0,1.0
61.81,1.0,1.0
61.83,0.0,1.0
61.84,0.0,1.0
61.84,1.0,1.0
61.88,0.0,1.0
61.89,0.0,1.0
61.89,1.0,1.0
61.9,0.0,2.0
61.91,0.0,1.0
61.93,0.0,1.0
61.93,1.0,1.0
61.94,1.0,1.0
61.95,0.0,1.0
61.96,1.0,1.0
61.97,1.0,1.0
61.98,0.0,2.0
61.99,0.0,1.0
62.0,1.0,1.0
62.02,0.0,3.0
62.02,1.0,2.0
62.03,1.0,1.0
62.05,0.0,1.0
62.05,1.0,1.0
62.06,0.0,2.0
62.07,0.0,1.0
62.07,1.0,1.0
62.08,0.0,1.0
62.09,0.0,1.0
62.1,0.0,1.0
62.12,1.0,1.0
62.13,1.0,1.0
62.14,0.0,2.0
62.14,1.0,1.0
62.15,1.0,1.0
62.16,0.0,2.0
62.16,1.0,1.0
62.17,0.0,3.0
62.18,1.0,2.0
62.19,0.0,1.0
62.2,0.0,3.0
62.21,0.0,1.0
62.21,1.0,2.0
62.22,0.0,3.0
62.23,0.0,1.0
62.23,1.0,1.0
62.25,0.0,2.0
62.26,0.0,2.0
62.26,1.0,1.0
62.28,0.0,3.0
62.29,0.0,2.0
62.3,0.0,1.0
62.3,1.0,1.0
62.31,0.0,3.0
62.32,0.0,1.0
62.32,1.0,1.0
62.33,0.0,1.0
62.33,1.0,1.0
62.34,0.0,3.0
62.36,0.0,1.0
62.36,1.0,3.0
62.38,1.0,1.0
62.39,0.0,1.0
62.4,0.0,2.0
62.4,1.0,2.0
62.41,0.0,3.0
62.42,0.0,4.0
62.42,1.0,1.0
62.43,1.0,1.0
62.45,1.0,1.0
62.49,0.0,1.0
62.49,1.0,1.0
62.5,0.0,2.0
62.51,0.0,1.0
62.52,0.0,5.0
62.53,0.0,4.0
62.53,1.0,1.0
62.54,0.0,1.0
62.55,1.0,2.0
62.56,0.0,2.0
62.56,1.0,1.0
62.57,0.0,3.0
62.57,1.0,1.0
62.58,0.0,1.0
62.59,0.0,2.0
62.6,0.0,3.0
62.6,1.0,1.0
62.62,0.0,1.0
62.63,0.0,2.0
62.63,1.0,1.0
62.64,0.0,2.0
62.65,0.0,3.0
62.65,1.0,2.0
62.68,0.0,1.0
62.68,1.0,2.0
62.69,0.0,3.0
62.7,0.0,1.0
62.73,0.0,1.0
62.75,0.0,2.0
62.77,0.0,2.0
62.77,1.0,1.0
62.78,0.0,2.0
62.79,0.0,1.0
62.8,0.0,2.0
62.8,1.0,1.0
62.81,0.0,1.0
62.81,1.0,2.0
62.82,0.0,2.0
62.83,0.0,1.0
62.84,0.0,2.0
62.86,0.0,2.0
62.89,0.0,1.0
62.9,1.0,2.0
62.91,0.0,2.0
62.92,0.0,1.0
62.92,1.0,1.0
62.93,0.0,1.0
62.94,0.0,2.0
62.94,1.0,1.0
62.95,0.0,1.0
62.96,0.0,1.0
62.96,1.0,1.0
62.97,0.0,1.0
62.98,0.0,1.0
62.98,1.0,1.0
62.99,0.0,3.0
63.0,0.0,2.0
63.01,0.0,1.0
63.01,1.0,1.0
63.03,0.0,1.0
63.03,1.0,1.0
63.06,0.0,3.0
63.07,0.0,1.0
63.08,0.0,1.0
63.09,0.0,3.0
63.09,1.0,2.0
63.1,1.0,1.0
63.11,0.0,1.0
63.11,1.0,1.0
63.12,0.0,4.0
63.13,0.0,1.0
63.14,0.0,3.0
63.15,0.0,3.0
63.16,0.0,1.0
63.16,1.0,1.0
63.17,1.0,1.0
63.18,0.0,1.0
63.19,1.0,2.0
63.2,0.0,5.0
63.2,1.0,1.0
63.21,0.0,2.0
63.22,0.0,1.0
63.23,0.0,1.0
63.23,1.0,1.0
63.24,0.0,1.0
63.25,0.0,1.0
63.25,1.0,2.0
63.26,0.0,2.0
63.26,1.0,2.0
63.27,0.0,1.0
63.27,1.0,1.0
63.28,0.0,2.0
63.28,1.0,1.0
63.29,0.0,1.0
63.3,0.0,1.0
63.3,1.0,1.0
63.31,0.0,1.0
63.31,1.0,2.0
63.33,0.0,2.0
63.34,0.0,2.0
63.34,1.0,1.0
63.35,0.0,1.0
63.36,0.0,1.0
63.38,0.0,2.0
63.39,0.0,1.0
63.41,0.0,1.0
63.41,1.0,1.0
63.42,0.0,2.0
63.43,0.0,1.0
63.45,0.0,1.0
63.45,1.0,1.0
63.46,0.0,1.0
63.46,1.0,1.0
63.47,0.0,1.0
63.48,0.0,1.0
63.49,0.0,2.0
63.51,0.0,3.0
63.52,0.0,1.0
63.52,1.0,1.0
63.53,0.0,2.0
63.53,1.0,2.0
63.54,1.0,1.0
63.55,0.0,1.0
63.55,1.0,1.0
63.57,0.0,2.0
63.58,0.0,4.0
63.6,0.0,3.0
63.61,0.0,3.0
63.62,0.0,1.0
63.65,0.0,2.0
63.69,0.0,3.0
63.7,0.0,2.0
63.71,0.0,2.0
63.72,0.0,1.0
63.74,0.0,1.0
63.75,0.0,1.0
63.75,1.0,1.0
63.76,0.0,1.0
63.76,1.0,2.0
63.77,0.0,1.0
63.78,0.0,1.0
63.8,0.0,2.0
63.8,1.0,2.0
63.81,1.0,2.0
63.82,0.0,1.0
63.83,0.0,2.0
63.84,0.0,3.0
63.85,0.0,1.0
63.86,1.0,1.0
63.87,0.0,2.0
63.88,0.0,2.0
63.89,0.0,1.0
63.9,0.0,1.0
63.91,1.0,1.0
63.92,0.0,1.0
63.93,0.0,4.0
63.94,0.0,2.0
63.94,1.0,1.0
63.95,0.0,1.0
63.96,0.0,1.0
63.96,1.0,1.0
63.97,1.0,1.0
63.98,0.0,2.0
63.98,1.0,1.0
63.99,0.0,3.0
63.99,1.0,1.0
64.0,0.0,2.0
64.0,1.0,1.0
64.01,0.0,1.0
64.02,0.0,1.0
64.02,1.0,1.0
64.04,0.0,4.0
64.06,0.0,2.0
64.07,0.0,3.0
64.08,0.0,4.0
64.09,0.0,5.0
64.1,0.0,3.0
64.13,0.0,2.0
64.14,0.0,4.0
64.15,0.0,1.0
64.16,0.0,2.0
64.16,1.0,1.0
64.18,1.0,1.0
64.19,1.0,3.0
64.2,1.0,1.0
64.21,0.0,2.0
64.22,1.0,2.0
64.23,0.0,2.0
64.23,1.0,1.0
64.24,0.0,2.0
64.25,0.0,2.0
64.27,0.0,1.0
64.28,0.0,1.0
64.29,0.0,1.0
64.31,0.0,1.0
64.31,1.0,2.0
64.32,0.0,2.0
64.33,0.0,1.0
64.35,0.0,1.0
64.36,0.0,4.0
64.37,0.0,2.0
64.39,0.0,3.0
64.4,0.0,1.0
64.41,0.0,1.0
64.42,0.0,2.0
64.43,0.0,2.0
64.43,1.0,1.0
64.44,0.0,1.0
64.45,0.0,2.0
64.46,0.0,1.0
64.47,1.0,1.0
64.48,0.0,2.0
64.49,0.0,1.0
64.49,1.0,2.0
64.5,0.0,2.0
64.52,0.0,2.0
64.52,1.0,1.0
64.55,0.0,2.0
64.56,1.0,1.0
64.57,1.0,1.0
64.58,0.0,4.0
64.59,0.0,1.0
64.6,0.0,2.0
64.61,0.0,3.0
64.61,1.0,1.0
64.62,0.0,3.0
64.62,1.0,2.0
64.63,0.0,2.0
64.64,0.0,4.0
64.67,0.0,1.0
64.68,0.0,1.0
64.69,0.0,2.0
64.69,1.0,3.0
64.7,0.0,5.0
64.7,1.0,2.0
64.71,0.0,3.0
64.71,1.0,1.0
64.72,0.0,3.0
64.73,1.0,1.0
64.75,0.0,2.0
64.76,1.0,3.0
64.77,0.0,1.0
64.78,0.0,1.0
64.79,0.0,4.0
64.8,0.0,1.0
64.8,1.0,1.0
64.81,0.0,1.0
64.81,1.0,2.0
64.82,0.0,2.0
64.82,1.0,1.0
64.83,0.0,1.0
64.84,0.0,2.0
64.85,0.0,2.0
64.86,0.0,2.0
64.87,0.0,3.0
64.88,0.0,1.0
64.88,1.0,2.0
64.9,0.0,4.0
64.91,0.0,1.0
64.91,1.0,2.0
64.92,0.0,1.0
64.93,1.0,1.0
64.94,0.0,3.0
64.94,1.0,1.0
64.95,0.0,1.0
64.97,1.0,2.0
64.98,0.0,2.0
64.98,1.0,1.0
65.01,0.0,1.0
65.03,1.0,2.0
65.04,0.0,3.0
65.05,1.0,1.0
65.06,0.0,3.0
65.07,0.0,2.0
65.07,1.0,1.0
65.09,0.0,2.0
65.1,1.0,1.0
65.11,1.0,1.0
65.12,0.0,2.0
65.13,0.0,1.0
65.13,1.0,1.0
65.14,0.0,2.0
65.15,1.0,3.0
65.16,0.0,2.0
65.16,1.0,3.0
65.17,0.0,1.0
65.18,0.0,1.0
65.18,1.0,1.0
65.19,0.0,1.0
65.2,0.0,1.0
65.21,0.0,2.0
65.21,1.0,1.0
65.22,0.0,2.0
65.22,1.0,1.0
65.23,0.0,2.0
65.24,0.0,2.0
65.25,1.0,1.0
65.26,0.0,1.0
65.26,1.0,1.0
65.27,0.0,3.0
65.27,1.0,2.0
65.28,0.0,1.0
65.28,1.0,1.0
65.29,0.0,1.0
65.3,0.0,5.0
65.31,1.0,3.0
65.32,0.0,3.0
65.32,1.0,2.0
65.33,0.0,2.0
65.34,0.0,1.0
65.34,1.0,1.0
65.35,0.0,2.0
65.36,0.0,2.0
65.36,1.0,1.0
65.37,0.0,2.0
65.38,0.0,1.0
65.39,0.0,2.0
65.41,0.0,1.0
65.43,1.0,1.0
65.44,0.0,1.0
65.45,0.0,1.0
65.46,0.0,2.0
65.47,0.0,1.0
65.48,0.0,3.0
65.49,0.0,1.0
65.5,0.0,1.0
65.5,1.0,2.0
65.51,0.0,1.0
65.52,0.0,2.0
65.52,1.0,2.0
65.53,0.0,2.0
65.53,1.0,1.0
65.54,0.0,4.0
65.54,1.0,1.0
65.55,0.0,3.0
65.57,0.0,4.0
65.57,1.0,1.0
65.58,0.0,2.0
65.59,0.0,3.0
65.59,1.0,1.0
65.6,1.0,1.0
65.61,0.0,1.0
65.61,1.0,1.0
65.63,0.0,3.0
65.64,0.0,2.0
65.64,1.0,1.0
65.65,0.0,1.0
65.65,1.0,2.0
65.66,0.0,1.0
65.67,0.0,2.0
65.68,0.0,1.0
65.68,1.0,1.0
65.69,0.0,2.0
65.69,1.0,2.0
65.7,1.0,2.0
65.71,0.0,2.0
65.72,0.0,2.0
65.72,1.0,3.0
65.73,0.0,1.0
65.74,0.0,4.0
65.74,1.0,1.0
65.75,1.0,3.0
65.76,0.0,5.0
65.77,0.0,4.0
65.78,0.0,2.0
65.78,1.0,2.0
65.79,0.0,1.0
65.79,1.0,1.0
65.8,0.0,2.0
65.81,0.0,6.0
65.81,1.0,2.0
65.82,0.0,2.0
65.82,1.0,1.0
65.83,0.0,4.0
65.84,0.0,2.0
65.88,0.0,2.0
65.89,0.0,1.0
65.89,1.0,1.0
65.9,0.0,1.0
65.91,0.0,3.0
65.93,0.0,3.0
65.95,0.0,3.0
65.97,0.0,3.0
65.97,1.0,2.0
65.98,0.0,1.0
66.0,0.0,1.0
66.01,0.0,2.0
66.01,1.0,1.0
66.03,0.0,2.0
66.04,1.0,1.0
66.05,0.0,2.0
66.06,0.0,1.0
66.07,0.0,1.0
66.08,0.0,4.0
66.08,1.0,1.0
66.09,0.0,6.0
66.11,0.0,2.0
66.12,0.0,3.0
66.13,0.0,2.0
66.14,0.0,3.0
66.16,0.0,2.0
66.16,1.0,1.0
66.17,0.0,1.0
66.17,1.0,2.0
66.18,1.0,2.0
66.19,0.0,2.0
66.2,0.0,3.0
66.2,1.0,1.0
66.21,0.0,2.0
66.21,1.0,1.0
66.22,0.0,2.0
66.22,1.0,1.0
66.23,0.0,2.0
66.23,1.0,1.0
66.24,0.0,2.0
66.25,0.0,2.0
66.26,0.0,2.0
66.26,1.0,1.0
66.27,0.0,1.0
66.28,0.0,5.0
66.28,1.0,1.0
66.29,0.0,1.0
66.3,0.0,1.0
66.31,0.0,2.0
66.31,1.0,1.0
66.32,0.0,1.0
66.33,0.0,1.0
66.33,1.0,1.0
66.34,0.0,2.0
66.35,0.0,1.0
66.35,1.0,1.0
66.36,0.0,4.0
66.37,0.0,2.0
66.37,1.0,1.0
66.38,0.0,6.0
66.38,1.0,1.0
66.4,0.0,2.0
66.41,0.0,2.0
66.41,1.0,1.0
66.42,0.0,2.0
66.42,1.0,3.0
66.43,0.0,1.0
66.44,0.0,2.0
66.44,1.0,1.0
66.45,0.0,1.0
66.46,0.0,2.0
66.47,0.0,2.0
66.48,0.0,2.0
66.48,1.0,1.0
66.49,0.0,4.0
66.5,0.0,1.0
66.5,1.0,2.0
66.51,1.0,1.0
66.52,0.0,1.0
66.53,0.0,3.0
66.53,1.0,1.0
66.54,0.0,1.0
66.54,1.0,1.0
66.55,0.0,6.0
66.56,0.0,3.0
66.56,1.0,2.0
66.57,0.0,2.0
66.58,0.0,1.0
66.59,0.0,1.0
66.6,0.0,1.0
66.61,0.0,2.0
66.61,1.0,1.0
66.62,0.0,1.0
66.62,1.0,1.0
66.63,1.0,1.0
66.64,0.0,2.0
66.64,1.0,2.0
66.65,0.0,5.0
66.65,1.0,3.0
66.66,0.0,2.0
66.67,0.0,2.0
66.68,1.0,1.0
66.69,0.0,2.0
66.69,1.0,1.0
66.7,0.0,3.0
66.7,1.0,1.0
66.71,0.0,4.0
66.72,0.0,3.0
66.73,0.0,3.0
66.74,0.0,1.0
66.74,1.0,1.0
66.75,0.0,1.0
66.75,1.0,1.0
66.77,0.0,2.0
66.78,0.0,5.0
66.79,0.0,2.0
66.79,1.0,2.0
66.8,0.0,2.0
66.8,1.0,2.0
66.81,0.0,2.0
66.82,0.0,1.0
66.82,1.0,1.0
66.83,0.0,4.0
66.84,1.0,2.0
66.87,0.0,2.0
66.87,1.0,2.0
66.89,0.0,1.0
66.9,0.0,3.0
66.91,0.0,2.0
66.91,1.0,1.0
66.92,0.0,4.0
66.92,1.0,1.0
66.93,0.0,2.0
66.93,1.0,1.0
66.94,0.0,1.0
66.95,0.0,1.0
66.95,1.0,3.0
66.96,0.0,2.0
66.96,1.0,1.0
66.97,1.0,1.0
66.98,0.0,1.0
66.99,0.0,3.0
66.99,1.0,1.0
67.0,0.0,4.0
67.01,0.0,2.0
67.02,0.0,1.0
67.03,0.0,2.0
67.03,1.0,3.0
67.04,0.0,3.0
67.05,0.0,3.0
67.06,0.0,1.0
67.06,1.0,1.0
67.07,0.0,2.0
67.08,0.0,1.0
67.08,1.0,1.0
67.09,0.0,2.0
67.09,1.0,1.0
67.1,0.0,2.0
67.1,1.0,3.0
67.11,0.0,1.0
67.12,0.0,1.0
67.13,0.0,1.0
67.14,0.0,1.0
67.14,1.0,1.0
67.16,0.0,2.0
67.17,0.0,2.0
67.17,1.0,1.0
67.18,0.0,1.0
67.21,0.0,1.0
67.21,1.0,1.0
67.22,0.0,4.0
67.23,0.0,1.0
67.23,1.0,1.0
67.24,0.0,3.0
67.25,0.0,2.0
67.26,1.0,2.0
67.27,0.0,2.0
67.28,0.0,4.0
67.28,1.0,1.0
67.29,0.0,2.0
67.3,0.0,3.0
67.3,1.0,1.0
67.31,0.0,1.0
67.31,1.0,1.0
67.32,0.0,2.0
67.33,0.0,3.0
67.33,1.0,1.0
67.35,0.0,1.0
67.35,1.0,1.0
67.36,1.0,1.0
67.37,0.0,1.0
67.37,1.0,1.0
67.38,1.0,1.0
67.4,0.0,4.0
67.41,0.0,3.0
67.42,0.0,2.0
67.42,1.0,1.0
67.43,0.0,4.0
67.44,0.0,1.0
67.44,1.0,1.0
67.45,0.0,2.0
67.46,0.0,4.0
67.46,1.0,1.0
67.47,0.0,1.0
67.47,1.0,2.0
67.48,0.0,2.0
67.49,1.0,2.0
67.5,0.0,4.0
67.5,1.0,1.0
67.51,0.0,1.0
67.51,1.0,2.0
67.52,0.0,1.0
67.53,0.0,2.0
67.54,0.0,3.0
67.54,1.0,2.0
67.55,0.0,3.0
67.56,0.0,3.0
67.56,1.0,2.0
67.57,0.0,3.0
67.57,1.0,1.0
67.58,0.0,1.0
67.59,0.0,2.0
67.6,0.0,4.0
67.62,0.0,3.0
67.62,1.0,1.0
67.63,0.0,2.0
67.63,1.0,1.0
67.64,0.0,2.0
67.65,0.0,1.0
67.66,0.0,3.0
67.67,0.0,3.0
67.67,1.0,3.0
67.68,0.0,2.0
67.68,1.0,1.0
67.69,0.0,3.0
67.71,0.0,2.0
67.71,1.0,2.0
67.72,0.0,4.0
67.73,0.0,2.0
67.73,1.0,1.0
67.74,0.0,2.0
67.74,1.0,1.0
67.75,0.0,4.0
67.75,1.0,1.0
67.77,0.0,1.0
67.77,1.0,2.0
67.78,0.0,2.0
67.78,1.0,1.0
67.79,0.0,1.0
67.79,1.0,3.0
67.8,0.0,2.0
67.81,0.0,4.0
67.82,0.0,3.0
67.82,1.0,1.0
67.83,0.0,2.0
67.83,1.0,1.0
67.84,0.0,3.0
67.84,1.0,1.0
67.85,0.0,2.0
67.85,1.0,1.0
67.86,0.0,1.0
67.87,0.0,3.0
67.88,0.0,2.0
67.89,0.0,1.0
67.89,1.0,2.0
67.9,0.0,2.0
67.9,1.0,3.0
67.91,0.0,2.0
67.91,1.0,1.0
67.92,0.0,1.0
67.92,1.0,2.0
67.93,0.0,1.0
67.94,0.0,2.0
67.94,1.0,1.0
67.95,0.0,2.0
67.95,1.0,1.0
67.96,0.0,3.0
67.96,1.0,2.0
67.97,0.0,1.0
67.97,1.0,1.0
67.98,0.0,2.0
68.0,1.0,4.0
68.01,0.0,5.0
68.01,1.0,1.0
68.02,0.0,4.0
68.02,1.0,1.0
68.03,0.0,4.0
68.04,0.0,1.0
68.05,0.0,6.0
68.06,0.0,2.0
68.06,1.0,1.0
68.07,0.0,4.0
68.08,0.0,2.0
68.09,0.0,3.0
68.09,1.0,1.0
68.1,0.0,4.0
68.11,0.0,3.0
68.12,0.0,1.0
68.13,0.0,4.0
68.14,0.0,2.0
68.15,0.0,4.0
68.16,0.0,1.0
68.16,1.0,1.0
68.17,0.0,4.0
68.17,1.0,1.0
68.18,0.0,1.0
68.18,1.0,1.0
68.19,0.0,1.0
68.2,0.0,4.0
68.2,1.0,2.0
68.21,0.0,2.0
68.22,0.0,3.0
68.23,0.0,2.0
68.24,0.0,1.0
68.25,0.0,2.0
68.25,1.0,1.0
68.26,0.0,1.0
68.26,1.0,3.0
68.28,0.0,2.0
68.28,1.0,1.0
68.29,0.0,2.0
68.29,1.0,1.0
68.3,1.0,1.0
68.31,1.0,1.0
68.32,0.0,2.0
68.32,1.0,1.0
68.33,0.0,2.0
68.33,1.0,1.0
68.34,0.0,2.0
68.35,0.0,2.0
68.36,0.0,3.0
68.36,1.0,1.0
68.37,0.0,1.0
68.37,1.0,1.0
68.38,0.0,3.0
68.39,0.0,2.0
68.4,1.0,1.0
68.41,0.0,1.0
68.42,0.0,1.0
68.43,0.0,4.0
68.43,1.0,2.0
68.44,0.0,1.0
68.44,1.0,1.0
68.45,0.0,1.0
68.45,1.0,1.0
68.46,0.0,1.0
68.46,1.0,1.0
68.47,0.0,1.0
68.49,0.0,1.0
68.49,1.0,1.0
68.5,1.0,1.0
68.51,0.0,1.0
68.52,0.0,2.0
68.53,0.0,5.0
68.53,1.0,1.0
68.54,1.0,1.0
68.55,0.0,2.0
68.56,0.0,1.0
68.57,0.0,1.0
68.57,1.0,1.0
68.58,0.0,3.0
68.58,1.0,3.0
68.59,0.0,6.0
68.6,1.0,2.0
68.61,0.0,3.0
68.61,1.0,3.0
68.62,0.0,1.0
68.63,0.0,1.0
68.63,1.0,1.0
68.64,0.0,5.0
68.65,0.0,2.0
68.65,1.0,1.0
68.66,0.0,1.0
68.67,0.0,3.0
68.67,1.0,1.0
68.68,0.0,1.0
68.68,1.0,1.0
68.69,0.0,3.0
68.69,1.0,1.0
68.7,0.0,2.0
68.7,1.0,1.0
68.71,0.0,3.0
68.71,1.0,1.0
68.72,0.0,1.0
68.72,1.0,1.0
68.73,0.0,2.0
68.74,0.0,7.0
68.74,1.0,1.0
68.76,1.0,1.0
68.77,0.0,1.0
68.77,1.0,1.0
68.78,0.0,3.0
68.79,0.0,4.0
68.79,1.0,3.0
68.8,0.0,4.0
68.81,0.0,1.0
68.82,0.0,2.0
68.82,1.0,1.0
68.83,0.0,2.0
68.84,0.0,2.0
68.84,1.0,1.0
68.85,0.0,1.0
68.85,1.0,1.0
68.86,0.0,4.0
68.86,1.0,1.0
68.87,0.0,1.0
68.87,1.0,2.0
68.88,0.0,2.0
68.89,0.0,1.0
68.89,1.0,2.0
68.9,0.0,1.0
68.9,1.0,1.0
68.91,0.0,2.0
68.91,1.0,1.0
68.92,0.0,2.0
68.93,0.0,1.0
68.94,0.0,3.0
68.94,1.0,1.0
68.95,0.0,2.0
68.95,1.0,4.0
68.96,0.0,1.0
68.96,1.0,1.0
68.97,0.0,2.0
68.97,1.0,2.0
68.99,0.0,2.0
68.99,1.0,1.0
69.0,0.0,3.0
69.0,1.0,4.0
69.01,0.0,2.0
69.01,1.0,1.0
69.02,0.0,4.0
69.02,1.0,2.0
69.03,0.0,4.0
69.03,1.0,1.0
69.04,0.0,1.0
69.04,1.0,2.0
69.06,0.0,3.0
69.07,0.0,4.0
69.07,1.0,1.0
69.08,0.0,2.0
69.09,1.0,1.0
69.1,0.0,3.0
69.11,0.0,3.0
69.11,1.0,1.0
69.12,0.0,2.0
69.12,1.0,3.0
69.13,0.0,2.0
69.14,0.0,1.0
69.15,0.0,3.0
69.15,1.0,1.0
69.17,0.0,2.0
69.17,1.0,1.0
69.19,0.0,4.0
69.2,1.0,2.0
69.21,0.0,1.0
69.21,1.0,1.0
69.22,0.0,2.0
69.22,1.0,2.0
69.23,0.0,3.0
69.23,1.0,2.0
69.24,0.0,2.0
69.24,1.0,1.0
69.25,0.0,2.0
69.27,0.0,4.0
69.28,0.0,3.0
69.29,0.0,1.0
69.29,1.0,3.0
69.3,0.0,3.0
69.31,0.0,6.0
69.32,0.0,5.0
69.32,1.0,1.0
69.33,0.0,2.0
69.34,0.0,1.0
69.35,0.0,6.0
69.35,1.0,1.0
69.36,0.0,2.0
69.38,0.0,5.0
69.38,1.0,1.0
69.39,0.0,2.0
69.4,0.0,3.0
69.4,1.0,1.0
69.41,0.0,1.0
69.42,0.0,2.0
69.42,1.0,1.0
69.43,0.0,6.0
69.44,0.0,1.0
69.44,1.0,2.0
69.46,0.0,2.0
69.46,1.0,1.0
69.47,0.0,1.0
69.48,0.0,2.0
69.48,1.0,4.0
69.49,0.0,5.0
69.49,1.0,1.0
69.5,0.0,1.0
69.51,0.0,1.0
69.52,0.0,1.0
69.52,1.0,2.0
69.53,0.0,2.0
69.54,0.0,3.0
69.55,0.0,2.0
69.55,1.0,2.0
69.56,0.0,3.0
69.57,0.0,4.0
69.57,1.0,1.0
69.58,0.0,2.0
69.58,1.0,1.0
69.59,0.0,4.0
69.6,0.0,4.0
69.61,0.0,1.0
69.62,0.0,3.0
69.62,1.0,1.0
69.63,0.0,3.0
69.64,0.0,4.0
69.64,1.0,1.0
69.65,0.0,1.0
69.66,1.0,1.0
69.67,0.0,3.0
69.67,1.0,1.0
69.68,0.0,2.0
69.69,0.0,2.0
69.7,0.0,5.0
69.7,1.0,1.0
69.71,0.0,3.0
69.72,0.0,2.0
69.73,0.0,3.0
69.74,0.0,5.0
69.75,0.0,3.0
69.76,0.0,1.0
69.77,0.0,1.0
69.78,0.0,3.0
69.79,0.0,1.0
69.79,1.0,1.0
69.8,0.0,2.0
69.8,1.0,1.0
69.82,0.0,2.0
69.83,1.0,2.0
69.84,0.0,1.0
69.85,0.0,2.0
69.86,0.0,3.0
69.87,0.0,2.0
69.88,0.0,2.0
69.9,0.0,2.0
69.91,0.0,2.0
69.91,1.0,1.0
69.92,0.0,2.0
69.94,0.0,1.0
69.95,0.0,1.0
69.96,1.0,1.0
69.97,0.0,2.0
69.97,1.0,1.0
69.98,0.0,1.0
69.98,1.0,1.0
69.99,0.0,2.0
69.99,1.0,2.0
70.0,0.0,1.0
70.0,1.0,1.0
70.01,0.0,2.0
70.01,1.0,1.0
70.02,0.0,1.0
70.03,0.0,2.0
70.04,0.0,2.0
70.04,1.0,1.0
70.05,0.0,3.0
70.06,0.0,1.0
70.07,0.0,4.0
70.07,1.0,1.0
70.08,0.0,3.0
70.1,0.0,2.0
70.1,1.0,1.0
70.11,0.0,1.0
70.12,0.0,1.0
70.13,0.0,2.0
70.14,0.0,3.0
70.14,1.0,1.0
70.15,0.0,2.0
70.16,0.0,2.0
70.17,0.0,2.0
70.17,1.0,3.0
70.18,0.0,3.0
70.19,0.0,2.0
70.2,0.0,1.0
70.2,1.0,1.0
70.21,0.0,4.0
70.22,0.0,2.0
70.22,1.0,1.0
70.23,0.0,5.0
70.24,0.0,1.0
70.24,1.0,1.0
70.25,0.0,1.0
70.25,1.0,1.0
70.27,0.0,3.0
70.28,0.0,1.0
70.28,1.0,2.0
70.3,0.0,1.0
70.31,0.0,1.0
70.31,1.0,2.0
70.32,0.0,3.0
70.32,1.0,2.0
70.34,0.0,1.0
70.34,1.0,1.0
70.35,0.0,1.0
70.35,1.0,1.0
70.36,0.0,2.0
70.36,1.0,1.0
70.39,0.0,4.0
70.39,1.0,2.0
70.4,0.0,1.0
70.41,0.0,4.0
70.41,1.0,1.0
70.42,0.0,1.0
70.43,0.0,5.0
70.43,1.0,1.0
70.44,0.0,2.0
70.45,0.0,2.0
70.46,1.0,1.0
70.47,0.0,2.0
70.47,1.0,2.0
70.48,0.0,2.0
70.49,0.0,4.0
70.49,1.0,1.0
70.51,0.0,4.0
70.51,1.0,1.0
70.52,0.0,2.0
70.53,0.0,7.0
70.54,0.0,1.0
70.55,0.0,4.0
70.56,0.0,2.0
70.56,1.0,1.0
70.57,0.0,1.0
70.57,1.0,1.0
70.58,0.0,1.0
70.58,1.0,1.0
70.59,0.0,2.0
70.61,1.0,1.0
70.62,0.0,1.0
70.62,1.0,1.0
70.63,0.0,1.0
70.63,1.0,1.0
70.64,0.0,4.0
70.64,1.0,2.0
70.65,0.0,1.0
70.65,1.0,1.0
70.66,0.0,2.0
70.67,0.0,2.0
70.67,1.0,2.0
70.68,0.0,3.0
70.69,0.0,1.0
70.69,1.0,1.0
70.7,0.0,2.0
70.71,0.0,2.0
70.71,1.0,1.0
70.72,0.0,1.0
70.72,1.0,1.0
70.73,0.0,5.0
70.74,1.0,1.0
70.75,0.0,4.0
70.76,0.0,2.0
70.76,1.0,1.0
70.77,0.0,2.0
70.77,1.0,1.0
70.78,0.0,3.0
70.79,0.0,2.0
70.79,1.0,2.0
70.8,0.0,4.0
70.8,1.0,1.0
70.81,0.0,1.0
70.82,0.0,5.0
70.82,1.0,1.0
70.83,0.0,1.0
70.83,1.0,1.0
70.84,0.0,2.0
70.84,1.0,1.0
70.85,0.0,1.0
70.85,1.0,2.0
70.86,0.0,1.0
70.86,1.0,1.0
70.87,0.0,1.0
70.88,0.0,2.0
70.9,0.0,2.0
70.91,0.0,2.0
70.91,1.0,1.0
70.93,0.0,1.0
70.94,0.0,2.0
70.94,1.0,1.0
70.95,0.0,4.0
70.96,0.0,1.0
70.97,0.0,1.0
70.97,1.0,1.0
70.98,0.0,1.0
70.98,1.0,2.0
70.99,0.0,2.0
71.0,0.0,2.0
71.0,1.0,1.0
71.02,0.0,3.0
71.02,1.0,2.0
71.03,0.0,2.0
71.03,1.0,1.0
71.04,0.0,2.0
71.05,0.0,2.0
71.06,0.0,2.0
71.07,0.0,2.0
71.08,0.0,3.0
71.09,0.0,1.0
71.1,0.0,1.0
71.11,0.0,4.0
71.12,0.0,5.0
71.13,0.0,6.0
71.13,1.0,1.0
71.14,0.0,5.0
71.14,1.0,1.0
71.15,0.0,4.0
71.15,1.0,1.0
71.16,0.0,2.0
71.16,1.0,1.0
71.17,0.0,2.0
71.17,1.0,2.0
71.18,0.0,2.0
71.18,1.0,1.0
71.2,0.0,3.0
71.2,1.0,1.0
71.21,1.0,3.0
71.22,1.0,1.0
71.23,0.0,2.0
71.24,0.0,1.0
71.25,0.0,2.0
71.26,0.0,3.0
71.26,1.0,1.0
71.27,1.0,2.0
71.28,0.0,3.0
71.29,0.0,1.0
71.3,0.0,2.0
71.31,0.0,2.0
71.32,0.0,1.0
71.34,0.0,6.0
71.35,0.0,4.0
71.35,1.0,1.0
71.36,0.0,3.0
71.36,1.0,1.0
71.39,0.0,3.0
71.4,0.0,2.0
71.42,0.0,2.0
71.43,0.0,4.0
71.44,0.0,7.0
71.44,1.0,1.0
71.46,0.0,3.0
71.47,0.0,1.0
71.48,0.0,3.0
71.49,0.0,3.0
71.5,0.0,5.0
71.51,0.0,1.0
71.51,1.0,1.0
71.52,0.0,2.0
71.52,1.0,2.0
71.53,0.0,1.0
71.54,0.0,1.0
71.55,0.0,1.0
71.55,1.0,1.0
71.56,0.0,4.0
71.56,1.0,1.0
71.57,0.0,3.0
71.57,1.0,1.0
71.58,0.0,2.0
71.58,1.0,1.0
71.59,0.0,2.0
71.6,0.0,4.0
71.61,0.0,4.0
71.61,1.0,2.0
71.62,0.0,2.0
71.62,1.0,1.0
71.63,0.0,3.0
71.64,0.0,5.0
71.64,1.0,1.0
71.65,0.0,3.0
71.65,1.0,1.0
71.66,0.0,2.0
71.66,1.0,2.0
71.67,0.0,1.0
71.68,0.0,2.0
71.69,0.0,3.0
71.69,1.0,1.0
71.7,0.0,2.0
71.71,0.0,2.0
71.71,1.0,1.0
71.72,0.0,2.0
71.73,1.0,1.0
71.74,0.0,1.0
71.75,1.0,1.0
71.76,0.0,2.0
71.76,1.0,1.0
71.77,1.0,1.0
71.78,0.0,2.0
71.78,1.0,1.0
71.79,0.0,4.0
71.8,0.0,2.0
71.81,1.0,1.0
71.82,0.0,2.0
71.83,0.0,1.0
71.83,1.0,1.0
71.84,0.0,1.0
71.86,0.0,2.0
71.86,1.0,1.0
71.87,0.0,2.0
71.88,0.0,1.0
71.88,1.0,1.0
71.89,0.0,4.0
71.89,1.0,1.0
71.9,0.0,4.0
71.9,1.0,1.0
71.91,0.0,2.0
71.91,1.0,1.0
71.92,0.0,2.0
71.93,0.0,1.0
71.95,0.0,1.0
71.96,0.0,1.0
71.96,1.0,1.0
71.97,0.0,3.0
71.97,1.0,1.0
71.98,1.0,2.0
71.99,0.0,1.0
71.99,1.0,1.0
72.0,0.0,6.0
72.0,1.0,1.0
72.02,0.0,3.0
72.03,0.0,2.0
72.04,0.0,3.0
72.06,1.0,1.0
72.07,0.0,1.0
72.08,0.0,1.0
72.08,1.0,1.0
72.09,0.0,1.0
72.1,0.0,3.0
72.11,0.0,1.0
72.11,1.0,1.0
72.12,0.0,3.0
72.13,0.0,2.0
72.13,1.0,1.0
72.14,0.0,2.0
72.15,0.0,1.0
72.15,1.0,1.0
72.16,0.0,1.0
72.17,0.0,1.0
72.18,0.0,3.0
72.19,0.0,1.0
72.19,1.0,1.0
72.2,0.0,3.0
72.21,0.0,1.0
72.22,0.0,2.0
72.23,1.0,1.0
72.24,1.0,2.0
72.25,0.0,2.0
72.25,1.0,2.0
72.26,0.0,4.0
72.27,0.0,1.0
72.27,1.0,2.0
72.28,0.0,3.0
72.28,1.0,1.0
72.29,0.0,1.0
72.3,1.0,2.0
72.31,0.0,3.0
72.31,1.0,2.0
72.32,0.0,3.0
72.33,0.0,1.0
72.34,0.0,2.0
72.35,0.0,2.0
72.36,0.0,1.0
72.37,0.0,1.0
72.38,0.0,2.0
72.39,0.0,2.0
72.39,1.0,2.0
72.4,0.0,1.0
72.41,0.0,1.0
72.41,1.0,1.0
72.42,0.0,2.0
72.42,1.0,1.0
72.43,0.0,1.0
72.44,0.0,1.0
72.46,0.0,6.0
72.47,0.0,1.0
72.47,1.0,1.0
72.48,0.0,5.0
72.49,0.0,2.0
72.49,1.0,1.0
72.5,0.0,2.0
72.52,0.0,3.0
72.53,0.0,1.0
72.54,0.0,2.0
72.54,1.0,2.0
72.55,0.0,1.0
72.55,1.0,3.0
72.56,0.0,1.0
72.57,0.0,1.0
72.58,0.0,3.0
72.58,1.0,2.0
72.59,0.0,2.0
72.6,1.0,1.0
72.61,0.0,2.0
72.62,0.0,3.0
72.62,1.0,1.0
72.63,0.0,1.0
72.63,1.0,1.0
72.66,0.0,3.0
72.67,0.0,2.0
72.68,0.0,3.0
72.68,1.0,2.0
72.69,1.0,2.0
72.71,1.0,1.0
72.72,0.0,1.0
72.73,0.0,1.0
72.73,1.0,1.0
72.74,0.0,1.0
72.75,0.0,1.0
72.76,0.0,2.0
72.76,1.0,1.0
72.77,0.0,1.0
72.78,0.0,4.0
72.79,0.0,3.0
72.79,1.0,1.0
72.8,0.0,2.0
72.8,1.0,1.0
72.81,0.0,2.0
72.81,1.0,1.0
72.82,0.0,2.0
72.83,0.0,1.0
72.84,0.0,2.0
72.85,0.0,1.0
72.85,1.0,1.0
72.86,0.0,2.0
72.88,0.0,5.0
72.89,0.0,1.0
72.91,0.0,2.0
72.91,1.0,3.0
72.92,0.0,2.0
72.93,0.0,1.0
72.94,0.0,2.0
72.95,0.0,2.0
72.96,0.0,1.0
72.96,1.0,1.0
72.97,0.0,1.0
72.97,1.0,1.0
72.99,0.0,2.0
72.99,1.0,2.0
73.01,0.0,1.0
73.02,0.0,2.0
73.03,0.0,1.0
73.04,0.0,2.0
73.05,0.0,3.0
73.05,1.0,1.0
73.07,0.0,2.0
73.07,1.0,1.0
73.08,0.0,4.0
73.08,1.0,1.0
73.09,0.0,2.0
73.09,1.0,2.0
73.1,0.0,2.0
73.1,1.0,1.0
73.11,0.0,1.0
73.12,0.0,3.0
73.13,0.0,3.0
73.14,1.0,3.0
73.15,0.0,1.0
73.15,1.0,1.0
73.16,0.0,2.0
73.17,0.0,2.0
73.18,0.0,2.0
73.19,0.0,1.0
73.19,1.0,1.0
73.2,0.0,1.0
73.21,0.0,1.0
73.22,0.0,1.0
73.22,1.0,1.0
73.23,0.0,2.0
73.25,0.0,4.0
73.28,0.0,2.0
73.29,0.0,1.0
73.3,0.0,1.0
73.32,0.0,1.0
73.32,1.0,1.0
73.33,0.0,2.0
73.33,1.0,1.0
73.35,0.0,1.0
73.36,1.0,1.0
73.37,0.0,3.0
73.37,1.0,1.0
73.38,0.0,1.0
73.38,1.0,1.0
73.39,0.0,3.0
73.41,0.0,2.0
73.42,0.0,3.0
73.43,0.0,2.0
73.44,0.0,2.0
73.44,1.0,1.0
73.46,0.0,2.0
73.47,0.0,3.0
73.48,0.0,2.0
73.48,1.0,2.0
73.5,1.0,1.0
73.51,0.0,1.0
73.51,1.0,1.0
73.52,0.0,1.0
73.53,0.0,1.0
73.54,0.0,3.0
73.55,0.0,1.0
73.57,0.0,1.0
73.58,0.0,2.0
73.58,1.0,1.0
73.59,0.0,2.0
73.6,0.0,3.0
73.61,0.0,2.0
73.61,1.0,1.0
73.63,0.0,3.0
73.64,0.0,3.0
73.67,0.0,1.0
73.68,0.0,2.0
73.7,0.0,1.0
73.71,0.0,1.0
73.71,1.0,1.0
73.72,0.0,1.0
73.72,1.0,1.0
73.74,0.0,2.0
73.77,0.0,2.0
73.78,0.0,1.0
73.78,1.0,1.0
73.79,0.0,1.0
73.8,0.0,1.0
73.81,0.0,4.0
73.82,0.0,1.0
73.83,0.0,1.0
73.84,0.0,1.0
73.85,0.0,2.0
73.86,1.0,1.0
73.87,0.0,2.0
73.89,0.0,1.0
73.89,1.0,1.0
73.9,0.0,1.0
73.9,1.0,2.0
73.91,0.0,1.0
73.92,0.0,1.0
73.92,1.0,1.0
73.93,0.0,1.0
73.95,0.0,1.0
73.96,0.0,2.0
73.97,0.0,2.0
73.99,0.0,3.0
74.0,0.0,1.0
74.01,0.0,1.0
74.02,0.0,1.0
74.03,0.0,1.0
74.03,1.0,1.0
74.04,0.0,5.0
74.04,1.0,1.0
74.05,0.0,1.0
74.06,0.0,1.0
74.07,0.0,2.0
74.08,0.0,1.0
74.08,1.0,1.0
74.09,0.0,1.0
74.11,0.0,1.0
74.12,0.0,2.0
74.13,0.0,2.0
74.14,0.0,1.0
74.15,0.0,1.0
74.15,1.0,1.0
74.16,0.0,3.0
74.17,0.0,1.0
74.18,0.0,2.0
74.2,0.0,2.0
74.21,0.0,1.0
74.24,0.0,2.0
74.25,0.0,1.0
74.26,0.0,1.0
74.27,1.0,1.0
74.28,0.0,2.0
74.28,1.0,1.0
74.29,0.0,1.0
74.3,1.0,1.0
74.31,0.0,2.0
74.32,0.0,1.0
74.38,1.0,1.0
74.39,0.0,1.0
74.4,0.0,1.0
74.42,0.0,1.0
74.43,0.0,1.0
74.44,0.0,1.0
74.46,0.0,1.0
74.46,1.0,1.0
74.48,1.0,1.0
74.5,0.0,2.0
74.51,0.0,1.0
74.52,1.0,1.0
74.53,0.0,1.0
74.55,0.0,3.0
74.56,0.0,2.0
74.56,1.0,1.0
74.58,0.0,1.0
74.6,0.0,2.0
74.61,0.0,1.0
74.61,1.0,1.0
74.62,0.0,2.0
74.64,0.0,1.0
74.64,1.0,2.0
74.7,0.0,1.0
74.71,0.0,1.0
74.72,0.0,1.0
74.72,1.0,1.0
74.74,0.0,1.0
74.76,1.0,1.0
74.77,1.0,1.0
74.79,0.0,3.0
74.79,1.0,1.0
74.82,0.0,2.0
74.85,0.0,1.0
74.86,0.0,1.0
74.87,0.0,1.0
74.88,1.0,1.0
74.9,1.0,1.0
74.92,1.0,1.0
74.93,0.0,1.0
74.94,0.0,1.0
74.95,0.0,1.0
74.96,0.0,1.0
75.01,0.0,1.0
75.03,1.0,1.0
75.05,0.0,1.0
75.06,0.0,2.0
75.07,0.0,1.0
75.08,0.0,1.0
75.09,0.0,1.0
75.12,0.0,1.0
75.13,0.0,1.0
75.14,0.0,1.0
75.15,0.0,1.0
75.16,0.0,1.0
75.17,1.0,1.0
75.19,0.0,1.0
75.2,0.0,1.0
75.27,0.0,1.0
75.34,0.0,2.0
75.38,1.0,1.0
75.42,1.0,1.0
75.45,0.0,2.0
75.45,1.0,1.0
75.46,0.0,1.0
75.48,1.0,1.0
75.49,0.0,1.0
75.53,0.0,1.0
75.54,0.0,3.0
75.55,0.0,1.0
75.57,1.0,1.0
75.58,0.0,1.0
75.58,1.0,1.0
75.59,0.0,1.0
75.64,0.0,1.0
75.65,0.0,1.0
75.68,0.0,2.0
75.69,0.0,1.0
75.71,0.0,1.0
75.73,0.0,1.0
75.76,0.0,2.0
75.77,0.0,1.0
75.78,0.0,1.0
75.78,1.0,1.0
75.79,0.0,1.0
75.84,0.0,1.0
76.17,0.0,1.0
76.27,0.0,1.0
76.28,0.0,1.0
76.31,0.0,1.0
76.35,0.0,1.0
76.36,0.0,1.0
76.43,0.0,2.0
76.48,1.0,1.0
76.73,1.0,1.0
76.74,0.0,1.0
76.92,1.0,1.0
76.93,0.0,1.0
76.99,0.0,1.0
77.16,0.0,1.0
77.2,0.0,1.0
77.23,1.0,1.0
77.43,0.0,1.0
77.44,0.0,1.0

