read_length,occurence
150,11
151,6
152,1
153,2
154,3
155,4
156,10
157,6
158,8
159,20
160,10
161,8
162,7
163,4
164,6
165,4
166,4
167,6
168,4
169,6
170,3
171,3
172,2
173,4
174,7
175,10
176,2
177,5
178,8
179,2
180,6
181,3
182,5
183,4
184,2
185,13
186,1
187,3
188,6
189,7
190,4
191,5
192,5
193,4
194,3
195,6
196,4
197,2
198,4
199,11
200,8
201,12
202,10
203,29
204,5
205,3
206,6
207,5
208,5
209,4
210,4
211,1
212,3
213,2
214,1
215,1
216,4
217,2
218,4
219,5
220,5
221,3
222,4
223,2
224,6
225,5
226,5
227,7
228,9
229,5
230,5
231,3
232,12
233,5
234,18
235,27
236,97
237,16
238,13
239,12
240,5
241,6
242,8
243,6
244,3
245,4
246,3
247,6
248,6
249,6
250,4
251,5
252,9
253,5
254,3
255,5
256,6
257,5
258,2
259,4
260,9
261,5
262,7
263,10
264,6
265,2
266,4
267,3
268,1
269,7
270,4
271,4
272,6
273,9
274,2
275,4
276,11
277,31
278,7
279,5
280,5
281,7
282,1
283,5
284,8
285,5
286,1
287,3
288,6
289,2
290,4
291,4
292,5
293,8
295,4
296,6
297,1
298,3
299,3
300,6
301,12
302,10
303,17
304,25
305,55
306,9
307,7
308,6
309,4
310,3
311,4
312,7
313,2
314,2
315,6
316,4
317,7
318,3
319,16
320,5
321,7
322,3
323,6
324,2
325,3
326,3
327,1
328,2
329,2
330,2
331,3
332,9
333,4
334,4
335,5
336,3
337,2
338,3
339,5
340,3
341,2
342,2
343,3
344,4
345,8
346,9
347,5
348,2
349,1
350,3
351,2
352,5
353,5
354,2
355,6
356,4
357,6
358,2
359,3
360,3
361,3
362,6
363,5
364,2
365,4
366,5
367,2
368,4
369,2
370,2
371,3
372,3
373,2
374,5
375,7
376,2
377,6
378,1
379,3
380,5
381,3
382,4
383,5
384,5
386,4
387,6
388,6
389,4
390,3
391,1
392,4
393,2
394,4
395,3
396,5
397,3
398,3
399,2
400,3
401,1
402,3
403,1
404,3
407,4
408,4
409,4
410,3
411,1
412,2
413,4
414,2
415,6
416,1
417,2
418,1
419,3
420,1
421,2
422,2
423,3
424,5
425,2
426,1
427,2
428,1
429,4
430,1
431,4
432,2
433,3
434,2
435,4
436,5
437,2
438,3
439,2
440,3
442,5
443,2
444,4
445,5
446,5
447,2
448,5
449,7
450,17
451,12
452,3
453,4
454,1
455,2
456,1
457,1
458,6
459,1
461,3
463,1
464,1
466,4
467,5
468,3
469,4
470,2
471,7
472,2
473,1
474,2
475,1
476,2
477,2
478,3
479,2
480,5
481,1
482,2
483,3
484,4
485,1
486,3
487,1
489,1
490,3
492,5
493,1
494,3
495,4
496,1
497,3
498,2
499,2
500,3
501,4
502,3
503,2
504,1
505,2
506,4
507,4
508,1
509,1
510,4
511,4
512,2
513,2
514,5
515,4
516,1
517,2
518,3
519,7
520,3
522,4
523,3
524,1
525,3
526,3
527,4
528,2
529,1
530,1
531,3
532,3
533,1
534,2
536,2
537,2
538,1
539,4
540,4
541,4
542,5
543,3
544,5
545,7
546,5
547,3
548,6
549,3
550,2
551,4
553,1
555,2
556,1
557,4
558,1
559,2
560,2
561,1
562,2
563,6
564,4
565,4
566,3
567,2
568,4
569,5
572,5
574,1
575,4
576,4
577,2
578,1
580,2
581,3
582,2
583,5
584,4
585,6
586,3
587,3
588,4
589,3
591,1
592,4
593,1
594,2
595,5
596,3
597,2
598,6
599,2
600,2
601,2
602,2
603,7
604,2
605,4
606,2
607,3
608,3
609,1
610,3
611,4
612,2
613,1
614,1
616,2
617,4
618,2
619,4
620,2
621,1
622,2
623,1
624,1
625,1
626,1
627,2
628,2
629,1
631,2
632,1
635,2
636,2
637,3
638,2
639,3
640,2
641,3
642,1
643,1
644,1
645,1
646,2
648,2
650,1
651,3
652,3
653,2
654,7
655,2
657,1
658,5
659,2
660,3
661,2
662,2
663,1
664,2
665,2
666,2
667,4
668,4
669,4
670,3
674,3
675,1
678,2
679,4
680,3
681,6
682,2
683,2
684,3
685,4
686,2
687,1
688,2
690,1
692,1
693,2
694,3
695,2
697,3
698,3
699,5
700,1
701,1
702,1
704,4
705,4
706,1
707,4
708,1
709,4
711,1
712,2
713,1
714,3
715,4
717,2
718,1
719,2
720,3
721,2
722,2
723,1
725,1
727,4
728,3
729,2
730,2
731,1
732,1
734,2
736,2
737,1
738,4
739,1
740,1
741,1
742,2
745,1
746,1
747,3
748,1
751,2
752,1
753,1
754,1
755,1
756,2
757,2
759,1
760,1
761,4
762,2
763,1
764,3
765,1
766,2
770,2
773,4
774,3
777,1
778,3
779,1
781,2
782,2
783,5
784,1
785,5
788,3
789,6
790,1
791,1
793,3
798,2
799,4
801,1
802,3
803,1
804,1
805,1
806,2
807,1
808,1
809,2
811,1
812,3
814,1
816,1
818,3
819,2
822,2
823,5
824,1
825,2
827,1
828,1
829,5
830,2
831,3
833,2
834,2
835,1
837,2
838,4
839,1
840,2
841,2
842,1
843,1
844,1
845,1
846,3
850,1
851,3
852,1
855,1
857,3
859,2
862,2
863,2
864,2
865,2
869,3
870,4
872,3
873,1
875,1
879,2
880,2
881,1
882,2
884,3
885,1
886,1
891,1
893,1
894,1
896,1
897,1
898,1
899,1
900,2
902,2
903,3
904,1
905,3
906,4
907,1
911,1
913,2
914,1
916,2
917,1
918,3
919,2
920,1
921,1
922,1
924,1
927,3
928,2
929,2
930,2
931,1
933,2
934,2
936,3
938,2
939,2
940,2
941,3
942,2
945,2
946,2
948,1
950,1
951,4
954,1
955,1
957,1
958,2
959,3
960,4
963,1
964,1
965,2
966,1
967,2
968,2
969,1
970,1
971,4
972,2
973,2
974,3
975,3
976,1
978,2
979,2
980,2
981,1
982,1
984,1
986,2
988,1
989,1
990,2
991,2
992,1
995,1
997,1
998,1
1000,1
1001,1
1002,1
1004,1
1005,3
1006,3
1007,4
1008,2
1009,1
1010,1
1011,1
1012,1
1013,2
1015,2
1016,3
1019,2
1020,1
1021,3
1022,3
1023,2
1024,1
1026,1
1031,2
1032,1
1033,1
1034,2
1035,2
1039,2
1041,1
1042,2
1043,1
1044,1
1045,2
1046,3
1047,3
1048,2
1050,4
1051,1
1052,1
1054,1
1055,3
1056,1
1058,1
1059,1
1060,2
1061,2
1063,1
1068,1
1071,1
1074,1
1077,1
1081,2
1082,1
1085,1
1086,1
1087,2
1089,1
1090,1
1091,3
1095,1
1096,1
1097,3
1098,1
1099,1
1100,3
1103,2
1104,1
1112,2
1114,2
1115,3
1118,1
1119,1
1120,1
1123,3
1124,1
1125,3
1126,2
1129,1
1132,2
1133,2
1137,2
1138,1
1139,1
1140,1
1142,1
1146,2
1149,2
1150,1
1151,1
1152,1
1154,1
1155,4
1156,6
1157,3
1159,4
1160,3
1161,4
1162,6
1164,2
1168,1
1170,1
1172,1
1173,1
1175,1
1180,2
1181,2
1184,1
1186,1
1187,1
1191,1
1194,1
1195,1
1196,2
1198,1
1199,1

