seq_score,occurence
38.51,1.0
41.43,1.0
43.17,1.0
45.94,1.0
46.42,1.0
46.59,1.0
46.76,2.0
46.91,1.0
47.16,1.0
47.22,1.0
47.47,1.0
47.51,1.0
47.54,1.0
47.76,1.0
47.92,1.0
48.02,1.0
48.24,1.0
48.31,1.0
48.41,1.0
48.57,1.0
48.6,1.0
49.08,1.0
49.42,1.0
49.49,1.0
49.56,1.0
49.61,1.0
49.68,1.0
49.83,1.0
49.98,1.0
50.01,2.0
50.08,1.0
50.16,1.0
50.22,1.0
50.33,1.0
50.37,1.0
50.67,1.0
50.69,1.0
50.72,1.0
50.82,1.0
50.91,1.0
51.01,1.0
51.04,1.0
51.06,1.0
51.1,1.0
51.14,1.0
51.15,1.0
51.26,1.0
51.27,1.0
51.28,1.0
51.29,1.0
51.34,1.0
51.4,1.0
51.46,1.0
51.55,1.0
51.76,1.0
51.78,1.0
51.88,1.0
51.94,1.0
51.96,1.0
52.01,1.0
52.16,1.0
52.28,1.0
52.35,1.0
52.44,1.0
52.45,3.0
52.46,1.0
52.48,1.0
52.49,2.0
52.57,1.0
52.66,1.0
52.73,1.0
52.79,1.0
52.81,1.0
52.85,1.0
52.87,1.0
52.88,1.0
52.95,1.0
53.0,1.0
53.04,1.0
53.06,2.0
53.12,1.0
53.22,1.0
53.25,1.0
53.28,1.0
53.3,1.0
53.39,2.0
53.41,1.0
53.43,1.0
53.46,1.0
53.47,1.0
53.53,1.0
53.56,1.0
53.66,1.0
53.73,1.0
53.75,1.0
53.78,1.0
53.79,1.0
53.85,2.0
53.89,1.0
53.94,1.0
53.96,1.0
53.98,1.0
54.12,1.0
54.15,1.0
54.16,1.0
54.18,1.0
54.21,1.0
54.22,1.0
54.23,1.0
54.26,1.0
54.29,1.0
54.37,2.0
54.4,1.0
54.48,1.0
54.52,1.0
54.53,1.0
54.66,1.0
54.73,1.0
54.76,2.0
54.77,1.0
54.78,1.0
54.83,1.0
54.87,1.0
54.92,1.0
54.93,2.0
54.94,1.0
55.09,2.0
55.11,1.0
55.15,1.0
55.16,1.0
55.18,1.0
55.21,1.0
55.24,1.0
55.33,1.0
55.36,1.0
55.37,3.0
55.4,1.0
55.41,1.0
55.46,2.0
55.6,2.0
55.63,1.0
55.67,1.0
55.69,2.0
55.75,1.0
55.77,1.0
55.78,1.0
55.81,4.0
55.83,2.0
55.86,1.0
55.87,2.0
55.88,1.0
55.96,1.0
55.97,2.0
56.04,1.0
56.05,1.0
56.09,1.0
56.1,1.0
56.21,1.0
56.22,1.0
56.25,1.0
56.27,1.0
56.32,1.0
56.35,2.0
56.37,1.0
56.44,2.0
56.47,2.0
56.5,1.0
56.52,1.0
56.53,1.0
56.54,1.0
56.56,3.0
56.57,1.0
56.58,1.0
56.71,1.0
56.75,1.0
56.76,1.0
56.77,1.0
56.8,1.0
56.81,2.0
56.82,1.0
56.85,1.0
56.86,2.0
56.89,2.0
56.9,1.0
56.91,1.0
56.93,1.0
56.96,1.0
56.97,1.0
57.0,1.0
57.02,2.0
57.03,1.0
57.04,1.0
57.07,1.0
57.11,1.0
57.17,1.0
57.21,1.0
57.23,1.0
57.24,3.0
57.28,2.0
57.29,1.0
57.35,1.0
57.36,1.0
57.37,1.0
57.39,1.0
57.43,2.0
57.45,1.0
57.46,2.0
57.47,1.0
57.49,1.0
57.53,1.0
57.57,1.0
57.59,1.0
57.61,2.0
57.62,1.0
57.64,1.0
57.65,1.0
57.66,2.0
57.68,2.0
57.71,1.0
57.72,1.0
57.75,2.0
57.82,2.0
57.83,2.0
57.84,1.0
57.85,1.0
57.86,2.0
57.87,1.0
57.88,2.0
57.9,1.0
57.94,1.0
57.95,2.0
57.96,2.0
57.98,1.0
58.02,2.0
58.03,1.0
58.05,1.0
58.08,1.0
58.11,2.0
58.12,1.0
58.18,2.0
58.2,3.0
58.23,2.0
58.24,1.0
58.26,1.0
58.27,1.0
58.28,2.0
58.29,1.0
58.3,1.0
58.32,1.0
58.38,1.0
58.39,1.0
58.41,2.0
58.42,1.0
58.46,1.0
58.47,1.0
58.48,1.0
58.49,1.0
58.5,1.0
58.52,1.0
58.54,2.0
58.56,2.0
58.57,1.0
58.59,1.0
58.6,1.0
58.63,2.0
58.64,4.0
58.66,1.0
58.68,3.0
58.7,3.0
58.71,2.0
58.72,2.0
58.73,2.0
58.74,2.0
58.77,1.0
58.78,1.0
58.81,1.0
58.83,1.0
58.85,1.0
58.87,1.0
58.89,2.0
58.9,1.0
58.91,3.0
58.93,2.0
58.94,1.0
58.95,3.0
58.96,1.0
58.97,1.0
58.98,1.0
59.0,4.0
59.01,1.0
59.03,1.0
59.04,3.0
59.05,1.0
59.06,1.0
59.07,2.0
59.09,1.0
59.1,1.0
59.11,1.0
59.12,1.0
59.13,2.0
59.14,1.0
59.15,3.0
59.16,1.0
59.17,3.0
59.2,1.0
59.21,2.0
59.22,1.0
59.24,3.0
59.29,2.0
59.32,1.0
59.33,2.0
59.34,1.0
59.35,2.0
59.36,1.0
59.38,1.0
59.39,1.0
59.4,1.0
59.42,1.0
59.43,1.0
59.44,2.0
59.45,1.0
59.48,2.0
59.5,1.0
59.52,1.0
59.53,1.0
59.54,1.0
59.56,2.0
59.57,1.0
59.58,3.0
59.59,2.0
59.62,1.0
59.65,3.0
59.66,1.0
59.68,1.0
59.71,2.0
59.72,1.0
59.73,2.0
59.74,1.0
59.75,1.0
59.76,2.0
59.77,1.0
59.79,1.0
59.8,1.0
59.81,1.0
59.84,2.0
59.85,1.0
59.86,3.0
59.88,2.0
59.89,2.0
59.91,2.0
59.92,2.0
59.93,1.0
59.99,3.0
60.02,1.0
60.03,1.0
60.04,1.0
60.05,1.0
60.06,1.0
60.1,3.0
60.12,3.0
60.15,2.0
60.16,1.0
60.17,1.0
60.18,2.0
60.19,2.0
60.24,1.0
60.26,4.0
60.29,3.0
60.31,1.0
60.32,1.0
60.33,4.0
60.35,1.0
60.37,2.0
60.38,1.0
60.4,1.0
60.41,3.0
60.43,1.0
60.46,3.0
60.47,2.0
60.48,2.0
60.51,2.0
60.52,1.0
60.53,1.0
60.54,1.0
60.55,5.0
60.58,2.0
60.59,2.0
60.6,2.0
60.61,1.0
60.62,2.0
60.63,1.0
60.64,3.0
60.65,1.0
60.66,2.0
60.67,1.0
60.68,1.0
60.69,1.0
60.7,3.0
60.71,3.0
60.72,5.0
60.73,2.0
60.75,3.0
60.77,4.0
60.78,2.0
60.82,2.0
60.84,1.0
60.85,5.0
60.86,2.0
60.87,1.0
60.88,1.0
60.89,2.0
60.9,4.0
60.91,1.0
60.92,2.0
60.93,1.0
60.94,1.0
60.95,1.0
60.96,3.0
60.98,3.0
60.99,3.0
61.0,1.0
61.01,1.0
61.02,1.0
61.03,3.0
61.04,1.0
61.05,2.0
61.06,4.0
61.07,1.0
61.08,1.0
61.1,1.0
61.11,4.0
61.12,3.0
61.13,1.0
61.14,2.0
61.15,2.0
61.16,3.0
61.19,3.0
61.21,4.0
61.22,2.0
61.23,2.0
61.24,1.0
61.25,3.0
61.26,2.0
61.28,2.0
61.29,1.0
61.3,1.0
61.32,1.0
61.33,1.0
61.35,2.0
61.36,3.0
61.37,1.0
61.38,3.0
61.39,1.0
61.4,3.0
61.41,1.0
61.42,3.0
61.43,2.0
61.44,2.0
61.45,1.0
61.46,2.0
61.47,1.0
61.48,2.0
61.49,3.0
61.5,3.0
61.51,1.0
61.52,1.0
61.54,2.0
61.55,2.0
61.56,3.0
61.57,1.0
61.59,4.0
61.61,3.0
61.62,4.0
61.63,4.0
61.65,1.0
61.66,3.0
61.67,2.0
61.68,1.0
61.69,2.0
61.7,2.0
61.71,3.0
61.72,2.0
61.75,3.0
61.76,3.0
61.78,2.0
61.79,2.0
61.8,3.0
61.81,2.0
61.82,2.0
61.83,3.0
61.84,3.0
61.85,2.0
61.86,5.0
61.87,3.0
61.88,2.0
61.89,1.0
61.9,3.0
61.91,3.0
61.92,5.0
61.93,4.0
61.94,3.0
61.95,2.0
61.97,2.0
61.98,2.0
61.99,2.0
62.0,2.0
62.01,3.0
62.02,4.0
62.03,2.0
62.04,1.0
62.05,1.0
62.06,1.0
62.07,2.0
62.08,2.0
62.09,3.0
62.1,6.0
62.11,2.0
62.12,1.0
62.13,4.0
62.14,5.0
62.15,3.0
62.16,1.0
62.17,3.0
62.18,4.0
62.19,6.0
62.22,2.0
62.23,3.0
62.24,3.0
62.25,6.0
62.26,3.0
62.27,2.0
62.28,2.0
62.29,2.0
62.3,2.0
62.31,4.0
62.32,2.0
62.33,4.0
62.34,3.0
62.35,1.0
62.36,1.0
62.37,3.0
62.38,1.0
62.39,6.0
62.4,3.0
62.41,4.0
62.42,3.0
62.43,2.0
62.44,3.0
62.45,5.0
62.46,2.0
62.47,3.0
62.48,4.0
62.49,4.0
62.5,4.0
62.51,3.0
62.53,2.0
62.54,3.0
62.55,3.0
62.56,4.0
62.57,4.0
62.58,2.0
62.59,2.0
62.6,3.0
62.61,2.0
62.62,3.0
62.63,1.0
62.65,2.0
62.66,2.0
62.68,4.0
62.69,2.0
62.7,2.0
62.71,5.0
62.72,2.0
62.73,6.0
62.74,4.0
62.75,2.0
62.76,2.0
62.77,3.0
62.78,4.0
62.79,3.0
62.8,5.0
62.81,2.0
62.82,2.0
62.83,1.0
62.84,1.0
62.85,2.0
62.86,1.0
62.87,1.0
62.88,1.0
62.89,6.0
62.9,1.0
62.91,1.0
62.92,2.0
62.93,4.0
62.94,2.0
62.95,3.0
62.96,3.0
62.97,1.0
62.98,3.0
62.99,2.0
63.0,2.0
63.01,4.0
63.02,3.0
63.03,1.0
63.04,7.0
63.05,1.0
63.06,4.0
63.07,1.0
63.08,3.0
63.09,2.0
63.1,1.0
63.11,2.0
63.12,4.0
63.13,6.0
63.14,5.0
63.15,3.0
63.16,1.0
63.17,3.0
63.18,2.0
63.19,3.0
63.2,6.0
63.21,1.0
63.22,2.0
63.23,3.0
63.24,3.0
63.25,4.0
63.26,4.0
63.27,3.0
63.28,2.0
63.29,2.0
63.3,2.0
63.31,2.0
63.32,3.0
63.33,4.0
63.34,1.0
63.35,3.0
63.36,5.0
63.37,1.0
63.38,2.0
63.39,5.0
63.4,3.0
63.41,3.0
63.42,5.0
63.43,3.0
63.44,3.0
63.45,6.0
63.46,2.0
63.47,3.0
63.48,2.0
63.49,3.0
63.5,4.0
63.51,3.0
63.52,2.0
63.53,3.0
63.54,2.0
63.55,1.0
63.56,4.0
63.57,4.0
63.58,1.0
63.59,8.0
63.6,4.0
63.61,4.0
63.62,5.0
63.63,3.0
63.64,3.0
63.65,3.0
63.66,2.0
63.67,1.0
63.68,2.0
63.69,4.0
63.7,1.0
63.71,3.0
63.72,1.0
63.73,3.0
63.74,3.0
63.75,2.0
63.76,4.0
63.77,4.0
63.78,2.0
63.79,5.0
63.8,4.0
63.81,4.0
63.82,6.0
63.83,3.0
63.84,4.0
63.85,1.0
63.86,2.0
63.87,6.0
63.88,3.0
63.89,5.0
63.9,6.0
63.91,3.0
63.92,1.0
63.93,5.0
63.94,6.0
63.95,1.0
63.96,1.0
63.97,3.0
63.98,3.0
63.99,2.0
64.0,2.0
64.01,3.0
64.02,7.0
64.03,4.0
64.04,3.0
64.05,3.0
64.06,2.0
64.07,3.0
64.08,1.0
64.09,6.0
64.1,1.0
64.11,1.0
64.12,6.0
64.13,4.0
64.14,1.0
64.15,5.0
64.16,2.0
64.17,4.0
64.18,2.0
64.19,6.0
64.2,3.0
64.21,4.0
64.22,6.0
64.23,5.0
64.24,4.0
64.25,2.0
64.26,6.0
64.27,4.0
64.28,1.0
64.29,5.0
64.3,6.0
64.31,5.0
64.32,3.0
64.33,3.0
64.34,7.0
64.35,3.0
64.36,3.0
64.37,2.0
64.38,3.0
64.39,7.0
64.4,2.0
64.41,1.0
64.42,3.0
64.43,1.0
64.44,6.0
64.45,3.0
64.46,3.0
64.47,4.0
64.48,3.0
64.49,9.0
64.5,6.0
64.51,4.0
64.52,4.0
64.53,8.0
64.54,2.0
64.55,5.0
64.56,5.0
64.57,3.0
64.58,5.0
64.59,2.0
64.6,1.0
64.61,3.0
64.62,5.0
64.63,7.0
64.64,4.0
64.65,4.0
64.66,4.0
64.67,4.0
64.68,1.0
64.69,4.0
64.7,5.0
64.71,2.0
64.72,3.0
64.73,3.0
64.74,4.0
64.75,4.0
64.76,4.0
64.77,1.0
64.78,1.0
64.79,3.0
64.8,3.0
64.81,7.0
64.82,2.0
64.83,3.0
64.84,2.0
64.85,2.0
64.86,5.0
64.87,4.0
64.88,2.0
64.89,2.0
64.9,5.0
64.91,6.0
64.92,2.0
64.93,5.0
64.94,1.0
64.95,2.0
64.97,4.0
64.98,2.0
64.99,3.0
65.0,4.0
65.01,2.0
65.02,3.0
65.03,2.0
65.04,1.0
65.05,3.0
65.06,4.0
65.07,5.0
65.08,3.0
65.09,5.0
65.1,4.0
65.11,3.0
65.12,4.0
65.13,3.0
65.14,3.0
65.15,2.0
65.16,4.0
65.17,2.0
65.18,3.0
65.19,1.0
65.2,1.0
65.21,1.0
65.22,2.0
65.23,2.0
65.24,7.0
65.25,7.0
65.26,5.0
65.27,1.0
65.28,4.0
65.29,2.0
65.3,2.0
65.31,7.0
65.32,1.0
65.33,4.0
65.34,3.0
65.35,2.0
65.36,6.0
65.37,4.0
65.38,2.0
65.39,4.0
65.4,5.0
65.41,5.0
65.42,4.0
65.43,2.0
65.44,4.0
65.45,4.0
65.46,3.0
65.47,2.0
65.49,3.0
65.5,5.0
65.51,3.0
65.52,3.0
65.53,6.0
65.54,2.0
65.55,3.0
65.56,3.0
65.57,5.0
65.59,3.0
65.6,4.0
65.61,3.0
65.62,6.0
65.63,4.0
65.65,6.0
65.66,3.0
65.67,1.0
65.68,6.0
65.69,3.0
65.7,2.0
65.71,4.0
65.72,1.0
65.73,2.0
65.74,3.0
65.75,3.0
65.76,4.0
65.77,2.0
65.79,1.0
65.8,8.0
65.81,4.0
65.82,6.0
65.83,2.0
65.84,6.0
65.86,2.0
65.87,7.0
65.88,6.0
65.89,2.0
65.9,4.0
65.91,5.0
65.92,2.0
65.93,6.0
65.94,5.0
65.95,4.0
65.96,2.0
65.97,8.0
65.98,4.0
65.99,5.0
66.0,1.0
66.01,3.0
66.02,5.0
66.03,12.0
66.04,2.0
66.05,5.0
66.06,3.0
66.07,5.0
66.08,2.0
66.09,1.0
66.1,4.0
66.11,5.0
66.12,2.0
66.13,3.0
66.14,7.0
66.15,2.0
66.16,4.0
66.17,4.0
66.18,4.0
66.19,3.0
66.2,9.0
66.21,4.0
66.22,2.0
66.23,2.0
66.24,4.0
66.25,1.0
66.26,4.0
66.27,4.0
66.28,1.0
66.29,3.0
66.3,4.0
66.31,4.0
66.32,3.0
66.33,4.0
66.34,7.0
66.35,2.0
66.36,4.0
66.37,3.0
66.38,2.0
66.39,4.0
66.4,4.0
66.41,3.0
66.42,2.0
66.43,3.0
66.44,3.0
66.45,4.0
66.46,5.0
66.47,6.0
66.48,6.0
66.5,5.0
66.51,3.0
66.52,7.0
66.53,1.0
66.54,2.0
66.55,2.0
66.56,1.0
66.57,3.0
66.58,6.0
66.59,4.0
66.6,5.0
66.61,2.0
66.62,2.0
66.63,5.0
66.64,3.0
66.65,9.0
66.66,2.0
66.67,2.0
66.68,1.0
66.69,2.0
66.7,4.0
66.71,3.0
66.72,2.0
66.73,2.0
66.74,5.0
66.75,6.0
66.76,5.0
66.77,4.0
66.78,3.0
66.79,7.0
66.8,4.0
66.81,1.0
66.83,6.0
66.84,6.0
66.85,4.0
66.86,2.0
66.87,2.0
66.88,5.0
66.89,2.0
66.9,2.0
66.91,2.0
66.92,2.0
66.93,5.0
66.96,5.0
66.97,3.0
66.98,6.0
66.99,4.0
67.0,6.0
67.01,5.0
67.02,2.0
67.03,4.0
67.04,4.0
67.05,4.0
67.06,3.0
67.07,2.0
67.08,4.0
67.09,4.0
67.1,4.0
67.11,6.0
67.12,2.0
67.13,3.0
67.14,4.0
67.15,1.0
67.16,5.0
67.17,6.0
67.18,4.0
67.2,3.0
67.21,4.0
67.22,5.0
67.23,3.0
67.25,1.0
67.26,1.0
67.27,8.0
67.28,4.0
67.29,5.0
67.3,6.0
67.31,8.0
67.32,4.0
67.33,2.0
67.34,3.0
67.35,8.0
67.36,3.0
67.37,4.0
67.38,4.0
67.39,2.0
67.4,2.0
67.41,3.0
67.42,6.0
67.43,4.0
67.44,3.0
67.45,1.0
67.46,3.0
67.47,6.0
67.48,7.0
67.49,3.0
67.5,9.0
67.51,3.0
67.52,3.0
67.53,6.0
67.54,5.0
67.55,4.0
67.56,3.0
67.57,4.0
67.58,2.0
67.59,4.0
67.6,6.0
67.61,5.0
67.62,1.0
67.63,3.0
67.64,2.0
67.65,1.0
67.66,4.0
67.67,5.0
67.68,2.0
67.69,3.0
67.7,4.0
67.71,4.0
67.72,2.0
67.73,5.0
67.74,4.0
67.75,7.0
67.76,5.0
67.77,8.0
67.78,2.0
67.79,4.0
67.8,2.0
67.81,3.0
67.82,4.0
67.83,10.0
67.84,2.0
67.85,5.0
67.86,3.0
67.87,9.0
67.88,5.0
67.89,3.0
67.9,2.0
67.91,3.0
67.92,2.0
67.93,3.0
67.94,5.0
67.95,1.0
67.96,5.0
67.97,2.0
67.98,8.0
67.99,4.0
68.0,4.0
68.01,3.0
68.02,5.0
68.03,3.0
68.04,1.0
68.05,5.0
68.06,5.0
68.07,5.0
68.08,4.0
68.09,2.0
68.1,5.0
68.11,3.0
68.12,2.0
68.13,6.0
68.14,3.0
68.15,1.0
68.16,3.0
68.17,4.0
68.18,5.0
68.19,4.0
68.2,6.0
68.21,5.0
68.22,2.0
68.23,5.0
68.24,1.0
68.25,5.0
68.26,3.0
68.27,2.0
68.28,2.0
68.29,6.0
68.3,8.0
68.31,3.0
68.32,4.0
68.33,3.0
68.34,3.0
68.35,5.0
68.36,6.0
68.37,5.0
68.38,5.0
68.39,5.0
68.4,5.0
68.41,3.0
68.42,3.0
68.43,3.0
68.44,3.0
68.45,4.0
68.46,3.0
68.47,5.0
68.48,6.0
68.49,3.0
68.5,7.0
68.51,3.0
68.52,6.0
68.53,1.0
68.54,2.0
68.55,4.0
68.56,4.0
68.57,2.0
68.58,3.0
68.59,5.0
68.6,7.0
68.61,5.0
68.62,1.0
68.63,3.0
68.64,1.0
68.65,9.0
68.66,2.0
68.67,4.0
68.68,6.0
68.69,1.0
68.7,4.0
68.71,3.0
68.72,5.0
68.73,2.0
68.74,6.0
68.75,4.0
68.76,7.0
68.77,4.0
68.78,3.0
68.79,2.0
68.8,2.0
68.81,7.0
68.82,4.0
68.83,5.0
68.84,6.0
68.85,5.0
68.86,3.0
68.87,2.0
68.88,6.0
68.89,6.0
68.9,4.0
68.91,6.0
68.92,5.0
68.93,3.0
68.94,4.0
68.95,2.0
68.96,3.0
68.97,7.0
68.98,2.0
68.99,4.0
69.0,1.0
69.01,2.0
69.02,6.0
69.03,2.0
69.04,4.0
69.05,1.0
69.06,4.0
69.07,6.0
69.08,4.0
69.09,3.0
69.1,4.0
69.11,1.0
69.12,4.0
69.13,5.0
69.14,5.0
69.15,6.0
69.16,5.0
69.17,5.0
69.18,3.0
69.19,9.0
69.2,5.0
69.21,1.0
69.22,3.0
69.23,9.0
69.24,3.0
69.25,7.0
69.26,5.0
69.27,3.0
69.28,4.0
69.29,1.0
69.3,3.0
69.31,4.0
69.32,4.0
69.33,4.0
69.34,1.0
69.35,2.0
69.36,1.0
69.37,3.0
69.38,7.0
69.39,3.0
69.4,1.0
69.41,3.0
69.43,2.0
69.44,1.0
69.45,6.0
69.46,4.0
69.47,2.0
69.48,5.0
69.49,2.0
69.5,5.0
69.51,4.0
69.52,10.0
69.53,2.0
69.54,2.0
69.55,5.0
69.56,2.0
69.57,3.0
69.58,2.0
69.59,5.0
69.6,4.0
69.61,11.0
69.62,6.0
69.63,5.0
69.64,5.0
69.65,3.0
69.66,3.0
69.67,4.0
69.68,6.0
69.69,4.0
69.7,3.0
69.71,2.0
69.72,4.0
69.73,3.0
69.74,1.0
69.75,3.0
69.76,6.0
69.77,2.0
69.78,3.0
69.79,1.0
69.8,4.0
69.81,2.0
69.82,7.0
69.83,3.0
69.84,9.0
69.85,2.0
69.86,3.0
69.87,4.0
69.88,1.0
69.89,4.0
69.91,7.0
69.92,5.0
69.93,6.0
69.94,1.0
69.95,3.0
69.96,3.0
69.97,3.0
69.98,4.0
69.99,3.0
70.0,5.0
70.01,5.0
70.02,4.0
70.03,4.0
70.04,2.0
70.05,3.0
70.06,3.0
70.07,9.0
70.08,3.0
70.09,4.0
70.1,7.0
70.11,2.0
70.12,5.0
70.13,1.0
70.14,4.0
70.15,5.0
70.16,8.0
70.17,1.0
70.18,5.0
70.19,2.0
70.2,2.0
70.21,2.0
70.22,7.0
70.23,5.0
70.24,1.0
70.25,2.0
70.26,1.0
70.27,2.0
70.28,6.0
70.29,3.0
70.3,6.0
70.31,5.0
70.32,4.0
70.33,3.0
70.34,4.0
70.35,3.0
70.36,7.0
70.37,4.0
70.38,7.0
70.39,1.0
70.4,1.0
70.41,4.0
70.42,3.0
70.43,5.0
70.44,1.0
70.45,4.0
70.46,3.0
70.47,2.0
70.48,6.0
70.49,5.0
70.5,7.0
70.51,3.0
70.52,6.0
70.53,3.0
70.54,3.0
70.55,4.0
70.56,1.0
70.57,3.0
70.58,3.0
70.59,4.0
70.6,5.0
70.63,5.0
70.64,2.0
70.65,4.0
70.66,5.0
70.67,3.0
70.68,3.0
70.69,4.0
70.7,2.0
70.71,5.0
70.72,3.0
70.73,2.0
70.74,2.0
70.75,5.0
70.76,1.0
70.77,3.0
70.78,3.0
70.79,6.0
70.8,5.0
70.81,4.0
70.82,2.0
70.83,11.0
70.85,2.0
70.86,5.0
70.87,4.0
70.88,2.0
70.89,4.0
70.9,5.0
70.91,3.0
70.92,5.0
70.93,1.0
70.94,3.0
70.95,2.0
70.96,3.0
70.97,5.0
70.98,6.0
70.99,1.0
71.0,5.0
71.01,6.0
71.02,4.0
71.03,3.0
71.04,4.0
71.05,3.0
71.06,2.0
71.07,4.0
71.08,6.0
71.09,4.0
71.1,4.0
71.11,2.0
71.12,1.0
71.13,7.0
71.14,2.0
71.15,3.0
71.18,3.0
71.19,2.0
71.21,2.0
71.22,3.0
71.23,4.0
71.24,1.0
71.25,5.0
71.26,5.0
71.27,3.0
71.28,1.0
71.29,1.0
71.3,4.0
71.31,3.0
71.32,3.0
71.33,3.0
71.34,2.0
71.35,6.0
71.36,2.0
71.37,4.0
71.38,5.0
71.39,3.0
71.4,4.0
71.41,5.0
71.42,2.0
71.43,4.0
71.44,7.0
71.45,4.0
71.46,5.0
71.48,8.0
71.49,3.0
71.5,2.0
71.51,4.0
71.52,2.0
71.53,5.0
71.54,6.0
71.55,1.0
71.56,2.0
71.57,4.0
71.58,2.0
71.59,2.0
71.6,6.0
71.61,2.0
71.62,3.0
71.63,1.0
71.64,3.0
71.65,4.0
71.66,5.0
71.67,2.0
71.68,3.0
71.69,3.0
71.7,3.0
71.71,1.0
71.72,2.0
71.74,1.0
71.75,3.0
71.76,2.0
71.77,5.0
71.78,4.0
71.79,3.0
71.8,2.0
71.81,6.0
71.82,1.0
71.83,3.0
71.85,3.0
71.86,7.0
71.87,4.0
71.88,3.0
71.89,2.0
71.9,5.0
71.91,5.0
71.92,4.0
71.94,3.0
71.96,4.0
71.97,2.0
71.98,3.0
71.99,5.0
72.0,4.0
72.01,1.0
72.02,3.0
72.03,1.0
72.04,3.0
72.05,5.0
72.06,3.0
72.07,4.0
72.08,2.0
72.09,3.0
72.1,2.0
72.11,4.0
72.12,1.0
72.13,6.0
72.14,1.0
72.15,4.0
72.16,4.0
72.17,2.0
72.18,5.0
72.19,3.0
72.2,2.0
72.21,2.0
72.22,5.0
72.24,1.0
72.25,3.0
72.26,1.0
72.27,5.0
72.28,4.0
72.29,4.0
72.3,1.0
72.31,4.0
72.33,3.0
72.34,4.0
72.35,5.0
72.36,5.0
72.37,2.0
72.38,3.0
72.39,1.0
72.4,4.0
72.41,4.0
72.42,7.0
72.43,2.0
72.44,8.0
72.45,4.0
72.46,3.0
72.47,1.0
72.48,2.0
72.49,1.0
72.5,1.0
72.51,3.0
72.52,3.0
72.53,1.0
72.54,2.0
72.55,6.0
72.56,3.0
72.57,3.0
72.58,3.0
72.59,1.0
72.6,5.0
72.61,5.0
72.62,4.0
72.63,1.0
72.64,3.0
72.65,4.0
72.66,7.0
72.67,4.0
72.68,4.0
72.69,3.0
72.7,3.0
72.71,3.0
72.72,5.0
72.73,1.0
72.74,4.0
72.75,2.0
72.76,3.0
72.77,3.0
72.78,1.0
72.79,3.0
72.8,3.0
72.81,3.0
72.82,4.0
72.83,1.0
72.84,2.0
72.85,1.0
72.86,5.0
72.87,2.0
72.88,2.0
72.9,4.0
72.91,4.0
72.92,1.0
72.93,3.0
72.94,3.0
72.95,2.0
72.96,4.0
72.97,2.0
72.98,4.0
72.99,6.0
73.01,2.0
73.03,2.0
73.04,2.0
73.05,5.0
73.06,6.0
73.07,3.0
73.08,3.0
73.09,2.0
73.1,1.0
73.11,2.0
73.12,1.0
73.13,2.0
73.14,4.0
73.15,6.0
73.16,2.0
73.17,4.0
73.18,3.0
73.19,1.0
73.2,3.0
73.21,1.0
73.22,2.0
73.23,4.0
73.24,1.0
73.26,2.0
73.27,8.0
73.28,3.0
73.29,4.0
73.3,2.0
73.31,2.0
73.32,1.0
73.33,4.0
73.34,2.0
73.35,2.0
73.36,4.0
73.37,4.0
73.39,1.0
73.4,2.0
73.42,2.0
73.43,3.0
73.45,2.0
73.46,2.0
73.47,3.0
73.48,1.0
73.49,1.0
73.5,1.0
73.51,2.0
73.52,2.0
73.53,2.0
73.54,2.0
73.55,1.0
73.56,1.0
73.57,1.0
73.58,3.0
73.59,2.0
73.6,1.0
73.61,2.0
73.62,3.0
73.63,2.0
73.64,1.0
73.65,3.0
73.66,2.0
73.67,1.0
73.69,2.0
73.7,2.0
73.71,2.0
73.72,4.0
73.73,1.0
73.74,3.0
73.76,2.0
73.77,1.0
73.78,4.0
73.79,2.0
73.8,2.0
73.81,4.0
73.82,2.0
73.84,2.0
73.85,1.0
73.86,2.0
73.87,1.0
73.88,2.0
73.89,1.0
73.9,4.0
73.91,1.0
73.92,1.0
73.93,2.0
73.94,2.0
73.95,1.0
73.96,1.0
73.97,2.0
73.98,1.0
73.99,4.0
74.0,4.0
74.01,1.0
74.02,3.0
74.03,1.0
74.04,1.0
74.05,1.0
74.06,2.0
74.07,3.0
74.08,4.0
74.09,4.0
74.1,2.0
74.11,4.0
74.12,1.0
74.13,2.0
74.14,1.0
74.15,4.0
74.16,1.0
74.17,2.0
74.18,2.0
74.19,1.0
74.21,2.0
74.22,1.0
74.23,1.0
74.24,1.0
74.25,3.0
74.26,2.0
74.27,1.0
74.28,4.0
74.29,3.0
74.31,1.0
74.32,3.0
74.33,3.0
74.35,3.0
74.36,2.0
74.37,2.0
74.38,2.0
74.39,2.0
74.4,1.0
74.41,1.0
74.43,3.0
74.44,2.0
74.46,2.0
74.47,3.0
74.48,1.0
74.49,2.0
74.51,1.0
74.52,1.0
74.53,2.0
74.54,2.0
74.58,3.0
74.59,3.0
74.62,1.0
74.67,1.0
74.68,3.0
74.69,1.0
74.72,1.0
74.73,1.0
74.74,1.0
74.76,2.0
74.77,4.0
74.79,1.0
74.8,1.0
74.81,3.0
74.83,1.0
74.84,1.0
74.85,3.0
74.86,1.0
74.87,2.0
74.89,2.0
74.9,4.0
74.92,1.0
74.93,4.0
74.94,2.0
74.95,3.0
74.96,1.0
74.98,2.0
74.99,1.0
75.0,2.0
75.01,1.0
75.02,1.0
75.03,2.0
75.07,3.0
75.08,1.0
75.1,2.0
75.11,4.0
75.15,2.0
75.16,1.0
75.19,1.0
75.22,1.0
75.23,2.0
75.24,2.0
75.26,2.0
75.27,1.0
75.28,2.0
75.29,1.0
75.3,1.0
75.32,2.0
75.36,2.0
75.38,1.0
75.4,2.0
75.41,1.0
75.42,2.0
75.44,1.0
75.45,3.0
75.46,1.0
75.47,2.0
75.48,1.0
75.49,1.0
75.5,1.0
75.52,1.0
75.54,1.0
75.55,1.0
75.56,1.0
75.57,1.0
75.58,2.0
75.6,2.0
75.62,1.0
75.66,2.0
75.71,1.0
75.72,1.0
75.74,1.0
75.77,1.0
75.79,1.0
75.8,2.0
75.83,1.0
75.87,1.0
75.89,1.0
75.91,1.0
75.95,2.0
75.99,1.0
76.0,1.0
76.02,1.0
76.14,1.0
76.16,1.0
76.19,1.0
76.21,1.0
76.22,1.0
76.24,1.0
76.27,1.0
76.28,1.0
76.3,1.0
76.32,2.0
76.38,2.0
76.39,1.0
76.41,1.0
76.42,1.0
76.43,1.0
76.53,2.0
76.54,1.0
76.64,1.0
76.65,1.0
76.84,1.0
76.93,1.0
76.94,1.0
76.97,1.0
77.02,1.0
77.08,1.0
77.14,1.0
77.24,1.0
77.29,1.0
77.73,1.0
77.92,1.0
78.12,1.0
78.81,1.0

