GC_content,mapped,occurence
31.82,0.0,1.0
33.18,0.0,1.0
33.2,0.0,1.0
35.28,0.0,1.0
36.73,0.0,1.0
36.74,0.0,1.0
38.34,1.0,1.0
38.44,0.0,1.0
38.91,0.0,2.0
39.17,0.0,1.0
39.35,0.0,1.0
39.49,0.0,2.0
39.74,0.0,1.0
39.84,0.0,1.0
40.32,0.0,1.0
40.4,0.0,1.0
40.45,0.0,1.0
40.53,0.0,1.0
40.64,0.0,1.0
40.83,0.0,1.0
40.91,0.0,1.0
41.02,0.0,1.0
41.09,0.0,1.0
41.1,0.0,1.0
41.23,0.0,1.0
41.4,0.0,1.0
41.5,0.0,1.0
41.67,0.0,1.0
41.74,0.0,1.0
41.9,1.0,1.0
42.16,0.0,1.0
42.16,1.0,1.0
42.35,0.0,1.0
42.42,0.0,1.0
42.5,0.0,1.0
42.52,0.0,1.0
42.53,0.0,2.0
42.8,0.0,1.0
42.86,0.0,1.0
42.87,1.0,1.0
42.9,1.0,1.0
42.91,0.0,1.0
42.92,0.0,2.0
42.94,0.0,1.0
42.97,0.0,1.0
43.07,0.0,1.0
43.08,0.0,1.0
43.1,1.0,1.0
43.13,0.0,1.0
43.21,0.0,1.0
43.24,0.0,1.0
43.3,0.0,1.0
43.32,0.0,1.0
43.37,0.0,1.0
43.43,0.0,1.0
43.45,0.0,1.0
43.54,1.0,1.0
43.59,0.0,4.0
43.62,0.0,2.0
43.64,1.0,1.0
43.7,1.0,1.0
43.77,0.0,1.0
43.78,0.0,1.0
43.79,0.0,1.0
43.84,0.0,1.0
43.87,1.0,1.0
43.93,0.0,1.0
43.95,0.0,1.0
43.97,0.0,2.0
43.98,0.0,1.0
44.0,0.0,1.0
44.09,0.0,1.0
44.13,0.0,1.0
44.16,0.0,1.0
44.17,1.0,1.0
44.23,0.0,2.0
44.24,0.0,1.0
44.25,0.0,1.0
44.26,0.0,1.0
44.27,0.0,1.0
44.37,0.0,2.0
44.39,0.0,1.0
44.42,1.0,1.0
44.49,1.0,1.0
44.5,0.0,1.0
44.55,0.0,2.0
44.57,0.0,1.0
44.59,0.0,1.0
44.6,0.0,1.0
44.63,0.0,1.0
44.67,0.0,1.0
44.68,0.0,1.0
44.74,0.0,1.0
44.75,0.0,1.0
44.77,0.0,1.0
44.78,0.0,1.0
44.8,1.0,1.0
44.82,0.0,1.0
44.91,0.0,1.0
44.93,0.0,1.0
44.93,1.0,1.0
44.99,1.0,1.0
45.02,0.0,1.0
45.05,0.0,1.0
45.08,0.0,2.0
45.09,0.0,1.0
45.12,0.0,1.0
45.13,0.0,2.0
45.14,0.0,1.0
45.16,0.0,1.0
45.19,0.0,1.0
45.21,0.0,1.0
45.29,0.0,2.0
45.32,0.0,1.0
45.35,0.0,1.0
45.36,0.0,2.0
45.4,0.0,1.0
45.4,1.0,1.0
45.43,1.0,1.0
45.45,0.0,1.0
45.45,1.0,1.0
45.51,0.0,1.0
45.56,1.0,1.0
45.58,1.0,1.0
45.59,1.0,1.0
45.61,0.0,2.0
45.63,0.0,1.0
45.74,0.0,1.0
45.76,1.0,1.0
45.8,1.0,1.0
45.82,1.0,1.0
45.83,0.0,1.0
45.85,0.0,1.0
45.86,1.0,1.0
45.87,0.0,1.0
45.9,0.0,1.0
45.91,0.0,1.0
45.92,0.0,1.0
45.93,0.0,1.0
45.93,1.0,1.0
45.95,1.0,1.0
45.96,0.0,1.0
45.97,0.0,1.0
45.97,1.0,1.0
46.07,0.0,1.0
46.08,0.0,1.0
46.13,1.0,1.0
46.17,0.0,1.0
46.18,0.0,1.0
46.19,1.0,1.0
46.22,0.0,1.0
46.22,1.0,2.0
46.3,0.0,2.0
46.34,0.0,1.0
46.34,1.0,1.0
46.35,0.0,1.0
46.37,0.0,1.0
46.38,1.0,1.0
46.42,1.0,1.0
46.44,0.0,1.0
46.44,1.0,1.0
46.46,0.0,2.0
46.47,1.0,1.0
46.49,0.0,1.0
46.53,0.0,1.0
46.54,1.0,1.0
46.55,0.0,1.0
46.56,0.0,1.0
46.57,1.0,1.0
46.59,0.0,1.0
46.61,0.0,1.0
46.64,0.0,1.0
46.65,0.0,1.0
46.69,0.0,3.0
46.7,0.0,2.0
46.74,0.0,1.0
46.76,0.0,1.0
46.78,0.0,1.0
46.8,0.0,1.0
46.82,0.0,1.0
46.84,0.0,1.0
46.86,0.0,1.0
46.86,1.0,1.0
46.87,0.0,1.0
46.89,1.0,1.0
46.9,0.0,1.0
46.91,0.0,1.0
46.91,1.0,1.0
46.92,0.0,1.0
46.93,0.0,1.0
46.94,0.0,1.0
46.95,0.0,1.0
46.97,0.0,1.0
47.04,0.0,1.0
47.04,1.0,1.0
47.06,0.0,1.0
47.07,1.0,1.0
47.08,0.0,1.0
47.09,0.0,1.0
47.09,1.0,1.0
47.1,1.0,1.0
47.11,0.0,1.0
47.12,0.0,1.0
47.18,0.0,1.0
47.2,0.0,1.0
47.22,0.0,1.0
47.23,0.0,1.0
47.24,0.0,2.0
47.26,0.0,1.0
47.27,0.0,1.0
47.28,0.0,1.0
47.3,0.0,1.0
47.31,0.0,1.0
47.32,0.0,2.0
47.34,0.0,1.0
47.38,1.0,1.0
47.39,0.0,1.0
47.4,0.0,2.0
47.42,0.0,1.0
47.46,0.0,1.0
47.48,0.0,1.0
47.5,0.0,1.0
47.51,0.0,2.0
47.53,0.0,1.0
47.54,0.0,1.0
47.55,1.0,1.0
47.57,0.0,1.0
47.59,0.0,1.0
47.6,1.0,1.0
47.61,0.0,2.0
47.68,0.0,1.0
47.68,1.0,1.0
47.69,0.0,1.0
47.71,1.0,1.0
47.75,0.0,1.0
47.76,0.0,1.0
47.78,0.0,1.0
47.79,0.0,1.0
47.81,0.0,1.0
47.83,0.0,1.0
47.86,0.0,1.0
47.87,0.0,1.0
47.92,0.0,1.0
47.93,0.0,1.0
47.94,0.0,1.0
47.95,0.0,2.0
48.02,0.0,1.0
48.04,0.0,1.0
48.05,0.0,1.0
48.09,0.0,1.0
48.1,0.0,2.0
48.13,0.0,2.0
48.14,0.0,1.0
48.16,0.0,1.0
48.17,0.0,3.0
48.18,0.0,2.0
48.19,0.0,2.0
48.21,0.0,1.0
48.24,0.0,1.0
48.26,0.0,1.0
48.27,0.0,1.0
48.27,1.0,1.0
48.28,0.0,2.0
48.32,0.0,1.0
48.35,1.0,1.0
48.38,1.0,1.0
48.41,0.0,1.0
48.44,0.0,1.0
48.44,1.0,1.0
48.49,0.0,3.0
48.51,0.0,1.0
48.53,0.0,1.0
48.55,0.0,1.0
48.55,1.0,1.0
48.57,0.0,1.0
48.58,0.0,1.0
48.59,0.0,2.0
48.6,1.0,1.0
48.62,0.0,2.0
48.63,0.0,1.0
48.63,1.0,1.0
48.64,0.0,1.0
48.66,0.0,1.0
48.69,0.0,1.0
48.7,1.0,1.0
48.71,0.0,1.0
48.71,1.0,2.0
48.73,0.0,1.0
48.74,1.0,1.0
48.75,0.0,1.0
48.76,0.0,1.0
48.76,1.0,1.0
48.79,0.0,1.0
48.81,0.0,1.0
48.83,0.0,1.0
48.86,0.0,1.0
48.91,1.0,1.0
48.92,0.0,1.0
48.93,0.0,1.0
48.94,0.0,1.0
48.95,0.0,1.0
48.96,0.0,2.0
48.98,0.0,2.0
49.0,0.0,1.0
49.03,0.0,1.0
49.03,1.0,1.0
49.04,0.0,2.0
49.07,0.0,1.0
49.07,1.0,1.0
49.08,0.0,3.0
49.1,1.0,4.0
49.11,1.0,1.0
49.13,0.0,1.0
49.15,1.0,2.0
49.16,0.0,1.0
49.16,1.0,1.0
49.18,0.0,1.0
49.21,0.0,1.0
49.23,1.0,1.0
49.24,0.0,1.0
49.24,1.0,1.0
49.25,0.0,1.0
49.26,0.0,2.0
49.28,0.0,1.0
49.32,0.0,2.0
49.39,0.0,1.0
49.4,0.0,1.0
49.41,1.0,1.0
49.43,0.0,1.0
49.46,0.0,2.0
49.46,1.0,2.0
49.47,1.0,1.0
49.48,0.0,3.0
49.49,0.0,2.0
49.52,0.0,2.0
49.58,0.0,1.0
49.61,0.0,1.0
49.61,1.0,1.0
49.62,0.0,1.0
49.63,0.0,2.0
49.66,0.0,2.0
49.67,0.0,1.0
49.7,0.0,1.0
49.71,0.0,1.0
49.74,0.0,2.0
49.77,0.0,1.0
49.81,0.0,1.0
49.82,0.0,1.0
49.82,1.0,2.0
49.85,1.0,1.0
49.86,1.0,1.0
49.93,0.0,1.0
49.94,0.0,1.0
49.95,0.0,1.0
50.0,0.0,11.0
50.13,0.0,1.0
50.14,0.0,1.0
50.17,1.0,1.0
50.18,0.0,2.0
50.19,0.0,1.0
50.2,0.0,1.0
50.32,0.0,1.0
50.32,1.0,1.0
50.34,0.0,1.0
50.35,0.0,1.0
50.36,0.0,1.0
50.38,0.0,1.0
50.39,0.0,1.0
50.41,0.0,1.0
50.43,0.0,1.0
50.44,0.0,1.0
50.48,0.0,1.0
50.51,0.0,1.0
50.52,0.0,1.0
50.53,0.0,3.0
50.54,0.0,1.0
50.54,1.0,1.0
50.55,0.0,1.0
50.6,0.0,1.0
50.63,0.0,1.0
50.66,0.0,1.0
50.66,1.0,1.0
50.68,0.0,1.0
50.69,0.0,2.0
50.74,0.0,1.0
50.76,0.0,3.0
50.78,0.0,3.0
50.81,0.0,2.0
50.83,0.0,2.0
50.85,0.0,2.0
50.87,0.0,1.0
50.88,0.0,3.0
50.92,0.0,1.0
50.95,1.0,1.0
51.0,0.0,1.0
51.02,0.0,1.0
51.03,0.0,2.0
51.04,0.0,2.0
51.06,0.0,1.0
51.1,0.0,1.0
51.13,1.0,1.0
51.14,0.0,1.0
51.15,0.0,3.0
51.16,0.0,1.0
51.17,0.0,1.0
51.18,0.0,2.0
51.24,0.0,1.0
51.33,0.0,2.0
51.4,0.0,1.0
51.44,0.0,1.0
51.45,0.0,1.0
51.46,0.0,1.0
51.47,0.0,2.0
51.48,1.0,1.0
51.5,0.0,1.0
51.54,0.0,2.0
51.56,0.0,1.0
51.57,1.0,1.0
51.64,0.0,1.0
51.64,1.0,2.0
51.67,0.0,1.0
51.67,1.0,1.0
51.68,0.0,1.0
51.69,0.0,1.0
51.7,0.0,1.0
51.7,1.0,1.0
51.71,0.0,3.0
51.74,0.0,1.0
51.74,1.0,1.0
51.75,0.0,1.0
51.75,1.0,1.0
51.79,0.0,1.0
51.8,0.0,1.0
51.81,1.0,1.0
51.83,0.0,1.0
51.84,0.0,2.0
51.85,0.0,1.0
51.87,0.0,1.0
51.9,0.0,1.0
51.91,0.0,1.0
51.92,0.0,1.0
51.95,0.0,2.0
51.96,0.0,2.0
51.98,0.0,1.0
52.0,0.0,5.0
52.02,1.0,1.0
52.03,0.0,1.0
52.04,0.0,1.0
52.07,0.0,1.0
52.12,1.0,1.0
52.14,0.0,2.0
52.15,0.0,1.0
52.15,1.0,1.0
52.16,0.0,2.0
52.17,0.0,2.0
52.18,1.0,1.0
52.19,0.0,1.0
52.2,0.0,1.0
52.24,0.0,1.0
52.26,0.0,1.0
52.29,1.0,1.0
52.3,0.0,1.0
52.31,1.0,1.0
52.34,1.0,3.0
52.35,0.0,1.0
52.35,1.0,1.0
52.38,1.0,1.0
52.4,1.0,1.0
52.41,0.0,1.0
52.42,1.0,2.0
52.43,0.0,2.0
52.44,0.0,1.0
52.56,0.0,1.0
52.57,1.0,1.0
52.58,0.0,1.0
52.6,0.0,1.0
52.61,1.0,1.0
52.62,0.0,1.0
52.62,1.0,1.0
52.68,0.0,1.0
52.69,1.0,1.0
52.71,0.0,1.0
52.72,0.0,1.0
52.72,1.0,1.0
52.75,0.0,1.0
52.76,0.0,2.0
52.77,0.0,1.0
52.8,0.0,2.0
52.82,0.0,1.0
52.84,1.0,1.0
52.86,0.0,1.0
52.87,1.0,1.0
52.88,1.0,1.0
52.93,0.0,1.0
52.94,0.0,1.0
52.97,0.0,1.0
52.97,1.0,1.0
53.01,0.0,2.0
53.03,0.0,1.0
53.07,0.0,1.0
53.12,0.0,1.0
53.17,0.0,1.0
53.2,0.0,1.0
53.23,0.0,1.0
53.24,0.0,1.0
53.28,0.0,1.0
53.31,0.0,1.0
53.33,0.0,1.0
53.36,0.0,2.0
53.38,0.0,1.0
53.45,0.0,1.0
53.46,0.0,1.0
53.47,0.0,1.0
53.48,0.0,2.0
53.5,0.0,1.0
53.51,0.0,1.0
53.52,0.0,2.0
53.58,1.0,1.0
53.63,0.0,1.0
53.65,0.0,1.0
53.65,1.0,1.0
53.71,0.0,1.0
53.72,0.0,2.0
53.73,0.0,2.0
53.75,0.0,1.0
53.76,0.0,1.0
53.78,0.0,1.0
53.86,0.0,2.0
53.94,0.0,1.0
53.95,0.0,2.0
53.97,0.0,1.0
53.99,0.0,1.0
54.05,0.0,1.0
54.05,1.0,1.0
54.09,1.0,1.0
54.11,0.0,1.0
54.13,1.0,1.0
54.15,0.0,1.0
54.17,0.0,1.0
54.19,1.0,2.0
54.21,0.0,1.0
54.22,0.0,1.0
54.23,0.0,1.0
54.26,0.0,1.0
54.27,0.0,1.0
54.29,0.0,2.0
54.32,0.0,1.0
54.35,1.0,1.0
54.36,0.0,2.0
54.37,0.0,1.0
54.37,1.0,1.0
54.4,0.0,1.0
54.43,0.0,1.0
54.44,1.0,1.0
54.58,0.0,1.0
54.63,0.0,1.0
54.66,0.0,1.0
54.66,1.0,1.0
54.69,0.0,1.0
54.72,0.0,1.0
54.73,0.0,1.0
54.75,0.0,1.0
54.78,0.0,2.0
54.84,1.0,1.0
54.94,0.0,1.0
54.97,0.0,2.0
54.98,0.0,1.0
55.06,0.0,1.0
55.1,0.0,1.0
55.1,1.0,1.0
55.12,1.0,1.0
55.13,1.0,1.0
55.15,1.0,1.0
55.26,0.0,1.0
55.28,0.0,1.0
55.29,1.0,1.0
55.31,0.0,1.0
55.35,0.0,1.0
55.45,0.0,1.0
55.5,0.0,2.0
55.5,1.0,1.0
55.52,0.0,1.0
55.52,1.0,1.0
55.58,1.0,1.0
55.65,1.0,1.0
55.68,0.0,1.0
55.69,0.0,1.0
55.78,0.0,1.0
55.82,1.0,1.0
55.84,0.0,1.0
55.88,0.0,1.0
55.93,0.0,1.0
55.96,0.0,1.0
56.06,0.0,1.0
56.22,0.0,1.0
56.28,0.0,2.0
56.32,1.0,1.0
56.4,0.0,1.0
56.46,0.0,2.0
56.6,0.0,1.0
56.61,1.0,1.0
56.67,1.0,1.0
56.74,0.0,1.0
56.75,0.0,2.0
56.9,0.0,1.0
57.02,0.0,1.0
57.04,0.0,1.0
57.05,0.0,1.0
57.19,0.0,1.0
57.29,0.0,1.0
57.3,1.0,1.0
57.31,0.0,1.0
57.51,0.0,1.0
57.81,0.0,1.0
57.84,0.0,1.0
57.87,0.0,1.0
57.92,0.0,1.0
57.97,0.0,1.0
58.04,0.0,1.0
58.1,0.0,1.0
58.17,0.0,1.0
58.32,0.0,1.0
58.37,0.0,1.0
58.51,0.0,1.0
58.65,0.0,1.0
58.66,1.0,1.0
58.69,0.0,1.0
58.76,0.0,1.0
59.1,0.0,1.0
59.28,0.0,1.0
59.44,0.0,1.0
59.47,0.0,1.0
60.25,0.0,1.0
61.96,1.0,1.0
61.99,0.0,2.0
62.94,0.0,1.0
63.2,0.0,1.0
63.54,0.0,1.0
63.97,0.0,1.0

