seq_score,mapped,occurence
41.15,0.0,1.0
42.81,0.0,1.0
43.21,0.0,1.0
43.8,0.0,1.0
44.12,0.0,1.0
44.98,0.0,1.0
46.15,0.0,1.0
46.66,1.0,1.0
47.39,1.0,1.0
47.62,0.0,1.0
47.65,0.0,1.0
47.75,0.0,1.0
47.98,1.0,1.0
48.2,1.0,1.0
48.46,1.0,1.0
48.5,0.0,1.0
48.69,0.0,1.0
48.9,0.0,1.0
48.93,1.0,1.0
49.07,1.0,1.0
49.09,1.0,1.0
49.23,0.0,1.0
49.27,0.0,1.0
49.5,1.0,1.0
49.52,0.0,1.0
49.71,0.0,1.0
50.02,0.0,1.0
50.09,1.0,1.0
50.26,1.0,1.0
50.28,1.0,1.0
50.31,0.0,1.0
50.32,1.0,1.0
50.38,1.0,1.0
50.42,1.0,1.0
50.48,0.0,1.0
50.52,0.0,2.0
50.7,0.0,1.0
50.87,1.0,1.0
51.17,0.0,1.0
51.17,1.0,1.0
51.23,1.0,1.0
51.27,0.0,1.0
51.37,0.0,1.0
51.97,0.0,1.0
52.04,1.0,1.0
52.06,0.0,1.0
52.06,1.0,1.0
52.28,0.0,1.0
52.35,1.0,2.0
52.42,0.0,1.0
52.42,1.0,1.0
52.48,1.0,1.0
52.53,1.0,1.0
52.56,0.0,1.0
52.56,1.0,1.0
52.7,1.0,1.0
52.73,0.0,1.0
52.94,1.0,1.0
53.01,0.0,1.0
53.13,0.0,1.0
53.34,0.0,1.0
53.43,1.0,1.0
53.54,0.0,1.0
53.68,1.0,1.0
53.69,1.0,1.0
53.74,1.0,1.0
53.83,0.0,1.0
53.87,1.0,1.0
53.91,1.0,1.0
53.98,0.0,1.0
54.04,1.0,1.0
54.13,1.0,1.0
54.18,0.0,1.0
54.23,1.0,1.0
54.46,1.0,1.0
54.49,0.0,1.0
54.49,1.0,1.0
54.63,1.0,1.0
54.69,1.0,1.0
54.72,0.0,1.0
54.83,0.0,1.0
55.03,0.0,1.0
55.04,0.0,1.0
55.07,0.0,1.0
55.12,1.0,1.0
55.18,1.0,1.0
55.31,1.0,1.0
55.4,1.0,1.0
55.48,1.0,1.0
55.5,0.0,1.0
55.5,1.0,1.0
55.66,1.0,2.0
55.67,1.0,1.0
55.68,1.0,1.0
55.69,0.0,1.0
55.7,1.0,1.0
55.82,1.0,1.0
55.83,1.0,1.0
55.99,0.0,1.0
56.12,1.0,1.0
56.31,0.0,1.0
56.36,0.0,1.0
56.4,0.0,1.0
56.43,1.0,1.0
56.44,1.0,1.0
56.47,0.0,1.0
56.55,0.0,1.0
56.56,1.0,1.0
56.74,1.0,1.0
56.77,1.0,1.0
56.83,1.0,1.0
56.84,1.0,1.0
56.9,0.0,1.0
56.99,1.0,1.0
57.05,1.0,1.0
57.11,1.0,1.0
57.22,1.0,1.0
57.23,0.0,1.0
57.27,0.0,1.0
57.29,0.0,1.0
57.33,1.0,1.0
57.37,0.0,1.0
57.38,1.0,2.0
57.4,1.0,1.0
57.41,1.0,1.0
57.43,1.0,1.0
57.48,0.0,1.0
57.49,1.0,1.0
57.53,0.0,1.0
57.55,0.0,1.0
57.58,1.0,1.0
57.62,0.0,1.0
57.64,1.0,1.0
57.68,1.0,1.0
57.7,1.0,1.0
57.72,1.0,1.0
57.73,1.0,2.0
57.79,0.0,1.0
57.81,1.0,1.0
57.91,1.0,1.0
57.96,1.0,1.0
58.03,1.0,1.0
58.05,1.0,1.0
58.08,1.0,1.0
58.11,1.0,1.0
58.17,1.0,1.0
58.19,1.0,1.0
58.2,0.0,1.0
58.24,1.0,1.0
58.25,1.0,1.0
58.33,1.0,2.0
58.41,1.0,1.0
58.46,1.0,1.0
58.5,1.0,1.0
58.53,0.0,1.0
58.55,0.0,2.0
58.56,1.0,1.0
58.57,1.0,1.0
58.59,1.0,1.0
58.61,0.0,1.0
58.64,1.0,1.0
58.71,1.0,1.0
58.77,1.0,1.0
58.82,0.0,1.0
58.83,1.0,1.0
58.85,1.0,1.0
58.91,0.0,1.0
58.91,1.0,1.0
58.94,0.0,1.0
59.01,1.0,1.0
59.05,0.0,1.0
59.06,1.0,1.0
59.13,1.0,1.0
59.15,1.0,1.0
59.19,1.0,1.0
59.2,1.0,1.0
59.25,1.0,2.0
59.27,0.0,1.0
59.27,1.0,1.0
59.32,1.0,1.0
59.36,0.0,1.0
59.38,0.0,1.0
59.38,1.0,1.0
59.39,0.0,1.0
59.41,1.0,1.0
59.44,1.0,1.0
59.55,1.0,2.0
59.6,1.0,1.0
59.61,1.0,1.0
59.63,0.0,1.0
59.65,1.0,1.0
59.69,0.0,1.0
59.72,0.0,1.0
59.76,0.0,1.0
59.78,1.0,1.0
59.8,1.0,1.0
59.83,1.0,1.0
59.88,1.0,1.0
59.94,0.0,1.0
59.94,1.0,1.0
59.95,0.0,1.0
59.96,0.0,1.0
59.98,0.0,1.0
59.99,1.0,1.0
60.0,0.0,1.0
60.02,1.0,1.0
60.05,0.0,1.0
60.07,1.0,1.0
60.09,1.0,1.0
60.1,0.0,1.0
60.11,0.0,2.0
60.14,1.0,2.0
60.18,0.0,1.0
60.2,1.0,1.0
60.21,0.0,1.0
60.26,0.0,1.0
60.26,1.0,1.0
60.28,0.0,1.0
60.28,1.0,1.0
60.29,1.0,2.0
60.32,0.0,1.0
60.37,1.0,1.0
60.4,0.0,1.0
60.41,1.0,1.0
60.42,0.0,1.0
60.42,1.0,1.0
60.43,1.0,1.0
60.44,1.0,1.0
60.46,1.0,3.0
60.47,0.0,1.0
60.47,1.0,2.0
60.49,1.0,1.0
60.5,1.0,2.0
60.52,1.0,2.0
60.57,0.0,1.0
60.57,1.0,1.0
60.65,1.0,1.0
60.66,0.0,1.0
60.67,0.0,1.0
60.67,1.0,3.0
60.71,0.0,1.0
60.73,0.0,1.0
60.73,1.0,1.0
60.74,1.0,2.0
60.75,1.0,1.0
60.76,0.0,1.0
60.77,1.0,1.0
60.79,0.0,1.0
60.83,0.0,1.0
60.83,1.0,1.0
60.84,1.0,1.0
60.86,1.0,1.0
60.88,0.0,1.0
60.89,1.0,2.0
60.92,0.0,1.0
60.93,1.0,2.0
60.94,0.0,1.0
60.95,1.0,2.0
60.97,0.0,2.0
60.98,0.0,1.0
61.02,1.0,3.0
61.03,0.0,1.0
61.04,1.0,2.0
61.06,0.0,1.0
61.09,0.0,1.0
61.09,1.0,1.0
61.12,1.0,1.0
61.13,1.0,1.0
61.15,0.0,1.0
61.15,1.0,2.0
61.16,0.0,1.0
61.16,1.0,1.0
61.17,0.0,1.0
61.19,1.0,1.0
61.22,1.0,1.0
61.23,1.0,3.0
61.25,1.0,1.0
61.26,0.0,1.0
61.27,0.0,2.0
61.3,0.0,1.0
61.3,1.0,1.0
61.31,0.0,1.0
61.32,0.0,1.0
61.33,1.0,1.0
61.36,1.0,1.0
61.37,0.0,1.0
61.4,1.0,1.0
61.44,1.0,1.0
61.46,0.0,1.0
61.47,0.0,1.0
61.47,1.0,2.0
61.48,1.0,1.0
61.49,1.0,1.0
61.5,0.0,1.0
61.51,0.0,1.0
61.53,0.0,1.0
61.53,1.0,1.0
61.54,0.0,1.0
61.55,0.0,1.0
61.56,0.0,1.0
61.59,0.0,2.0
61.59,1.0,1.0
61.6,1.0,1.0
61.61,1.0,1.0
61.64,1.0,1.0
61.66,1.0,1.0
61.68,1.0,2.0
61.69,1.0,1.0
61.7,1.0,1.0
61.71,1.0,1.0
61.72,0.0,1.0
61.74,0.0,1.0
61.76,0.0,1.0
61.77,0.0,2.0
61.78,0.0,1.0
61.79,1.0,1.0
61.8,0.0,1.0
61.82,1.0,1.0
61.85,1.0,1.0
61.88,0.0,2.0
61.91,1.0,2.0
61.93,1.0,1.0
61.94,1.0,2.0
61.95,0.0,1.0
61.97,1.0,1.0
61.98,1.0,1.0
62.0,0.0,1.0
62.0,1.0,1.0
62.02,0.0,1.0
62.03,0.0,2.0
62.04,1.0,1.0
62.05,0.0,1.0
62.06,0.0,1.0
62.07,1.0,1.0
62.08,1.0,1.0
62.1,0.0,1.0
62.1,1.0,1.0
62.14,1.0,1.0
62.15,1.0,1.0
62.19,0.0,1.0
62.19,1.0,1.0
62.2,0.0,1.0
62.2,1.0,1.0
62.22,1.0,1.0
62.23,0.0,1.0
62.24,1.0,1.0
62.25,0.0,1.0
62.28,0.0,1.0
62.29,1.0,1.0
62.3,0.0,1.0
62.31,0.0,1.0
62.31,1.0,1.0
62.32,1.0,2.0
62.34,0.0,1.0
62.34,1.0,1.0
62.37,0.0,1.0
62.38,1.0,2.0
62.4,1.0,1.0
62.41,0.0,1.0
62.42,0.0,1.0
62.43,1.0,1.0
62.44,0.0,1.0
62.44,1.0,1.0
62.45,0.0,1.0
62.45,1.0,2.0
62.46,1.0,1.0
62.47,0.0,1.0
62.47,1.0,2.0
62.48,1.0,1.0
62.5,1.0,1.0
62.51,1.0,2.0
62.52,1.0,1.0
62.54,1.0,1.0
62.57,1.0,2.0
62.59,0.0,1.0
62.6,1.0,1.0
62.63,0.0,1.0
62.64,0.0,1.0
62.64,1.0,2.0
62.65,0.0,1.0
62.65,1.0,1.0
62.66,1.0,1.0
62.67,0.0,1.0
62.67,1.0,1.0
62.7,1.0,1.0
62.71,1.0,1.0
62.73,1.0,2.0
62.77,1.0,1.0
62.78,1.0,2.0
62.79,1.0,1.0
62.8,1.0,1.0
62.81,1.0,1.0
62.82,1.0,1.0
62.83,0.0,1.0
62.83,1.0,1.0
62.84,0.0,1.0
62.85,1.0,2.0
62.86,1.0,2.0
62.88,0.0,1.0
62.88,1.0,1.0
62.89,0.0,1.0
62.89,1.0,2.0
62.93,0.0,1.0
62.94,1.0,1.0
62.95,1.0,1.0
62.96,1.0,1.0
62.97,0.0,2.0
62.97,1.0,2.0
62.99,1.0,1.0
63.03,1.0,1.0
63.04,1.0,1.0
63.05,1.0,2.0
63.06,1.0,1.0
63.07,1.0,1.0
63.08,1.0,1.0
63.09,0.0,1.0
63.09,1.0,3.0
63.1,0.0,2.0
63.13,0.0,1.0
63.13,1.0,2.0
63.15,1.0,2.0
63.16,0.0,2.0
63.16,1.0,1.0
63.18,0.0,1.0
63.19,1.0,1.0
63.2,1.0,1.0
63.21,0.0,3.0
63.21,1.0,1.0
63.22,1.0,1.0
63.23,1.0,1.0
63.25,0.0,2.0
63.25,1.0,2.0
63.29,1.0,2.0
63.3,0.0,1.0
63.31,0.0,2.0
63.31,1.0,1.0
63.32,0.0,3.0
63.32,1.0,3.0
63.33,0.0,2.0
63.33,1.0,1.0
63.34,0.0,1.0
63.35,0.0,2.0
63.37,0.0,1.0
63.37,1.0,1.0
63.38,0.0,3.0
63.38,1.0,2.0
63.39,0.0,1.0
63.4,0.0,1.0
63.4,1.0,1.0
63.42,1.0,3.0
63.43,0.0,1.0
63.44,0.0,1.0
63.48,1.0,1.0
63.49,1.0,1.0
63.5,0.0,2.0
63.51,0.0,1.0
63.54,0.0,3.0
63.54,1.0,1.0
63.55,1.0,1.0
63.56,1.0,2.0
63.57,0.0,1.0
63.58,0.0,1.0
63.59,0.0,2.0
63.59,1.0,1.0
63.61,1.0,1.0
63.62,0.0,1.0
63.62,1.0,2.0
63.63,0.0,1.0
63.64,1.0,2.0
63.65,0.0,1.0
63.66,0.0,2.0
63.66,1.0,1.0
63.67,0.0,1.0
63.67,1.0,1.0
63.68,0.0,1.0
63.68,1.0,1.0
63.69,1.0,2.0
63.7,1.0,1.0
63.71,0.0,1.0
63.72,0.0,2.0
63.73,1.0,1.0
63.74,0.0,1.0
63.75,1.0,1.0
63.76,1.0,1.0
63.77,0.0,2.0
63.78,0.0,1.0
63.79,0.0,2.0
63.82,0.0,1.0
63.83,0.0,1.0
63.86,0.0,1.0
63.87,0.0,1.0
63.87,1.0,1.0
63.9,0.0,2.0
63.91,0.0,2.0
63.92,1.0,1.0
63.95,1.0,1.0
63.96,0.0,2.0
63.96,1.0,1.0
63.97,0.0,1.0
63.99,0.0,1.0
64.0,1.0,1.0
64.01,1.0,2.0
64.02,1.0,2.0
64.04,0.0,3.0
64.04,1.0,1.0
64.05,1.0,1.0
64.06,0.0,1.0
64.06,1.0,2.0
64.07,0.0,2.0
64.07,1.0,1.0
64.08,0.0,1.0
64.1,0.0,1.0
64.11,0.0,1.0
64.12,0.0,1.0
64.14,0.0,3.0
64.15,0.0,1.0
64.15,1.0,1.0
64.18,0.0,3.0
64.19,1.0,1.0
64.21,1.0,1.0
64.22,0.0,4.0
64.22,1.0,2.0
64.23,1.0,1.0
64.24,0.0,2.0
64.24,1.0,1.0
64.26,0.0,1.0
64.27,0.0,4.0
64.28,1.0,3.0
64.29,0.0,1.0
64.3,1.0,1.0
64.32,0.0,1.0
64.32,1.0,3.0
64.34,0.0,1.0
64.37,1.0,1.0
64.38,0.0,2.0
64.38,1.0,1.0
64.39,1.0,1.0
64.42,0.0,1.0
64.42,1.0,1.0
64.43,0.0,1.0
64.45,0.0,2.0
64.46,0.0,1.0
64.46,1.0,3.0
64.47,1.0,1.0
64.48,1.0,1.0
64.49,1.0,2.0
64.51,0.0,2.0
64.52,0.0,1.0
64.54,1.0,1.0
64.55,1.0,1.0
64.56,0.0,1.0
64.56,1.0,1.0
64.57,0.0,1.0
64.58,0.0,4.0
64.58,1.0,1.0
64.59,0.0,1.0
64.59,1.0,1.0
64.6,0.0,1.0
64.61,1.0,2.0
64.62,1.0,1.0
64.65,1.0,1.0
64.66,1.0,1.0
64.67,0.0,1.0
64.69,0.0,1.0
64.7,0.0,1.0
64.7,1.0,1.0
64.71,0.0,2.0
64.71,1.0,1.0
64.72,0.0,1.0
64.77,1.0,1.0
64.78,0.0,2.0
64.8,0.0,1.0
64.8,1.0,1.0
64.81,1.0,2.0
64.82,1.0,4.0
64.84,1.0,2.0
64.85,0.0,2.0
64.85,1.0,1.0
64.88,0.0,1.0
64.89,0.0,2.0
64.92,1.0,1.0
64.93,1.0,2.0
64.94,0.0,1.0
64.94,1.0,1.0
64.95,1.0,4.0
64.97,1.0,1.0
64.99,1.0,2.0
65.01,1.0,1.0
65.03,1.0,1.0
65.04,0.0,2.0
65.04,1.0,1.0
65.05,1.0,1.0
65.06,0.0,2.0
65.06,1.0,2.0
65.07,0.0,1.0
65.07,1.0,1.0
65.08,0.0,1.0
65.08,1.0,1.0
65.09,0.0,1.0
65.09,1.0,1.0
65.11,0.0,1.0
65.11,1.0,2.0
65.13,1.0,1.0
65.14,1.0,2.0
65.15,0.0,1.0
65.16,0.0,3.0
65.17,0.0,1.0
65.17,1.0,1.0
65.18,0.0,1.0
65.18,1.0,1.0
65.19,0.0,1.0
65.19,1.0,2.0
65.2,1.0,1.0
65.21,1.0,1.0
65.22,0.0,1.0
65.22,1.0,1.0
65.23,0.0,1.0
65.23,1.0,1.0
65.25,0.0,2.0
65.25,1.0,1.0
65.26,0.0,1.0
65.26,1.0,1.0
65.27,0.0,1.0
65.28,1.0,1.0
65.29,0.0,1.0
65.29,1.0,1.0
65.3,0.0,1.0
65.3,1.0,2.0
65.31,0.0,2.0
65.31,1.0,1.0
65.32,0.0,1.0
65.32,1.0,2.0
65.33,0.0,1.0
65.35,0.0,2.0
65.35,1.0,1.0
65.36,0.0,1.0
65.37,0.0,1.0
65.37,1.0,1.0
65.38,1.0,1.0
65.39,0.0,1.0
65.4,0.0,1.0
65.41,1.0,2.0
65.42,0.0,1.0
65.42,1.0,2.0
65.43,0.0,2.0
65.44,0.0,2.0
65.44,1.0,1.0
65.45,0.0,1.0
65.46,1.0,1.0
65.47,0.0,1.0
65.47,1.0,1.0
65.49,0.0,1.0
65.51,1.0,1.0
65.52,1.0,1.0
65.53,1.0,2.0
65.54,0.0,1.0
65.55,0.0,1.0
65.56,0.0,1.0
65.57,0.0,3.0
65.57,1.0,1.0
65.59,0.0,2.0
65.6,1.0,1.0
65.63,0.0,1.0
65.63,1.0,1.0
65.66,0.0,1.0
65.67,0.0,1.0
65.67,1.0,1.0
65.68,0.0,1.0
65.7,0.0,1.0
65.71,1.0,1.0
65.72,0.0,1.0
65.72,1.0,1.0
65.73,1.0,1.0
65.74,0.0,2.0
65.75,1.0,1.0
65.77,0.0,2.0
65.78,0.0,2.0
65.79,0.0,1.0
65.8,1.0,2.0
65.82,0.0,2.0
65.83,0.0,1.0
65.84,1.0,1.0
65.85,1.0,1.0
65.87,0.0,1.0
65.88,0.0,1.0
65.88,1.0,2.0
65.9,0.0,1.0
65.9,1.0,1.0
65.91,1.0,1.0
65.92,0.0,1.0
65.92,1.0,1.0
65.93,0.0,1.0
65.93,1.0,1.0
65.94,0.0,1.0
65.94,1.0,1.0
65.95,1.0,1.0
65.96,0.0,3.0
65.96,1.0,2.0
65.97,0.0,1.0
65.97,1.0,1.0
65.98,1.0,1.0
65.99,0.0,2.0
65.99,1.0,1.0
66.0,1.0,2.0
66.01,0.0,1.0
66.01,1.0,2.0
66.02,0.0,1.0
66.02,1.0,1.0
66.03,0.0,4.0
66.04,0.0,1.0
66.04,1.0,1.0
66.07,0.0,1.0
66.07,1.0,2.0
66.08,0.0,1.0
66.08,1.0,1.0
66.09,0.0,1.0
66.12,1.0,2.0
66.14,1.0,1.0
66.15,1.0,2.0
66.16,0.0,4.0
66.16,1.0,2.0
66.17,0.0,3.0
66.17,1.0,2.0
66.18,0.0,1.0
66.18,1.0,1.0
66.19,1.0,1.0
66.2,0.0,1.0
66.2,1.0,1.0
66.21,0.0,2.0
66.21,1.0,3.0
66.22,1.0,2.0
66.23,1.0,1.0
66.24,1.0,1.0
66.25,0.0,2.0
66.25,1.0,1.0
66.26,0.0,1.0
66.29,0.0,2.0
66.29,1.0,1.0
66.3,1.0,3.0
66.31,0.0,1.0
66.31,1.0,1.0
66.32,0.0,1.0
66.32,1.0,2.0
66.33,1.0,1.0
66.35,0.0,2.0
66.35,1.0,1.0
66.36,0.0,1.0
66.37,0.0,1.0
66.37,1.0,2.0
66.38,0.0,4.0
66.38,1.0,2.0
66.39,0.0,1.0
66.41,0.0,1.0
66.41,1.0,1.0
66.44,0.0,1.0
66.44,1.0,1.0
66.46,1.0,3.0
66.47,0.0,2.0
66.48,0.0,1.0
66.49,0.0,1.0
66.5,0.0,3.0
66.51,0.0,2.0
66.51,1.0,1.0
66.53,0.0,1.0
66.54,0.0,1.0
66.54,1.0,2.0
66.55,0.0,3.0
66.55,1.0,3.0
66.56,0.0,1.0
66.57,1.0,1.0
66.6,1.0,2.0
66.61,0.0,3.0
66.62,0.0,2.0
66.63,1.0,3.0
66.65,1.0,1.0
66.66,0.0,2.0
66.67,0.0,1.0
66.68,0.0,1.0
66.69,0.0,1.0
66.69,1.0,1.0
66.7,0.0,2.0
66.71,1.0,3.0
66.72,1.0,1.0
66.73,1.0,3.0
66.74,1.0,1.0
66.75,0.0,2.0
66.75,1.0,2.0
66.76,0.0,2.0
66.77,0.0,2.0
66.77,1.0,1.0
66.78,1.0,2.0
66.8,0.0,1.0
66.81,0.0,1.0
66.82,1.0,1.0
66.83,1.0,2.0
66.85,0.0,1.0
66.85,1.0,1.0
66.86,0.0,1.0
66.87,1.0,1.0
66.88,0.0,1.0
66.9,1.0,1.0
66.91,1.0,2.0
66.92,0.0,1.0
66.94,0.0,1.0
66.94,1.0,1.0
66.96,1.0,2.0
66.97,0.0,1.0
66.98,0.0,2.0
67.0,1.0,3.0
67.01,0.0,1.0
67.01,1.0,1.0
67.02,1.0,2.0
67.03,1.0,1.0
67.04,0.0,1.0
67.05,1.0,2.0
67.07,0.0,1.0
67.07,1.0,1.0
67.08,0.0,1.0
67.08,1.0,4.0
67.09,0.0,2.0
67.09,1.0,3.0
67.1,0.0,1.0
67.1,1.0,1.0
67.12,1.0,1.0
67.14,1.0,1.0
67.15,0.0,1.0
67.17,0.0,1.0
67.17,1.0,3.0
67.19,0.0,3.0
67.2,0.0,3.0
67.21,0.0,2.0
67.22,0.0,3.0
67.22,1.0,1.0
67.23,1.0,1.0
67.24,1.0,1.0
67.25,0.0,1.0
67.26,0.0,1.0
67.26,1.0,1.0
67.27,0.0,2.0
67.28,0.0,1.0
67.28,1.0,1.0
67.29,1.0,1.0
67.3,0.0,3.0
67.3,1.0,1.0
67.31,1.0,1.0
67.32,1.0,2.0
67.33,0.0,1.0
67.34,0.0,1.0
67.35,1.0,2.0
67.36,1.0,3.0
67.37,1.0,1.0
67.38,1.0,1.0
67.39,0.0,1.0
67.39,1.0,1.0
67.41,0.0,3.0
67.41,1.0,1.0
67.44,0.0,1.0
67.44,1.0,3.0
67.45,0.0,1.0
67.47,0.0,1.0
67.47,1.0,1.0
67.49,1.0,2.0
67.5,0.0,1.0
67.5,1.0,1.0
67.51,0.0,1.0
67.51,1.0,3.0
67.53,0.0,1.0
67.53,1.0,1.0
67.55,0.0,4.0
67.55,1.0,1.0
67.56,0.0,1.0
67.57,0.0,1.0
67.57,1.0,1.0
67.58,0.0,1.0
67.58,1.0,1.0
67.59,0.0,1.0
67.59,1.0,3.0
67.6,1.0,1.0
67.61,1.0,1.0
67.62,1.0,1.0
67.65,0.0,2.0
67.65,1.0,3.0
67.66,0.0,1.0
67.66,1.0,2.0
67.67,0.0,1.0
67.67,1.0,4.0
67.68,0.0,1.0
67.68,1.0,1.0
67.69,1.0,2.0
67.71,1.0,2.0
67.72,1.0,1.0
67.73,0.0,1.0
67.73,1.0,1.0
67.74,1.0,2.0
67.75,1.0,2.0
67.77,0.0,1.0
67.78,1.0,2.0
67.79,0.0,3.0
67.79,1.0,2.0
67.8,1.0,1.0
67.81,0.0,1.0
67.81,1.0,2.0
67.84,1.0,2.0
67.85,0.0,2.0
67.85,1.0,2.0
67.86,0.0,1.0
67.87,0.0,1.0
67.88,0.0,1.0
67.88,1.0,2.0
67.9,0.0,1.0
67.9,1.0,2.0
67.91,1.0,1.0
67.92,0.0,1.0
67.92,1.0,1.0
67.93,0.0,1.0
67.93,1.0,1.0
67.94,0.0,1.0
67.95,0.0,2.0
67.97,1.0,2.0
67.98,0.0,1.0
67.98,1.0,2.0
67.99,0.0,2.0
67.99,1.0,3.0
68.01,0.0,1.0
68.01,1.0,1.0
68.02,0.0,1.0
68.02,1.0,1.0
68.03,0.0,1.0
68.03,1.0,1.0
68.04,0.0,1.0
68.04,1.0,1.0
68.05,1.0,2.0
68.06,0.0,1.0
68.07,1.0,1.0
68.08,0.0,1.0
68.08,1.0,1.0
68.09,0.0,1.0
68.09,1.0,1.0
68.1,0.0,1.0
68.1,1.0,1.0
68.11,0.0,1.0
68.11,1.0,3.0
68.13,0.0,1.0
68.14,0.0,2.0
68.14,1.0,1.0
68.16,1.0,2.0
68.18,0.0,1.0
68.18,1.0,1.0
68.19,0.0,1.0
68.19,1.0,1.0
68.2,1.0,4.0
68.21,0.0,1.0
68.21,1.0,1.0
68.22,0.0,1.0
68.23,0.0,1.0
68.24,0.0,2.0
68.24,1.0,2.0
68.25,0.0,2.0
68.25,1.0,2.0
68.27,1.0,1.0
68.28,1.0,1.0
68.29,1.0,5.0
68.3,0.0,1.0
68.3,1.0,3.0
68.31,0.0,1.0
68.32,1.0,4.0
68.33,0.0,2.0
68.33,1.0,3.0
68.34,0.0,1.0
68.34,1.0,3.0
68.35,1.0,2.0
68.36,0.0,1.0
68.37,0.0,1.0
68.37,1.0,1.0
68.39,0.0,2.0
68.39,1.0,2.0
68.4,0.0,1.0
68.4,1.0,4.0
68.41,1.0,1.0
68.42,0.0,1.0
68.42,1.0,1.0
68.43,1.0,2.0
68.45,0.0,1.0
68.45,1.0,2.0
68.46,0.0,1.0
68.47,0.0,1.0
68.47,1.0,1.0
68.48,1.0,3.0
68.49,1.0,1.0
68.5,0.0,1.0
68.5,1.0,2.0
68.52,0.0,2.0
68.52,1.0,1.0
68.53,1.0,2.0
68.54,0.0,2.0
68.54,1.0,3.0
68.55,1.0,1.0
68.56,0.0,1.0
68.56,1.0,1.0
68.57,0.0,1.0
68.57,1.0,2.0
68.58,0.0,1.0
68.59,0.0,1.0
68.6,0.0,2.0
68.61,1.0,1.0
68.62,1.0,1.0
68.63,1.0,1.0
68.64,0.0,1.0
68.64,1.0,3.0
68.65,0.0,1.0
68.65,1.0,2.0
68.66,0.0,1.0
68.66,1.0,1.0
68.68,0.0,2.0
68.69,0.0,1.0
68.69,1.0,1.0
68.71,0.0,2.0
68.71,1.0,1.0
68.72,1.0,1.0
68.73,0.0,1.0
68.73,1.0,5.0
68.74,1.0,1.0
68.75,1.0,3.0
68.76,1.0,1.0
68.77,1.0,1.0
68.78,0.0,1.0
68.78,1.0,3.0
68.79,0.0,2.0
68.79,1.0,1.0
68.8,0.0,1.0
68.81,1.0,2.0
68.82,0.0,2.0
68.82,1.0,1.0
68.83,1.0,1.0
68.84,0.0,3.0
68.84,1.0,1.0
68.85,0.0,1.0
68.85,1.0,1.0
68.86,0.0,1.0
68.87,1.0,1.0
68.88,1.0,2.0
68.89,0.0,1.0
68.89,1.0,1.0
68.91,0.0,2.0
68.92,0.0,2.0
68.92,1.0,4.0
68.93,1.0,2.0
68.94,0.0,2.0
68.95,1.0,2.0
68.96,0.0,3.0
68.96,1.0,1.0
68.97,0.0,1.0
68.97,1.0,1.0
68.98,0.0,3.0
68.98,1.0,3.0
68.99,1.0,1.0
69.0,1.0,1.0
69.01,0.0,2.0
69.01,1.0,1.0
69.02,1.0,1.0
69.04,0.0,1.0
69.04,1.0,1.0
69.05,0.0,2.0
69.05,1.0,1.0
69.06,0.0,2.0
69.06,1.0,1.0
69.07,0.0,1.0
69.07,1.0,1.0
69.08,1.0,1.0
69.09,0.0,1.0
69.09,1.0,1.0
69.1,1.0,2.0
69.14,0.0,1.0
69.14,1.0,1.0
69.15,0.0,2.0
69.15,1.0,4.0
69.16,1.0,1.0
69.18,0.0,1.0
69.19,0.0,1.0
69.19,1.0,2.0
69.2,0.0,1.0
69.22,0.0,1.0
69.22,1.0,1.0
69.23,0.0,1.0
69.23,1.0,1.0
69.24,1.0,1.0
69.25,1.0,1.0
69.26,0.0,2.0
69.26,1.0,1.0
69.27,0.0,3.0
69.27,1.0,1.0
69.28,1.0,1.0
69.29,1.0,1.0
69.3,1.0,1.0
69.31,0.0,1.0
69.31,1.0,3.0
69.32,1.0,3.0
69.33,0.0,1.0
69.33,1.0,1.0
69.34,0.0,3.0
69.35,0.0,2.0
69.35,1.0,2.0
69.37,1.0,3.0
69.38,0.0,1.0
69.39,1.0,1.0
69.41,0.0,2.0
69.41,1.0,1.0
69.42,1.0,1.0
69.43,0.0,1.0
69.43,1.0,1.0
69.44,1.0,1.0
69.45,0.0,2.0
69.46,1.0,3.0
69.47,1.0,1.0
69.48,1.0,1.0
69.49,0.0,2.0
69.49,1.0,2.0
69.5,1.0,2.0
69.51,1.0,3.0
69.52,0.0,1.0
69.53,0.0,2.0
69.53,1.0,2.0
69.54,1.0,2.0
69.55,0.0,3.0
69.56,0.0,3.0
69.57,1.0,2.0
69.58,0.0,1.0
69.58,1.0,1.0
69.59,1.0,1.0
69.6,1.0,2.0
69.62,1.0,2.0
69.63,0.0,1.0
69.63,1.0,2.0
69.64,0.0,3.0
69.65,1.0,3.0
69.66,1.0,1.0
69.67,0.0,1.0
69.67,1.0,2.0
69.69,0.0,1.0
69.69,1.0,4.0
69.7,0.0,1.0
69.7,1.0,1.0
69.71,0.0,1.0
69.72,1.0,1.0
69.73,1.0,1.0
69.74,0.0,1.0
69.74,1.0,3.0
69.75,0.0,1.0
69.75,1.0,1.0
69.76,1.0,2.0
69.77,0.0,2.0
69.77,1.0,2.0
69.78,0.0,1.0
69.79,1.0,2.0
69.8,0.0,1.0
69.81,1.0,2.0
69.82,1.0,3.0
69.83,1.0,4.0
69.84,0.0,1.0
69.84,1.0,1.0
69.85,0.0,1.0
69.85,1.0,1.0
69.86,0.0,1.0
69.86,1.0,3.0
69.87,0.0,2.0
69.87,1.0,1.0
69.88,1.0,1.0
69.89,0.0,2.0
69.89,1.0,3.0
69.9,0.0,1.0
69.9,1.0,1.0
69.91,0.0,1.0
69.91,1.0,1.0
69.92,1.0,1.0
69.94,0.0,1.0
69.94,1.0,2.0
69.95,0.0,1.0
69.96,1.0,1.0
69.97,0.0,2.0
69.97,1.0,1.0
69.98,1.0,2.0
69.99,0.0,1.0
69.99,1.0,1.0
70.0,0.0,2.0
70.0,1.0,1.0
70.01,0.0,2.0
70.03,0.0,1.0
70.04,0.0,1.0
70.04,1.0,2.0
70.05,0.0,1.0
70.06,1.0,1.0
70.07,1.0,1.0
70.08,1.0,1.0
70.11,0.0,1.0
70.11,1.0,1.0
70.12,0.0,1.0
70.12,1.0,1.0
70.13,0.0,1.0
70.13,1.0,1.0
70.14,1.0,1.0
70.16,1.0,2.0
70.17,0.0,1.0
70.17,1.0,2.0
70.18,1.0,1.0
70.19,0.0,1.0
70.19,1.0,2.0
70.2,0.0,3.0
70.22,0.0,3.0
70.23,1.0,2.0
70.24,0.0,1.0
70.24,1.0,1.0
70.25,1.0,1.0
70.27,1.0,2.0
70.29,1.0,2.0
70.3,0.0,1.0
70.3,1.0,2.0
70.31,0.0,3.0
70.31,1.0,1.0
70.33,0.0,1.0
70.34,0.0,2.0
70.34,1.0,1.0
70.35,0.0,1.0
70.35,1.0,2.0
70.36,1.0,3.0
70.37,0.0,1.0
70.37,1.0,1.0
70.38,1.0,1.0
70.39,0.0,2.0
70.41,1.0,1.0
70.42,1.0,4.0
70.44,1.0,2.0
70.45,0.0,1.0
70.46,0.0,3.0
70.46,1.0,1.0
70.47,1.0,1.0
70.48,0.0,2.0
70.48,1.0,1.0
70.49,0.0,1.0
70.49,1.0,2.0
70.5,0.0,1.0
70.5,1.0,2.0
70.51,0.0,1.0
70.51,1.0,1.0
70.52,1.0,1.0
70.53,0.0,2.0
70.53,1.0,3.0
70.54,1.0,1.0
70.55,1.0,5.0
70.56,1.0,1.0
70.57,1.0,1.0
70.58,1.0,2.0
70.59,0.0,1.0
70.59,1.0,2.0
70.6,0.0,1.0
70.6,1.0,3.0
70.61,0.0,3.0
70.61,1.0,2.0
70.62,0.0,1.0
70.63,0.0,2.0
70.63,1.0,2.0
70.64,1.0,3.0
70.65,1.0,1.0
70.66,0.0,1.0
70.67,0.0,1.0
70.67,1.0,1.0
70.68,1.0,4.0
70.69,0.0,1.0
70.71,0.0,1.0
70.71,1.0,3.0
70.72,0.0,1.0
70.72,1.0,3.0
70.74,0.0,1.0
70.74,1.0,1.0
70.75,0.0,1.0
70.75,1.0,3.0
70.76,0.0,1.0
70.76,1.0,2.0
70.78,0.0,3.0
70.78,1.0,3.0
70.79,0.0,1.0
70.8,1.0,1.0
70.81,1.0,1.0
70.82,0.0,2.0
70.82,1.0,2.0
70.84,1.0,2.0
70.86,1.0,2.0
70.87,0.0,1.0
70.88,0.0,1.0
70.89,1.0,1.0
70.9,0.0,1.0
70.9,1.0,1.0
70.94,0.0,1.0
70.94,1.0,2.0
70.95,1.0,2.0
70.97,0.0,3.0
70.97,1.0,2.0
70.99,1.0,1.0
71.0,0.0,2.0
71.0,1.0,1.0
71.02,1.0,2.0
71.03,0.0,2.0
71.04,0.0,1.0
71.04,1.0,1.0
71.05,1.0,2.0
71.06,1.0,1.0
71.07,1.0,1.0
71.08,1.0,2.0
71.09,1.0,1.0
71.1,0.0,2.0
71.1,1.0,1.0
71.11,0.0,1.0
71.11,1.0,2.0
71.12,0.0,1.0
71.13,1.0,1.0
71.14,0.0,4.0
71.14,1.0,2.0
71.15,1.0,1.0
71.16,1.0,4.0
71.17,0.0,1.0
71.18,1.0,1.0
71.19,1.0,2.0
71.2,0.0,1.0
71.2,1.0,1.0
71.21,0.0,1.0
71.21,1.0,2.0
71.25,0.0,2.0
71.25,1.0,1.0
71.26,0.0,1.0
71.26,1.0,1.0
71.27,0.0,1.0
71.29,1.0,1.0
71.3,1.0,2.0
71.31,0.0,1.0
71.33,0.0,2.0
71.33,1.0,3.0
71.34,1.0,2.0
71.35,0.0,1.0
71.35,1.0,2.0
71.36,0.0,2.0
71.37,0.0,2.0
71.37,1.0,1.0
71.38,1.0,1.0
71.39,1.0,2.0
71.4,0.0,1.0
71.4,1.0,1.0
71.42,1.0,4.0
71.43,0.0,1.0
71.43,1.0,1.0
71.44,0.0,2.0
71.45,0.0,1.0
71.45,1.0,1.0
71.46,0.0,2.0
71.46,1.0,1.0
71.47,1.0,1.0
71.48,0.0,2.0
71.48,1.0,1.0
71.49,0.0,2.0
71.49,1.0,2.0
71.5,1.0,1.0
71.51,0.0,3.0
71.51,1.0,2.0
71.52,0.0,1.0
71.52,1.0,1.0
71.53,0.0,1.0
71.55,1.0,1.0
71.56,0.0,1.0
71.56,1.0,1.0
71.58,1.0,2.0
71.59,1.0,2.0
71.6,0.0,1.0
71.6,1.0,1.0
71.61,1.0,1.0
71.62,1.0,1.0
71.63,0.0,1.0
71.63,1.0,1.0
71.64,1.0,2.0
71.65,1.0,1.0
71.66,0.0,1.0
71.66,1.0,2.0
71.67,1.0,1.0
71.68,0.0,1.0
71.68,1.0,1.0
71.7,0.0,1.0
71.7,1.0,1.0
71.71,0.0,3.0
71.71,1.0,2.0
71.72,1.0,1.0
71.73,1.0,1.0
71.74,1.0,2.0
71.76,1.0,1.0
71.77,1.0,1.0
71.78,0.0,1.0
71.78,1.0,1.0
71.79,1.0,1.0
71.8,1.0,1.0
71.81,1.0,1.0
71.82,0.0,2.0
71.82,1.0,1.0
71.83,0.0,2.0
71.83,1.0,1.0
71.84,0.0,1.0
71.85,0.0,1.0
71.85,1.0,3.0
71.86,1.0,1.0
71.87,1.0,2.0
71.88,0.0,1.0
71.88,1.0,2.0
71.89,0.0,2.0
71.89,1.0,1.0
71.9,0.0,3.0
71.9,1.0,2.0
71.91,0.0,1.0
71.91,1.0,1.0
71.92,0.0,1.0
71.92,1.0,2.0
71.93,1.0,1.0
71.94,1.0,1.0
71.98,0.0,1.0
71.99,1.0,1.0
72.0,0.0,1.0
72.03,0.0,1.0
72.03,1.0,1.0
72.04,1.0,2.0
72.05,0.0,1.0
72.05,1.0,1.0
72.06,0.0,2.0
72.06,1.0,3.0
72.07,0.0,1.0
72.08,0.0,1.0
72.09,0.0,2.0
72.09,1.0,1.0
72.1,1.0,1.0
72.11,0.0,2.0
72.12,0.0,1.0
72.13,0.0,1.0
72.13,1.0,1.0
72.14,0.0,1.0
72.15,1.0,2.0
72.16,0.0,1.0
72.17,1.0,1.0
72.18,0.0,2.0
72.19,0.0,1.0
72.19,1.0,1.0
72.2,1.0,1.0
72.21,1.0,2.0
72.22,0.0,1.0
72.23,1.0,1.0
72.24,1.0,2.0
72.25,1.0,1.0
72.26,1.0,1.0
72.28,1.0,2.0
72.29,1.0,1.0
72.3,1.0,2.0
72.32,1.0,1.0
72.33,0.0,1.0
72.36,0.0,1.0
72.37,1.0,1.0
72.39,0.0,2.0
72.39,1.0,1.0
72.41,1.0,1.0
72.45,1.0,2.0
72.47,0.0,1.0
72.47,1.0,2.0
72.49,0.0,2.0
72.5,1.0,1.0
72.51,0.0,1.0
72.56,0.0,1.0
72.57,1.0,2.0
72.58,0.0,1.0
72.58,1.0,1.0
72.59,0.0,1.0
72.6,0.0,4.0
72.6,1.0,1.0
72.61,0.0,3.0
72.62,1.0,3.0
72.66,0.0,2.0
72.66,1.0,1.0
72.67,1.0,1.0
72.69,0.0,1.0
72.69,1.0,1.0
72.71,1.0,1.0
72.73,1.0,1.0
72.74,0.0,1.0
72.74,1.0,1.0
72.75,0.0,1.0
72.75,1.0,1.0
72.76,0.0,1.0
72.77,1.0,1.0
72.79,0.0,1.0
72.8,1.0,1.0
72.82,1.0,1.0
72.84,1.0,2.0
72.85,1.0,1.0
72.87,0.0,1.0
72.87,1.0,1.0
72.88,0.0,1.0
72.91,1.0,1.0
72.92,0.0,1.0
72.94,0.0,2.0
72.95,0.0,2.0
72.95,1.0,2.0
72.98,0.0,1.0
73.0,0.0,1.0
73.0,1.0,1.0
73.03,0.0,2.0
73.05,1.0,1.0
73.06,1.0,1.0
73.08,0.0,1.0
73.1,1.0,1.0
73.11,0.0,1.0
73.11,1.0,2.0
73.12,0.0,1.0
73.12,1.0,2.0
73.14,1.0,1.0
73.15,1.0,1.0
73.16,0.0,1.0
73.16,1.0,1.0
73.17,0.0,1.0
73.18,0.0,1.0
73.19,0.0,1.0
73.19,1.0,2.0
73.21,1.0,1.0
73.22,1.0,1.0
73.23,0.0,2.0
73.23,1.0,2.0
73.26,0.0,1.0
73.27,1.0,1.0
73.28,1.0,1.0
73.29,0.0,1.0
73.29,1.0,1.0
73.3,1.0,2.0
73.31,1.0,1.0
73.32,1.0,1.0
73.33,1.0,1.0
73.35,0.0,1.0
73.36,1.0,1.0
73.38,0.0,1.0
73.38,1.0,2.0
73.4,0.0,1.0
73.4,1.0,1.0
73.42,1.0,1.0
73.43,1.0,1.0
73.44,0.0,1.0
73.45,1.0,1.0
73.46,1.0,1.0
73.47,1.0,1.0
73.48,1.0,1.0
73.49,0.0,4.0
73.49,1.0,5.0
73.5,0.0,1.0
73.52,0.0,1.0
73.53,1.0,2.0
73.54,1.0,1.0
73.55,0.0,1.0
73.56,1.0,1.0
73.57,0.0,1.0
73.58,0.0,1.0
73.59,1.0,1.0
73.63,0.0,2.0
73.64,1.0,1.0
73.66,0.0,2.0
73.67,0.0,1.0
73.68,0.0,2.0
73.71,1.0,1.0
73.73,0.0,1.0
73.76,1.0,1.0
73.77,1.0,2.0
73.78,1.0,1.0
73.79,0.0,1.0
73.8,1.0,1.0
73.82,1.0,2.0
73.84,0.0,1.0
73.86,0.0,1.0
73.86,1.0,1.0
73.87,0.0,1.0
73.87,1.0,1.0
73.89,1.0,3.0
73.9,0.0,1.0
73.91,0.0,2.0
73.94,0.0,1.0
73.95,1.0,1.0
73.96,0.0,2.0
73.96,1.0,1.0
73.97,1.0,4.0
73.98,0.0,2.0
74.0,1.0,1.0
74.03,1.0,1.0
74.04,0.0,1.0
74.05,1.0,2.0
74.06,0.0,1.0
74.06,1.0,1.0
74.07,0.0,1.0
74.08,0.0,1.0
74.09,0.0,1.0
74.09,1.0,1.0
74.11,0.0,2.0
74.11,1.0,1.0
74.12,1.0,1.0
74.14,0.0,1.0
74.15,0.0,1.0
74.19,0.0,1.0
74.21,0.0,1.0
74.22,0.0,1.0
74.22,1.0,1.0
74.23,0.0,1.0
74.25,1.0,1.0
74.27,1.0,1.0
74.28,0.0,1.0
74.3,1.0,2.0
74.31,0.0,1.0
74.32,0.0,1.0
74.32,1.0,1.0
74.35,1.0,1.0
74.36,0.0,1.0
74.37,0.0,1.0
74.38,0.0,1.0
74.42,0.0,2.0
74.44,1.0,1.0
74.45,0.0,1.0
74.46,0.0,1.0
74.46,1.0,1.0
74.47,0.0,1.0
74.47,1.0,1.0
74.48,0.0,2.0
74.48,1.0,1.0
74.6,1.0,1.0
74.61,0.0,1.0
74.62,0.0,1.0
74.64,0.0,1.0
74.65,0.0,1.0
74.69,1.0,1.0
74.71,0.0,1.0
74.72,1.0,1.0
74.73,0.0,1.0
74.76,0.0,1.0
74.77,1.0,1.0
74.78,0.0,1.0
74.79,1.0,1.0
74.92,0.0,1.0
74.95,0.0,1.0
74.95,1.0,1.0
74.96,0.0,1.0
74.96,1.0,1.0
75.02,0.0,1.0
75.06,0.0,1.0
75.13,0.0,1.0
75.2,0.0,1.0
75.22,0.0,1.0
75.23,1.0,1.0
75.24,0.0,1.0
75.25,0.0,1.0
75.27,1.0,1.0
75.32,0.0,1.0
75.44,0.0,1.0
75.5,1.0,1.0
75.53,1.0,1.0
75.59,0.0,1.0
75.62,0.0,1.0
75.62,1.0,1.0
75.72,1.0,1.0
75.73,1.0,2.0
75.8,0.0,1.0
76.07,0.0,1.0
76.1,0.0,1.0
76.11,0.0,1.0
76.42,1.0,1.0
76.58,0.0,1.0
76.63,0.0,1.0
76.69,0.0,1.0

