seq_score,occurence
41.65,1.0
43.1,1.0
43.47,1.0
43.53,1.0
44.26,1.0
44.31,1.0
45.11,1.0
45.25,1.0
45.29,1.0
45.3,1.0
45.43,1.0
45.88,1.0
45.92,1.0
46.08,1.0
46.18,1.0
46.33,1.0
46.6,1.0
46.73,1.0
46.87,1.0
47.11,2.0
47.15,1.0
47.16,1.0
47.26,1.0
47.3,1.0
47.32,1.0
47.33,1.0
47.43,1.0
47.44,3.0
47.5,1.0
47.6,1.0
47.62,1.0
47.64,1.0
47.67,1.0
47.7,1.0
47.75,1.0
47.82,1.0
47.93,1.0
47.94,1.0
47.97,1.0
48.03,2.0
48.13,1.0
48.18,1.0
48.25,1.0
48.31,1.0
48.38,1.0
48.51,1.0
48.58,1.0
48.59,1.0
48.6,1.0
48.62,2.0
48.64,1.0
48.66,1.0
48.71,1.0
48.72,1.0
48.79,1.0
48.81,1.0
48.85,1.0
48.86,1.0
48.88,2.0
48.9,1.0
48.91,1.0
48.94,1.0
49.03,1.0
49.08,1.0
49.1,1.0
49.11,1.0
49.12,2.0
49.15,2.0
49.18,1.0
49.19,1.0
49.21,2.0
49.24,1.0
49.37,3.0
49.42,1.0
49.45,2.0
49.5,2.0
49.54,1.0
49.58,1.0
49.59,2.0
49.61,2.0
49.63,1.0
49.64,1.0
49.68,1.0
49.69,1.0
49.71,2.0
49.75,1.0
49.87,1.0
49.88,1.0
49.91,1.0
49.92,1.0
49.96,3.0
49.97,1.0
49.98,1.0
50.0,1.0
50.07,1.0
50.08,1.0
50.09,1.0
50.1,1.0
50.11,1.0
50.14,3.0
50.21,1.0
50.22,2.0
50.25,1.0
50.28,2.0
50.3,1.0
50.31,1.0
50.37,2.0
50.38,2.0
50.39,1.0
50.46,1.0
50.49,2.0
50.52,2.0
50.56,2.0
50.6,1.0
50.62,1.0
50.63,1.0
50.64,1.0
50.67,1.0
50.68,1.0
50.69,1.0
50.71,1.0
50.75,2.0
50.76,1.0
50.77,1.0
50.82,1.0
50.83,1.0
50.84,2.0
50.88,1.0
50.92,1.0
50.93,2.0
50.94,1.0
50.95,1.0
50.99,1.0
51.01,2.0
51.02,3.0
51.04,1.0
51.05,3.0
51.07,1.0
51.08,1.0
51.13,2.0
51.15,1.0
51.16,1.0
51.19,1.0
51.2,1.0
51.22,1.0
51.23,1.0
51.26,1.0
51.27,1.0
51.29,2.0
51.33,1.0
51.36,2.0
51.41,2.0
51.43,3.0
51.47,1.0
51.49,2.0
51.51,1.0
51.53,1.0
51.55,1.0
51.59,1.0
51.6,1.0
51.61,1.0
51.63,1.0
51.65,1.0
51.66,2.0
51.67,1.0
51.68,2.0
51.7,1.0
51.71,1.0
51.74,1.0
51.75,1.0
51.77,1.0
51.8,5.0
51.82,1.0
51.84,3.0
51.86,1.0
51.92,2.0
51.94,1.0
51.95,2.0
51.96,3.0
51.98,1.0
52.01,1.0
52.04,1.0
52.07,1.0
52.1,1.0
52.13,2.0
52.14,1.0
52.15,3.0
52.16,1.0
52.19,1.0
52.2,1.0
52.22,2.0
52.23,1.0
52.26,1.0
52.27,2.0
52.28,1.0
52.3,1.0
52.31,1.0
52.32,3.0
52.33,1.0
52.34,1.0
52.36,1.0
52.37,1.0
52.38,1.0
52.4,2.0
52.41,1.0
52.42,1.0
52.43,1.0
52.44,1.0
52.45,2.0
52.48,1.0
52.51,1.0
52.55,1.0
52.56,2.0
52.61,1.0
52.62,3.0
52.65,1.0
52.67,1.0
52.68,1.0
52.72,1.0
52.75,2.0
52.78,1.0
52.8,1.0
52.82,2.0
52.83,2.0
52.84,2.0
52.85,1.0
52.86,2.0
52.87,1.0
52.88,2.0
52.89,3.0
52.9,2.0
52.94,1.0
52.96,1.0
52.97,1.0
52.98,2.0
52.99,2.0
53.02,2.0
53.04,1.0
53.06,2.0
53.07,1.0
53.08,2.0
53.09,1.0
53.1,1.0
53.11,3.0
53.12,2.0
53.13,1.0
53.16,1.0
53.17,1.0
53.18,2.0
53.19,3.0
53.24,1.0
53.26,1.0
53.27,1.0
53.28,1.0
53.3,2.0
53.34,1.0
53.35,2.0
53.37,2.0
53.38,1.0
53.39,2.0
53.4,1.0
53.41,2.0
53.43,2.0
53.44,1.0
53.49,2.0
53.51,1.0
53.52,1.0
53.53,2.0
53.54,1.0
53.55,2.0
53.59,1.0
53.6,1.0
53.64,1.0
53.65,1.0
53.68,1.0
53.7,1.0
53.73,1.0
53.75,2.0
53.76,1.0
53.77,3.0
53.78,1.0
53.79,1.0
53.81,1.0
53.83,1.0
53.84,1.0
53.85,4.0
53.86,1.0
53.89,1.0
53.9,1.0
53.91,1.0
53.92,1.0
53.93,1.0
53.95,2.0
53.96,1.0
53.97,2.0
53.98,1.0
53.99,3.0
54.0,1.0
54.04,1.0
54.05,3.0
54.07,2.0
54.09,1.0
54.12,2.0
54.13,1.0
54.14,2.0
54.15,3.0
54.17,3.0
54.18,1.0
54.19,1.0
54.21,1.0
54.22,1.0
54.23,1.0
54.24,1.0
54.25,1.0
54.26,2.0
54.28,4.0
54.34,2.0
54.36,1.0
54.37,1.0
54.38,1.0
54.39,1.0
54.4,2.0
54.41,1.0
54.42,3.0
54.44,2.0
54.46,1.0
54.47,1.0
54.48,1.0
54.5,1.0
54.52,1.0
54.54,2.0
54.55,1.0
54.56,2.0
54.57,1.0
54.59,1.0
54.61,1.0
54.62,1.0
54.63,4.0
54.64,1.0
54.65,1.0
54.66,1.0
54.69,2.0
54.71,2.0
54.72,1.0
54.73,2.0
54.74,2.0
54.75,3.0
54.76,1.0
54.79,6.0
54.8,2.0
54.81,1.0
54.82,1.0
54.85,2.0
54.86,1.0
54.87,3.0
54.88,1.0
54.89,2.0
54.9,2.0
54.91,2.0
54.92,1.0
54.93,2.0
54.94,2.0
54.95,2.0
54.96,2.0
54.97,2.0
54.99,2.0
55.02,2.0
55.03,1.0
55.04,2.0
55.05,2.0
55.07,2.0
55.09,1.0
55.12,1.0
55.14,1.0
55.15,2.0
55.16,1.0
55.2,3.0
55.21,2.0
55.24,4.0
55.25,1.0
55.26,2.0
55.28,1.0
55.29,4.0
55.31,4.0
55.32,1.0
55.34,1.0
55.35,3.0
55.36,2.0
55.38,1.0
55.39,4.0
55.4,1.0
55.41,2.0
55.43,1.0
55.45,1.0
55.46,1.0
55.47,1.0
55.48,3.0
55.49,1.0
55.5,1.0
55.51,2.0
55.52,3.0
55.54,1.0
55.55,3.0
55.56,1.0
55.57,1.0
55.59,1.0
55.6,1.0
55.62,2.0
55.63,2.0
55.64,2.0
55.65,2.0
55.66,3.0
55.67,3.0
55.68,3.0
55.69,1.0
55.71,1.0
55.72,1.0
55.73,2.0
55.74,5.0
55.75,2.0
55.76,3.0
55.78,3.0
55.79,2.0
55.8,2.0
55.82,4.0
55.83,2.0
55.84,1.0
55.86,2.0
55.88,5.0
55.9,5.0
55.91,2.0
55.92,1.0
55.93,3.0
55.94,3.0
55.95,1.0
55.96,1.0
55.97,3.0
55.98,1.0
55.99,2.0
56.0,1.0
56.01,1.0
56.02,1.0
56.03,3.0
56.05,2.0
56.06,1.0
56.07,1.0
56.08,4.0
56.09,1.0
56.1,2.0
56.12,1.0
56.13,3.0
56.15,4.0
56.17,1.0
56.18,1.0
56.19,2.0
56.21,2.0
56.22,2.0
56.23,1.0
56.24,3.0
56.25,2.0
56.26,5.0
56.27,1.0
56.28,4.0
56.3,1.0
56.31,3.0
56.32,4.0
56.33,2.0
56.35,2.0
56.36,1.0
56.37,1.0
56.38,6.0
56.39,1.0
56.4,1.0
56.41,2.0
56.42,1.0
56.43,1.0
56.44,1.0
56.45,3.0
56.46,4.0
56.47,3.0
56.48,1.0
56.49,2.0
56.5,1.0
56.52,1.0
56.55,4.0
56.57,2.0
56.58,2.0
56.59,3.0
56.6,1.0
56.61,1.0
56.62,1.0
56.64,2.0
56.65,1.0
56.66,2.0
56.67,1.0
56.68,3.0
56.69,3.0
56.71,3.0
56.72,2.0
56.73,2.0
56.74,1.0
56.77,2.0
56.78,3.0
56.79,2.0
56.82,2.0
56.83,1.0
56.84,3.0
56.85,2.0
56.86,3.0
56.87,3.0
56.88,2.0
56.89,2.0
56.9,1.0
56.91,2.0
56.92,3.0
56.93,1.0
56.94,1.0
56.95,1.0
56.96,2.0
56.97,2.0
56.98,3.0
57.0,5.0
57.03,1.0
57.04,1.0
57.06,3.0
57.08,4.0
57.09,2.0
57.11,1.0
57.12,3.0
57.13,1.0
57.14,3.0
57.16,4.0
57.17,2.0
57.19,2.0
57.21,3.0
57.22,4.0
57.24,1.0
57.25,3.0
57.26,2.0
57.27,2.0
57.28,3.0
57.3,2.0
57.31,2.0
57.33,1.0
57.34,5.0
57.35,4.0
57.36,1.0
57.37,1.0
57.38,1.0
57.39,1.0
57.4,3.0
57.41,2.0
57.43,2.0
57.44,2.0
57.45,1.0
57.47,1.0
57.51,2.0
57.53,2.0
57.54,2.0
57.55,3.0
57.56,2.0
57.57,1.0
57.59,3.0
57.6,1.0
57.62,3.0
57.65,4.0
57.66,1.0
57.67,2.0
57.69,2.0
57.7,2.0
57.72,2.0
57.73,2.0
57.74,6.0
57.75,1.0
57.76,1.0
57.77,1.0
57.78,2.0
57.79,3.0
57.8,1.0
57.81,1.0
57.82,1.0
57.83,2.0
57.85,2.0
57.86,1.0
57.88,3.0
57.89,2.0
57.9,2.0
57.91,2.0
57.93,3.0
57.94,5.0
57.95,2.0
57.96,1.0
57.97,3.0
57.98,2.0
57.99,3.0
58.0,2.0
58.01,2.0
58.02,1.0
58.03,3.0
58.05,3.0
58.06,1.0
58.07,2.0
58.08,1.0
58.09,5.0
58.11,1.0
58.12,3.0
58.13,2.0
58.14,4.0
58.16,2.0
58.17,5.0
58.18,6.0
58.2,2.0
58.21,5.0
58.22,1.0
58.23,6.0
58.24,3.0
58.25,3.0
58.26,6.0
58.27,4.0
58.28,5.0
58.29,4.0
58.3,1.0
58.31,3.0
58.32,2.0
58.33,2.0
58.34,1.0
58.35,3.0
58.36,1.0
58.37,1.0
58.38,1.0
58.39,5.0
58.4,3.0
58.41,5.0
58.42,2.0
58.43,2.0
58.44,1.0
58.45,1.0
58.46,1.0
58.47,1.0
58.48,3.0
58.49,3.0
58.5,1.0
58.51,1.0
58.52,1.0
58.53,1.0
58.54,3.0
58.56,1.0
58.57,1.0
58.58,2.0
58.59,2.0
58.6,2.0
58.61,4.0
58.62,1.0
58.63,1.0
58.64,4.0
58.65,4.0
58.66,5.0
58.67,6.0
58.69,3.0
58.7,1.0
58.71,1.0
58.72,1.0
58.73,1.0
58.74,1.0
58.75,5.0
58.76,3.0
58.77,1.0
58.78,1.0
58.79,1.0
58.8,2.0
58.81,2.0
58.82,4.0
58.83,1.0
58.84,5.0
58.85,3.0
58.86,3.0
58.87,4.0
58.88,1.0
58.89,1.0
58.9,4.0
58.92,2.0
58.93,2.0
58.94,1.0
58.95,4.0
58.96,1.0
58.97,1.0
58.98,2.0
58.99,2.0
59.0,1.0
59.01,6.0
59.03,3.0
59.04,4.0
59.05,1.0
59.06,4.0
59.07,2.0
59.08,5.0
59.09,2.0
59.1,3.0
59.11,2.0
59.12,2.0
59.13,4.0
59.14,2.0
59.15,3.0
59.16,4.0
59.17,1.0
59.18,4.0
59.19,1.0
59.2,1.0
59.22,2.0
59.23,3.0
59.24,4.0
59.25,4.0
59.26,1.0
59.27,1.0
59.28,1.0
59.3,3.0
59.31,5.0
59.32,3.0
59.33,4.0
59.34,1.0
59.35,6.0
59.36,2.0
59.37,4.0
59.38,1.0
59.39,1.0
59.41,3.0
59.42,6.0
59.43,5.0
59.44,2.0
59.45,1.0
59.46,3.0
59.47,4.0
59.48,5.0
59.49,3.0
59.5,4.0
59.51,6.0
59.52,1.0
59.53,3.0
59.54,2.0
59.55,3.0
59.56,2.0
59.57,2.0
59.58,3.0
59.59,4.0
59.6,5.0
59.61,5.0
59.62,2.0
59.63,1.0
59.64,5.0
59.65,3.0
59.66,3.0
59.67,4.0
59.68,3.0
59.69,5.0
59.7,6.0
59.71,3.0
59.72,2.0
59.73,4.0
59.74,3.0
59.75,2.0
59.76,2.0
59.77,5.0
59.78,4.0
59.79,8.0
59.8,1.0
59.81,7.0
59.82,8.0
59.83,1.0
59.84,5.0
59.85,4.0
59.86,4.0
59.87,8.0
59.88,10.0
59.89,6.0
59.9,4.0
59.91,3.0
59.92,3.0
59.93,3.0
59.94,5.0
59.95,1.0
59.96,4.0
59.97,1.0
59.98,6.0
59.99,3.0
60.0,4.0
60.01,3.0
60.02,7.0
60.03,1.0
60.04,6.0
60.05,2.0
60.06,5.0
60.07,6.0
60.08,1.0
60.09,2.0
60.1,3.0
60.11,4.0
60.12,6.0
60.13,2.0
60.14,6.0
60.15,5.0
60.16,1.0
60.17,2.0
60.18,2.0
60.19,10.0
60.2,2.0
60.21,3.0
60.22,2.0
60.23,2.0
60.24,3.0
60.25,7.0
60.26,4.0
60.27,1.0
60.28,6.0
60.29,4.0
60.3,3.0
60.31,5.0
60.32,7.0
60.33,6.0
60.34,2.0
60.35,6.0
60.36,2.0
60.37,4.0
60.38,5.0
60.39,4.0
60.4,3.0
60.41,8.0
60.42,4.0
60.43,3.0
60.44,3.0
60.45,4.0
60.46,7.0
60.47,6.0
60.48,5.0
60.49,3.0
60.5,3.0
60.51,3.0
60.52,3.0
60.53,8.0
60.54,4.0
60.55,7.0
60.56,4.0
60.57,3.0
60.58,5.0
60.59,6.0
60.6,4.0
60.61,3.0
60.62,9.0
60.63,5.0
60.64,3.0
60.65,3.0
60.66,3.0
60.67,3.0
60.68,4.0
60.69,1.0
60.7,3.0
60.71,6.0
60.72,3.0
60.73,4.0
60.74,7.0
60.75,5.0
60.76,7.0
60.77,6.0
60.78,7.0
60.79,3.0
60.8,7.0
60.81,4.0
60.82,6.0
60.83,4.0
60.84,8.0
60.86,2.0
60.87,4.0
60.88,9.0
60.89,7.0
60.9,4.0
60.91,5.0
60.92,7.0
60.93,5.0
60.94,1.0
60.95,2.0
60.96,10.0
60.97,6.0
60.98,4.0
60.99,4.0
61.0,4.0
61.01,5.0
61.02,7.0
61.03,4.0
61.04,5.0
61.05,7.0
61.06,6.0
61.07,7.0
61.08,10.0
61.09,6.0
61.1,3.0
61.11,7.0
61.12,9.0
61.13,2.0
61.14,10.0
61.15,7.0
61.16,9.0
61.17,5.0
61.18,6.0
61.19,7.0
61.2,4.0
61.21,9.0
61.22,6.0
61.23,7.0
61.24,6.0
61.25,6.0
61.26,8.0
61.27,3.0
61.28,5.0
61.29,2.0
61.3,4.0
61.31,8.0
61.32,7.0
61.33,5.0
61.34,5.0
61.35,8.0
61.36,6.0
61.37,7.0
61.38,7.0
61.39,2.0
61.4,4.0
61.41,4.0
61.42,10.0
61.43,4.0
61.44,5.0
61.45,8.0
61.46,5.0
61.47,6.0
61.48,6.0
61.49,6.0
61.5,4.0
61.51,5.0
61.52,3.0
61.53,9.0
61.54,2.0
61.55,2.0
61.56,7.0
61.57,6.0
61.58,7.0
61.59,6.0
61.6,6.0
61.61,6.0
61.62,3.0
61.63,3.0
61.64,14.0
61.65,3.0
61.66,3.0
61.67,3.0
61.68,6.0
61.69,9.0
61.7,6.0
61.71,8.0
61.72,3.0
61.73,9.0
61.74,14.0
61.75,6.0
61.76,4.0
61.77,3.0
61.78,7.0
61.79,10.0
61.8,7.0
61.81,6.0
61.82,5.0
61.83,5.0
61.84,8.0
61.85,6.0
61.86,4.0
61.87,7.0
61.88,8.0
61.89,6.0
61.9,5.0
61.91,8.0
61.92,6.0
61.93,3.0
61.94,8.0
61.95,8.0
61.96,5.0
61.97,7.0
61.98,4.0
61.99,4.0
62.0,5.0
62.01,4.0
62.02,4.0
62.03,7.0
62.04,3.0
62.05,5.0
62.06,7.0
62.07,11.0
62.08,5.0
62.09,7.0
62.1,4.0
62.11,5.0
62.12,6.0
62.13,5.0
62.14,9.0
62.15,7.0
62.16,9.0
62.17,8.0
62.18,8.0
62.19,12.0
62.2,11.0
62.21,8.0
62.22,5.0
62.23,7.0
62.24,6.0
62.25,5.0
62.26,3.0
62.27,7.0
62.28,8.0
62.29,8.0
62.3,7.0
62.31,7.0
62.32,7.0
62.33,8.0
62.34,7.0
62.35,4.0
62.36,4.0
62.37,9.0
62.38,5.0
62.39,8.0
62.4,11.0
62.41,6.0
62.42,10.0
62.43,6.0
62.44,10.0
62.45,11.0
62.46,10.0
62.47,8.0
62.48,8.0
62.49,5.0
62.5,4.0
62.51,3.0
62.52,3.0
62.53,10.0
62.54,5.0
62.55,12.0
62.56,3.0
62.57,7.0
62.58,8.0
62.59,6.0
62.6,7.0
62.61,7.0
62.62,7.0
62.63,9.0
62.64,10.0
62.65,11.0
62.66,4.0
62.67,4.0
62.68,5.0
62.69,5.0
62.7,4.0
62.71,5.0
62.72,8.0
62.73,8.0
62.74,7.0
62.75,4.0
62.76,9.0
62.77,7.0
62.78,7.0
62.79,7.0
62.8,6.0
62.81,5.0
62.82,8.0
62.83,6.0
62.84,5.0
62.85,5.0
62.86,5.0
62.87,9.0
62.88,12.0
62.89,4.0
62.9,13.0
62.91,8.0
62.92,7.0
62.93,4.0
62.94,2.0
62.95,5.0
62.96,11.0
62.97,4.0
62.98,2.0
62.99,4.0
63.0,12.0
63.01,8.0
63.02,7.0
63.03,4.0
63.04,7.0
63.05,5.0
63.06,4.0
63.07,6.0
63.08,5.0
63.09,7.0
63.1,7.0
63.11,9.0
63.12,9.0
63.13,8.0
63.14,7.0
63.15,9.0
63.16,7.0
63.17,4.0
63.18,6.0
63.19,5.0
63.2,10.0
63.21,10.0
63.22,6.0
63.23,15.0
63.24,5.0
63.25,6.0
63.26,5.0
63.27,6.0
63.28,2.0
63.29,8.0
63.3,4.0
63.31,7.0
63.32,7.0
63.33,11.0
63.34,5.0
63.35,8.0
63.36,6.0
63.37,10.0
63.38,6.0
63.39,9.0
63.4,3.0
63.41,6.0
63.42,7.0
63.43,8.0
63.44,3.0
63.45,7.0
63.46,6.0
63.47,8.0
63.48,8.0
63.49,6.0
63.5,6.0
63.51,5.0
63.52,6.0
63.53,10.0
63.54,10.0
63.55,10.0
63.56,7.0
63.57,10.0
63.58,8.0
63.59,4.0
63.6,4.0
63.61,5.0
63.62,3.0
63.63,3.0
63.64,3.0
63.65,7.0
63.66,14.0
63.67,7.0
63.68,13.0
63.69,7.0
63.7,9.0
63.71,3.0
63.72,6.0
63.73,3.0
63.74,8.0
63.75,6.0
63.76,9.0
63.77,11.0
63.78,6.0
63.79,7.0
63.8,4.0
63.81,4.0
63.82,10.0
63.83,6.0
63.84,10.0
63.85,4.0
63.86,11.0
63.87,10.0
63.88,5.0
63.89,9.0
63.9,11.0
63.91,9.0
63.92,6.0
63.93,2.0
63.94,5.0
63.95,7.0
63.96,7.0
63.97,12.0
63.98,9.0
63.99,6.0
64.0,6.0
64.01,6.0
64.02,6.0
64.03,11.0
64.04,2.0
64.05,8.0
64.06,11.0
64.07,8.0
64.08,8.0
64.09,12.0
64.1,9.0
64.11,7.0
64.12,6.0
64.13,9.0
64.14,8.0
64.15,10.0
64.16,4.0
64.17,7.0
64.18,6.0
64.19,3.0
64.2,5.0
64.21,10.0
64.22,10.0
64.23,8.0
64.24,7.0
64.25,7.0
64.26,6.0
64.27,3.0
64.28,12.0
64.29,8.0
64.3,4.0
64.31,8.0
64.32,8.0
64.33,7.0
64.34,5.0
64.35,10.0
64.36,8.0
64.37,6.0
64.38,8.0
64.39,12.0
64.4,7.0
64.41,4.0
64.42,8.0
64.43,4.0
64.44,6.0
64.45,11.0
64.46,9.0
64.47,4.0
64.48,7.0
64.49,5.0
64.5,8.0
64.51,7.0
64.52,9.0
64.53,4.0
64.54,6.0
64.55,6.0
64.56,7.0
64.57,7.0
64.58,1.0
64.59,6.0
64.6,13.0
64.61,13.0
64.62,9.0
64.63,3.0
64.64,8.0
64.65,5.0
64.66,7.0
64.67,9.0
64.68,7.0
64.69,7.0
64.7,5.0
64.71,6.0
64.72,7.0
64.73,8.0
64.74,11.0
64.75,4.0
64.76,5.0
64.77,7.0
64.78,14.0
64.79,3.0
64.8,10.0
64.81,5.0
64.82,4.0
64.83,10.0
64.84,6.0
64.85,10.0
64.86,11.0
64.87,7.0
64.88,9.0
64.89,10.0
64.9,7.0
64.91,14.0
64.92,10.0
64.93,6.0
64.94,4.0
64.95,11.0
64.96,6.0
64.97,5.0
64.98,5.0
64.99,6.0
65.0,8.0
65.01,2.0
65.02,8.0
65.03,7.0
65.04,7.0
65.05,13.0
65.06,15.0
65.07,8.0
65.08,1.0
65.09,11.0
65.1,5.0
65.11,8.0
65.12,6.0
65.13,5.0
65.14,10.0
65.15,8.0
65.16,10.0
65.17,8.0
65.18,8.0
65.19,6.0
65.2,10.0
65.21,18.0
65.22,7.0
65.23,8.0
65.24,8.0
65.25,6.0
65.26,7.0
65.27,6.0
65.28,10.0
65.29,8.0
65.3,8.0
65.31,7.0
65.32,8.0
65.33,4.0
65.34,8.0
65.35,7.0
65.36,12.0
65.37,3.0
65.38,6.0
65.39,11.0
65.4,9.0
65.41,3.0
65.42,7.0
65.43,5.0
65.44,8.0
65.45,8.0
65.46,6.0
65.47,5.0
65.48,6.0
65.49,12.0
65.5,10.0
65.51,6.0
65.52,6.0
65.53,10.0
65.54,6.0
65.55,7.0
65.56,7.0
65.57,4.0
65.58,7.0
65.59,11.0
65.6,5.0
65.61,10.0
65.62,10.0
65.63,4.0
65.64,6.0
65.65,10.0
65.66,7.0
65.67,9.0
65.68,7.0
65.69,6.0
65.7,6.0
65.71,10.0
65.72,10.0
65.73,12.0
65.74,13.0
65.75,9.0
65.76,14.0
65.77,11.0
65.78,12.0
65.79,8.0
65.8,12.0
65.81,9.0
65.82,4.0
65.83,10.0
65.84,10.0
65.85,7.0
65.86,6.0
65.87,8.0
65.88,11.0
65.89,8.0
65.9,5.0
65.91,5.0
65.92,9.0
65.93,12.0
65.94,12.0
65.95,7.0
65.96,9.0
65.97,9.0
65.98,10.0
65.99,11.0
66.0,12.0
66.01,9.0
66.02,8.0
66.03,14.0
66.04,5.0
66.05,7.0
66.06,9.0
66.07,8.0
66.08,7.0
66.09,11.0
66.1,5.0
66.11,7.0
66.12,10.0
66.13,9.0
66.14,7.0
66.15,10.0
66.16,7.0
66.17,13.0
66.18,8.0
66.19,11.0
66.2,7.0
66.21,8.0
66.22,8.0
66.23,11.0
66.24,12.0
66.25,7.0
66.26,9.0
66.27,8.0
66.28,9.0
66.29,9.0
66.3,7.0
66.31,10.0
66.32,6.0
66.33,7.0
66.34,10.0
66.35,11.0
66.36,8.0
66.37,7.0
66.38,10.0
66.39,3.0
66.4,8.0
66.41,9.0
66.42,7.0
66.43,5.0
66.44,4.0
66.45,8.0
66.46,10.0
66.47,9.0
66.48,6.0
66.49,8.0
66.5,9.0
66.51,9.0
66.52,13.0
66.53,5.0
66.54,12.0
66.55,7.0
66.56,6.0
66.57,4.0
66.58,4.0
66.59,7.0
66.6,13.0
66.61,8.0
66.62,12.0
66.63,9.0
66.64,5.0
66.65,8.0
66.66,5.0
66.67,10.0
66.68,7.0
66.69,13.0
66.7,10.0
66.71,4.0
66.72,4.0
66.73,6.0
66.74,6.0
66.75,9.0
66.76,7.0
66.77,7.0
66.78,6.0
66.79,12.0
66.8,8.0
66.81,11.0
66.82,12.0
66.83,12.0
66.84,8.0
66.85,5.0
66.86,8.0
66.87,8.0
66.88,4.0
66.89,12.0
66.9,8.0
66.91,8.0
66.92,13.0
66.93,12.0
66.94,6.0
66.95,5.0
66.96,9.0
66.97,10.0
66.98,9.0
66.99,11.0
67.0,8.0
67.01,13.0
67.02,12.0
67.03,9.0
67.04,6.0
67.05,11.0
67.06,7.0
67.07,13.0
67.08,5.0
67.09,6.0
67.1,10.0
67.11,11.0
67.12,11.0
67.13,3.0
67.14,7.0
67.15,7.0
67.16,9.0
67.17,6.0
67.18,8.0
67.19,7.0
67.2,9.0
67.21,2.0
67.22,13.0
67.23,8.0
67.24,13.0
67.25,7.0
67.26,8.0
67.27,12.0
67.28,9.0
67.29,10.0
67.3,10.0
67.31,11.0
67.32,15.0
67.33,6.0
67.34,10.0
67.35,9.0
67.36,11.0
67.37,7.0
67.38,7.0
67.39,8.0
67.4,15.0
67.41,9.0
67.42,7.0
67.43,9.0
67.44,5.0
67.45,7.0
67.46,10.0
67.47,11.0
67.48,4.0
67.49,9.0
67.5,9.0
67.51,13.0
67.52,5.0
67.53,8.0
67.54,14.0
67.55,12.0
67.56,8.0
67.57,6.0
67.58,10.0
67.59,12.0
67.6,7.0
67.61,12.0
67.62,10.0
67.63,12.0
67.64,6.0
67.65,7.0
67.66,10.0
67.67,8.0
67.68,10.0
67.69,9.0
67.7,8.0
67.71,10.0
67.72,12.0
67.73,18.0
67.74,10.0
67.75,10.0
67.76,12.0
67.77,9.0
67.78,4.0
67.79,3.0
67.8,5.0
67.81,7.0
67.82,9.0
67.83,11.0
67.84,13.0
67.85,10.0
67.86,9.0
67.87,6.0
67.88,8.0
67.89,12.0
67.9,10.0
67.91,10.0
67.92,7.0
67.93,8.0
67.94,12.0
67.95,13.0
67.96,6.0
67.97,9.0
67.98,8.0
67.99,9.0
68.0,6.0
68.01,9.0
68.02,7.0
68.03,7.0
68.04,8.0
68.05,12.0
68.06,10.0
68.07,9.0
68.08,6.0
68.09,8.0
68.1,7.0
68.11,11.0
68.12,8.0
68.13,8.0
68.14,14.0
68.15,17.0
68.16,9.0
68.17,16.0
68.18,9.0
68.19,14.0
68.2,10.0
68.21,16.0
68.22,10.0
68.23,8.0
68.24,4.0
68.25,18.0
68.26,12.0
68.27,7.0
68.28,6.0
68.29,5.0
68.3,4.0
68.31,6.0
68.32,20.0
68.33,5.0
68.34,14.0
68.35,11.0
68.36,5.0
68.37,11.0
68.38,11.0
68.39,9.0
68.4,9.0
68.41,6.0
68.42,10.0
68.43,12.0
68.44,11.0
68.45,15.0
68.46,7.0
68.47,6.0
68.48,7.0
68.49,4.0
68.5,10.0
68.51,9.0
68.52,8.0
68.53,5.0
68.54,8.0
68.55,5.0
68.56,18.0
68.57,5.0
68.58,8.0
68.59,13.0
68.6,14.0
68.61,11.0
68.62,7.0
68.63,3.0
68.64,10.0
68.65,8.0
68.66,9.0
68.67,11.0
68.68,6.0
68.69,12.0
68.7,10.0
68.71,4.0
68.72,9.0
68.73,11.0
68.74,13.0
68.75,8.0
68.76,3.0
68.77,11.0
68.78,9.0
68.79,9.0
68.8,16.0
68.81,6.0
68.82,8.0
68.83,13.0
68.84,7.0
68.85,13.0
68.86,11.0
68.87,11.0
68.88,5.0
68.89,12.0
68.9,10.0
68.91,3.0
68.92,11.0
68.93,5.0
68.94,11.0
68.95,15.0
68.96,13.0
68.97,8.0
68.98,10.0
68.99,7.0
69.0,12.0
69.01,10.0
69.02,5.0
69.03,12.0
69.04,11.0
69.05,18.0
69.06,15.0
69.07,7.0
69.08,11.0
69.09,8.0
69.1,12.0
69.11,13.0
69.12,10.0
69.13,9.0
69.14,9.0
69.15,7.0
69.16,11.0
69.17,13.0
69.18,8.0
69.19,9.0
69.2,10.0
69.21,15.0
69.22,8.0
69.23,10.0
69.24,11.0
69.25,19.0
69.26,12.0
69.27,13.0
69.28,7.0
69.29,9.0
69.3,8.0
69.31,5.0
69.32,13.0
69.33,9.0
69.34,9.0
69.35,14.0
69.36,8.0
69.37,6.0
69.38,6.0
69.39,11.0
69.4,5.0
69.41,5.0
69.42,9.0
69.43,6.0
69.44,2.0
69.45,10.0
69.46,10.0
69.47,4.0
69.48,10.0
69.49,8.0
69.5,12.0
69.51,10.0
69.52,10.0
69.53,10.0
69.54,6.0
69.55,13.0
69.56,7.0
69.57,4.0
69.58,9.0
69.59,10.0
69.6,9.0
69.61,11.0
69.62,15.0
69.63,11.0
69.64,7.0
69.65,7.0
69.66,4.0
69.67,12.0
69.68,3.0
69.69,9.0
69.7,7.0
69.71,10.0
69.72,8.0
69.73,8.0
69.74,8.0
69.75,9.0
69.76,9.0
69.77,8.0
69.78,6.0
69.79,9.0
69.8,11.0
69.81,8.0
69.82,10.0
69.83,7.0
69.84,9.0
69.85,14.0
69.86,12.0
69.87,6.0
69.88,11.0
69.89,11.0
69.9,8.0
69.91,5.0
69.92,8.0
69.93,19.0
69.94,4.0
69.95,7.0
69.96,10.0
69.97,10.0
69.98,14.0
69.99,9.0
70.0,9.0
70.01,12.0
70.02,3.0
70.03,9.0
70.04,6.0
70.05,12.0
70.06,7.0
70.07,4.0
70.08,15.0
70.09,12.0
70.1,9.0
70.11,4.0
70.12,9.0
70.13,5.0
70.14,15.0
70.15,6.0
70.16,6.0
70.17,6.0
70.18,4.0
70.19,3.0
70.2,8.0
70.21,16.0
70.22,12.0
70.23,10.0
70.24,6.0
70.25,14.0
70.26,8.0
70.27,6.0
70.28,10.0
70.29,10.0
70.3,5.0
70.31,6.0
70.32,10.0
70.33,13.0
70.34,10.0
70.35,8.0
70.36,7.0
70.37,9.0
70.38,6.0
70.39,8.0
70.4,14.0
70.41,5.0
70.42,9.0
70.43,7.0
70.44,11.0
70.45,6.0
70.46,4.0
70.47,10.0
70.48,10.0
70.49,9.0
70.5,14.0
70.51,9.0
70.52,11.0
70.53,14.0
70.54,8.0
70.55,7.0
70.56,6.0
70.57,5.0
70.58,1.0
70.59,5.0
70.6,9.0
70.61,9.0
70.62,6.0
70.63,6.0
70.64,7.0
70.65,5.0
70.66,7.0
70.67,10.0
70.68,8.0
70.69,3.0
70.7,11.0
70.71,7.0
70.72,5.0
70.73,6.0
70.74,7.0
70.75,13.0
70.76,10.0
70.77,9.0
70.78,8.0
70.79,6.0
70.8,4.0
70.81,9.0
70.82,11.0
70.83,6.0
70.84,6.0
70.85,8.0
70.86,9.0
70.87,11.0
70.88,4.0
70.89,10.0
70.9,9.0
70.91,7.0
70.92,18.0
70.93,7.0
70.94,14.0
70.95,7.0
70.96,17.0
70.97,10.0
70.98,4.0
70.99,4.0
71.0,11.0
71.01,5.0
71.02,11.0
71.03,13.0
71.04,11.0
71.05,7.0
71.06,5.0
71.07,15.0
71.08,6.0
71.09,8.0
71.1,6.0
71.11,13.0
71.12,10.0
71.13,7.0
71.14,8.0
71.15,5.0
71.16,8.0
71.17,5.0
71.18,5.0
71.19,13.0
71.2,10.0
71.21,9.0
71.22,5.0
71.23,9.0
71.24,8.0
71.25,3.0
71.26,8.0
71.27,5.0
71.28,8.0
71.29,9.0
71.3,6.0
71.31,9.0
71.32,9.0
71.33,8.0
71.34,8.0
71.35,8.0
71.36,12.0
71.37,6.0
71.38,5.0
71.39,7.0
71.4,4.0
71.41,10.0
71.42,7.0
71.43,2.0
71.44,7.0
71.45,5.0
71.46,9.0
71.47,4.0
71.48,8.0
71.49,2.0
71.5,6.0
71.51,12.0
71.52,10.0
71.53,3.0
71.54,3.0
71.55,3.0
71.56,7.0
71.57,8.0
71.58,5.0
71.59,11.0
71.6,8.0
71.61,16.0
71.62,6.0
71.63,3.0
71.64,14.0
71.65,9.0
71.66,7.0
71.67,12.0
71.68,7.0
71.69,8.0
71.7,6.0
71.71,10.0
71.72,8.0
71.73,7.0
71.74,6.0
71.75,10.0
71.76,7.0
71.77,7.0
71.78,7.0
71.79,8.0
71.8,5.0
71.81,10.0
71.82,5.0
71.83,7.0
71.84,8.0
71.85,4.0
71.86,12.0
71.87,7.0
71.88,7.0
71.89,9.0
71.9,7.0
71.91,6.0
71.92,13.0
71.93,5.0
71.94,12.0
71.95,9.0
71.96,4.0
71.97,7.0
71.98,4.0
71.99,3.0
72.0,6.0
72.01,3.0
72.02,6.0
72.03,6.0
72.04,6.0
72.05,7.0
72.06,7.0
72.07,10.0
72.08,6.0
72.09,4.0
72.1,7.0
72.11,7.0
72.12,6.0
72.13,8.0
72.14,8.0
72.15,10.0
72.16,6.0
72.17,9.0
72.18,3.0
72.19,5.0
72.2,8.0
72.21,9.0
72.22,8.0
72.23,5.0
72.24,6.0
72.25,4.0
72.26,6.0
72.27,6.0
72.28,4.0
72.29,6.0
72.3,5.0
72.31,7.0
72.32,6.0
72.33,6.0
72.34,5.0
72.35,5.0
72.36,5.0
72.37,8.0
72.38,4.0
72.39,5.0
72.4,7.0
72.41,9.0
72.42,12.0
72.43,6.0
72.44,9.0
72.45,8.0
72.46,6.0
72.47,6.0
72.48,7.0
72.49,4.0
72.5,5.0
72.51,7.0
72.52,5.0
72.53,4.0
72.54,1.0
72.55,10.0
72.56,7.0
72.57,5.0
72.58,4.0
72.59,9.0
72.6,5.0
72.61,6.0
72.62,6.0
72.63,7.0
72.64,5.0
72.65,5.0
72.66,8.0
72.67,4.0
72.68,6.0
72.69,3.0
72.7,2.0
72.71,4.0
72.72,4.0
72.73,7.0
72.74,6.0
72.75,6.0
72.76,4.0
72.77,5.0
72.78,8.0
72.79,3.0
72.8,8.0
72.81,6.0
72.82,7.0
72.83,7.0
72.84,4.0
72.85,2.0
72.86,6.0
72.87,3.0
72.88,6.0
72.89,7.0
72.9,4.0
72.91,7.0
72.92,4.0
72.93,7.0
72.94,6.0
72.95,10.0
72.96,3.0
72.97,8.0
72.98,5.0
72.99,5.0
73.0,3.0
73.01,5.0
73.02,1.0
73.03,7.0
73.04,2.0
73.05,3.0
73.06,1.0
73.07,3.0
73.08,6.0
73.09,3.0
73.1,6.0
73.11,4.0
73.12,5.0
73.13,6.0
73.14,5.0
73.15,6.0
73.16,2.0
73.17,1.0
73.18,3.0
73.19,6.0
73.2,6.0
73.21,3.0
73.22,4.0
73.23,2.0
73.24,4.0
73.25,3.0
73.26,5.0
73.27,7.0
73.28,5.0
73.29,3.0
73.3,6.0
73.31,4.0
73.32,4.0
73.33,3.0
73.34,3.0
73.35,3.0
73.36,2.0
73.37,5.0
73.38,3.0
73.39,1.0
73.4,6.0
73.41,3.0
73.42,4.0
73.43,7.0
73.44,3.0
73.45,6.0
73.46,7.0
73.47,3.0
73.48,2.0
73.49,3.0
73.5,1.0
73.51,1.0
73.52,3.0
73.53,5.0
73.54,2.0
73.55,4.0
73.56,4.0
73.57,5.0
73.58,2.0
73.59,2.0
73.6,3.0
73.61,7.0
73.62,3.0
73.63,3.0
73.64,7.0
73.65,3.0
73.66,3.0
73.67,3.0
73.69,3.0
73.7,5.0
73.71,2.0
73.72,6.0
73.73,4.0
73.74,2.0
73.75,7.0
73.76,2.0
73.77,8.0
73.78,7.0
73.79,4.0
73.8,2.0
73.81,5.0
73.82,2.0
73.83,5.0
73.84,2.0
73.85,2.0
73.86,4.0
73.87,6.0
73.88,2.0
73.89,2.0
73.9,3.0
73.91,5.0
73.92,1.0
73.93,3.0
73.94,7.0
73.95,3.0
73.96,6.0
73.97,1.0
73.98,2.0
73.99,5.0
74.0,5.0
74.01,5.0
74.02,3.0
74.03,4.0
74.04,2.0
74.05,1.0
74.06,2.0
74.07,2.0
74.08,2.0
74.09,1.0
74.1,4.0
74.11,1.0
74.12,1.0
74.13,4.0
74.14,2.0
74.15,3.0
74.16,3.0
74.17,4.0
74.18,2.0
74.19,2.0
74.2,5.0
74.21,5.0
74.22,2.0
74.23,6.0
74.24,1.0
74.25,2.0
74.26,3.0
74.27,3.0
74.28,2.0
74.29,3.0
74.3,2.0
74.31,1.0
74.32,2.0
74.33,2.0
74.34,2.0
74.35,1.0
74.36,1.0
74.37,4.0
74.38,3.0
74.39,6.0
74.41,2.0
74.42,2.0
74.43,4.0
74.44,5.0
74.47,2.0
74.48,2.0
74.5,1.0
74.51,3.0
74.52,1.0
74.53,2.0
74.55,4.0
74.56,3.0
74.57,3.0
74.58,2.0
74.6,2.0
74.61,2.0
74.62,4.0
74.63,2.0
74.65,3.0
74.66,5.0
74.67,2.0
74.68,3.0
74.69,2.0
74.7,2.0
74.71,2.0
74.73,1.0
74.74,3.0
74.75,1.0
74.77,3.0
74.79,1.0
74.8,3.0
74.83,1.0
74.84,1.0
74.86,1.0
74.87,2.0
74.88,2.0
74.89,2.0
74.92,3.0
74.93,2.0
74.95,4.0
74.96,2.0
74.98,1.0
74.99,4.0
75.0,1.0
75.01,3.0
75.02,1.0
75.03,1.0
75.04,1.0
75.05,1.0
75.06,3.0
75.07,1.0
75.08,6.0
75.09,3.0
75.1,2.0
75.11,1.0
75.12,3.0
75.13,2.0
75.14,2.0
75.15,2.0
75.16,1.0
75.2,4.0
75.22,1.0
75.23,1.0
75.24,1.0
75.27,1.0
75.29,1.0
75.3,1.0
75.31,2.0
75.32,2.0
75.33,1.0
75.35,3.0
75.36,3.0
75.37,1.0
75.38,2.0
75.39,1.0
75.4,1.0
75.41,4.0
75.42,4.0
75.44,2.0
75.46,1.0
75.47,2.0
75.48,2.0
75.5,2.0
75.52,1.0
75.53,1.0
75.54,1.0
75.57,1.0
75.62,2.0
75.63,2.0
75.64,1.0
75.65,2.0
75.66,1.0
75.69,1.0
75.71,3.0
75.75,3.0
75.76,2.0
75.78,1.0
75.8,2.0
75.83,1.0
75.85,1.0
75.86,1.0
75.93,1.0
75.96,1.0
75.98,3.0
76.01,1.0
76.02,1.0
76.06,1.0
76.09,2.0
76.1,1.0
76.13,1.0
76.17,1.0
76.18,1.0
76.24,1.0
76.25,1.0
76.27,1.0
76.32,2.0
76.33,1.0
76.37,1.0
76.39,2.0
76.47,1.0
76.52,2.0
76.61,1.0
76.64,2.0
76.76,1.0
76.78,1.0
76.87,1.0
76.94,2.0
76.97,1.0
77.07,1.0
77.17,1.0
77.2,1.0
77.23,1.0
77.26,1.0
77.34,1.0
77.35,1.0
77.47,1.0
77.75,1.0
77.77,1.0

