GC_content,occurence
13.54,1.0
15.77,1.0
18.99,1.0
19.07,1.0
20.64,1.0
20.99,1.0
24.1,1.0
27.06,1.0
27.08,1.0
27.71,1.0
27.9,1.0
28.34,1.0
28.6,1.0
28.81,1.0
28.88,1.0
29.08,1.0
29.75,1.0
29.88,1.0
29.95,1.0
29.99,1.0
30.12,1.0
30.13,1.0
30.21,1.0
30.49,1.0
30.59,2.0
30.73,1.0
30.75,1.0
30.77,2.0
31.08,1.0
31.1,1.0
31.16,1.0
31.28,1.0
31.58,1.0
31.64,2.0
31.69,1.0
31.71,1.0
31.76,1.0
31.8,1.0
31.82,1.0
31.84,1.0
31.85,1.0
31.86,1.0
31.87,1.0
31.98,1.0
32.0,1.0
32.09,1.0
32.14,1.0
32.19,1.0
32.2,4.0
32.21,1.0
32.22,2.0
32.3,1.0
32.48,1.0
32.49,1.0
32.52,1.0
32.53,1.0
32.56,1.0
32.58,1.0
32.62,1.0
32.72,1.0
32.77,1.0
32.79,1.0
32.8,1.0
32.84,1.0
32.95,1.0
32.98,2.0
33.02,1.0
33.05,1.0
33.06,1.0
33.07,1.0
33.08,1.0
33.15,1.0
33.16,1.0
33.19,1.0
33.26,1.0
33.3,1.0
33.33,2.0
33.38,1.0
33.44,1.0
33.46,1.0
33.5,1.0
33.51,1.0
33.58,3.0
33.65,1.0
33.66,1.0
33.69,1.0
33.71,1.0
33.82,2.0
33.85,1.0
33.86,1.0
33.93,1.0
33.94,1.0
33.97,1.0
33.99,2.0
34.0,1.0
34.01,1.0
34.05,1.0
34.06,1.0
34.07,1.0
34.09,1.0
34.12,3.0
34.13,1.0
34.14,1.0
34.15,1.0
34.16,1.0
34.17,1.0
34.2,1.0
34.21,2.0
34.22,2.0
34.23,1.0
34.26,1.0
34.28,1.0
34.32,1.0
34.34,3.0
34.35,1.0
34.38,1.0
34.39,2.0
34.42,1.0
34.44,1.0
34.45,1.0
34.46,4.0
34.48,1.0
34.5,1.0
34.52,2.0
34.53,2.0
34.54,1.0
34.56,1.0
34.57,1.0
34.58,1.0
34.59,2.0
34.6,1.0
34.61,1.0
34.62,1.0
34.64,2.0
34.66,1.0
34.67,1.0
34.68,1.0
34.69,2.0
34.71,2.0
34.72,3.0
34.73,2.0
34.75,2.0
34.77,1.0
34.83,1.0
34.84,1.0
34.85,1.0
34.87,2.0
34.9,1.0
34.91,2.0
34.96,2.0
34.97,1.0
34.98,1.0
34.99,1.0
35.0,1.0
35.02,1.0
35.03,2.0
35.07,2.0
35.08,3.0
35.09,1.0
35.13,1.0
35.14,1.0
35.19,3.0
35.21,2.0
35.23,2.0
35.24,2.0
35.29,2.0
35.3,1.0
35.33,2.0
35.35,1.0
35.36,1.0
35.41,1.0
35.42,1.0
35.43,3.0
35.45,3.0
35.47,1.0
35.49,1.0
35.5,1.0
35.54,3.0
35.55,1.0
35.57,1.0
35.58,1.0
35.62,1.0
35.63,1.0
35.65,2.0
35.67,1.0
35.69,1.0
35.71,2.0
35.72,1.0
35.74,1.0
35.75,1.0
35.76,1.0
35.78,3.0
35.79,2.0
35.82,2.0
35.84,3.0
35.85,3.0
35.86,1.0
35.88,3.0
35.91,2.0
35.93,1.0
35.94,1.0
35.97,1.0
35.98,1.0
36.0,1.0
36.01,1.0
36.02,2.0
36.03,1.0
36.04,2.0
36.05,1.0
36.09,1.0
36.17,1.0
36.2,1.0
36.21,1.0
36.23,1.0
36.24,1.0
36.26,1.0
36.27,2.0
36.3,2.0
36.32,1.0
36.33,1.0
36.36,1.0
36.4,1.0
36.41,2.0
36.43,1.0
36.44,1.0
36.45,1.0
36.47,1.0
36.51,7.0
36.53,1.0
36.56,2.0
36.57,1.0
36.59,1.0
36.6,2.0
36.61,2.0
36.62,1.0
36.63,4.0
36.64,1.0
36.65,8.0
36.66,1.0
36.67,1.0
36.69,1.0
36.7,2.0
36.72,3.0
36.73,1.0
36.74,1.0
36.76,3.0
36.77,1.0
36.79,2.0
36.82,1.0
36.84,5.0
36.86,3.0
36.87,1.0
36.9,8.0
36.92,3.0
36.93,1.0
36.95,1.0
36.96,1.0
36.98,2.0
36.99,3.0
37.02,1.0
37.04,6.0
37.05,1.0
37.06,4.0
37.09,1.0
37.1,2.0
37.11,1.0
37.14,2.0
37.16,1.0
37.17,10.0
37.19,2.0
37.2,3.0
37.21,1.0
37.22,1.0
37.23,29.0
37.24,1.0
37.26,1.0
37.27,2.0
37.28,1.0
37.29,2.0
37.3,4.0
37.31,1.0
37.33,1.0
37.34,2.0
37.35,3.0
37.37,3.0
37.39,1.0
37.42,1.0
37.43,9.0
37.44,3.0
37.45,3.0
37.47,1.0
37.5,15.0
37.51,1.0
37.52,3.0
37.55,2.0
37.56,3.0
37.57,6.0
37.58,4.0
37.59,1.0
37.62,2.0
37.63,4.0
37.65,6.0
37.67,2.0
37.68,1.0
37.69,1.0
37.7,1.0
37.71,1.0
37.72,3.0
37.73,1.0
37.77,50.0
37.79,1.0
37.8,8.0
37.81,2.0
37.83,2.0
37.85,2.0
37.86,2.0
37.87,6.0
37.89,3.0
37.9,5.0
37.92,4.0
37.93,3.0
37.94,3.0
37.95,5.0
37.96,7.0
37.97,5.0
37.98,1.0
37.99,2.0
38.0,1.0
38.01,3.0
38.02,2.0
38.04,2.0
38.06,6.0
38.07,1.0
38.08,1.0
38.09,1.0
38.1,36.0
38.12,3.0
38.13,1.0
38.15,1.0
38.17,2.0
38.18,5.0
38.2,2.0
38.21,5.0
38.22,2.0
38.24,5.0
38.27,5.0
38.28,2.0
38.29,2.0
38.3,1.0
38.31,2.0
38.32,3.0
38.33,1.0
38.34,1.0
38.35,1.0
38.36,2.0
38.37,11.0
38.39,1.0
38.4,4.0
38.41,3.0
38.42,2.0
38.43,5.0
38.46,12.0
38.49,3.0
38.5,2.0
38.51,2.0
38.52,7.0
38.53,1.0
38.54,2.0
38.55,14.0
38.58,2.0
38.59,4.0
38.6,2.0
38.61,3.0
38.62,2.0
38.63,1.0
38.64,6.0
38.65,5.0
38.66,3.0
38.68,10.0
38.69,27.0
38.71,3.0
38.72,1.0
38.73,3.0
38.75,1.0
38.76,5.0
38.78,3.0
38.79,125.0
38.8,2.0
38.81,1.0
38.82,2.0
38.83,2.0
38.84,7.0
38.85,2.0
38.86,6.0
38.87,1.0
38.88,3.0
38.89,3.0
38.91,7.0
38.92,2.0
38.93,3.0
38.94,1.0
38.95,4.0
38.96,4.0
38.97,1.0
38.98,5.0
39.0,8.0
39.01,4.0
39.02,8.0
39.03,1.0
39.04,1.0
39.05,1.0
39.06,3.0
39.07,3.0
39.08,5.0
39.09,4.0
39.15,1.0
39.16,11.0
39.17,6.0
39.18,1.0
39.19,1.0
39.2,5.0
39.21,2.0
39.22,2.0
39.23,2.0
39.24,7.0
39.25,4.0
39.26,2.0
39.27,2.0
39.28,2.0
39.29,2.0
39.3,3.0
39.31,5.0
39.32,1.0
39.33,7.0
39.34,4.0
39.35,1.0
39.36,2.0
39.37,4.0
39.38,3.0
39.39,112.0
39.41,7.0
39.42,3.0
39.43,1.0
39.44,5.0
39.45,2.0
39.46,2.0
39.48,6.0
39.49,3.0
39.5,17.0
39.51,1.0
39.52,3.0
39.53,2.0
39.55,1.0
39.57,10.0
39.58,9.0
39.6,2.0
39.62,4.0
39.63,6.0
39.64,2.0
39.65,1.0
39.66,15.0
39.67,15.0
39.68,3.0
39.69,1.0
39.7,2.0
39.71,1.0
39.72,2.0
39.73,3.0
39.74,19.0
39.75,5.0
39.76,8.0
39.77,4.0
39.78,1.0
39.79,2.0
39.81,6.0
39.82,1.0
39.83,9.0
39.85,1.0
39.86,7.0
39.87,2.0
39.88,8.0
39.89,2.0
39.9,1.0
39.91,22.0
39.92,1.0
39.94,1.0
39.95,4.0
39.96,2.0
40.0,36.0
40.02,1.0
40.03,1.0
40.05,5.0
40.07,3.0
40.08,4.0
40.09,13.0
40.1,1.0
40.11,1.0
40.12,5.0
40.13,4.0
40.14,3.0
40.15,1.0
40.17,10.0
40.19,3.0
40.2,1.0
40.21,1.0
40.23,1.0
40.24,2.0
40.25,3.0
40.26,5.0
40.27,3.0
40.28,2.0
40.32,2.0
40.33,2.0
40.34,13.0
40.35,2.0
40.36,1.0
40.38,2.0
40.41,3.0
40.42,1.0
40.43,3.0
40.44,2.0
40.45,2.0
40.47,2.0
40.48,4.0
40.49,2.0
40.51,3.0
40.52,11.0
40.53,3.0
40.54,2.0
40.55,2.0
40.56,2.0
40.57,3.0
40.59,2.0
40.6,3.0
40.61,3.0
40.62,1.0
40.63,2.0
40.64,1.0
40.66,2.0
40.67,2.0
40.68,1.0
40.69,8.0
40.71,4.0
40.72,2.0
40.75,1.0
40.76,1.0
40.77,4.0
40.79,6.0
40.8,2.0
40.83,3.0
40.85,1.0
40.86,1.0
40.87,12.0
40.88,1.0
40.89,4.0
40.91,1.0
40.92,1.0
40.93,2.0
40.94,1.0
40.97,11.0
40.98,4.0
40.99,2.0
41.01,1.0
41.03,2.0
41.04,2.0
41.05,7.0
41.07,2.0
41.08,2.0
41.1,2.0
41.11,1.0
41.12,1.0
41.13,2.0
41.14,1.0
41.15,5.0
41.16,1.0
41.18,1.0
41.2,3.0
41.21,2.0
41.23,12.0
41.25,1.0
41.26,3.0
41.27,1.0
41.29,2.0
41.3,4.0
41.31,2.0
41.33,9.0
41.34,1.0
41.36,4.0
41.38,1.0
41.39,2.0
41.4,1.0
41.41,17.0
41.43,1.0
41.44,2.0
41.45,1.0
41.46,3.0
41.47,1.0
41.48,3.0
41.49,4.0
41.5,2.0
41.51,1.0
41.52,6.0
41.53,2.0
41.54,1.0
41.55,1.0
41.56,5.0
41.57,2.0
41.59,13.0
41.61,1.0
41.63,2.0
41.66,2.0
41.67,10.0
41.69,2.0
41.7,9.0
41.71,1.0
41.73,1.0
41.74,1.0
41.77,2.0
41.78,11.0
41.8,1.0
41.82,4.0
41.83,1.0
41.85,1.0
41.86,1.0
41.87,1.0
41.88,3.0
41.89,12.0
41.9,1.0
41.92,1.0
41.93,1.0
41.94,3.0
41.95,1.0
41.96,19.0
41.97,3.0
41.98,1.0
41.99,1.0
42.01,4.0
42.04,2.0
42.05,2.0
42.06,4.0
42.08,14.0
42.09,1.0
42.1,1.0
42.11,4.0
42.12,1.0
42.13,2.0
42.14,1.0
42.15,12.0
42.18,1.0
42.2,1.0
42.21,1.0
42.22,1.0
42.23,2.0
42.25,6.0
42.26,2.0
42.27,10.0
42.28,1.0
42.29,2.0
42.31,1.0
42.32,1.0
42.33,2.0
42.34,17.0
42.35,1.0
42.37,2.0
42.38,3.0
42.39,1.0
42.4,3.0
42.41,1.0
42.43,1.0
42.45,2.0
42.47,5.0
42.48,1.0
42.5,1.0
42.51,3.0
42.52,2.0
42.53,14.0
42.54,1.0
42.55,4.0
42.58,4.0
42.59,5.0
42.6,3.0
42.61,1.0
42.62,2.0
42.63,1.0
42.64,1.0
42.65,3.0
42.66,8.0
42.67,1.0
42.68,2.0
42.7,2.0
42.72,3.0
42.73,11.0
42.75,1.0
42.77,3.0
42.79,8.0
42.81,1.0
42.82,2.0
42.83,1.0
42.86,18.0
42.87,1.0
42.89,1.0
42.9,1.0
42.91,1.0
42.92,17.0
42.93,1.0
42.95,2.0
42.98,3.0
42.99,7.0
43.0,4.0
43.02,1.0
43.03,1.0
43.04,3.0
43.06,15.0
43.07,1.0
43.08,1.0
43.09,2.0
43.1,1.0
43.11,2.0
43.12,14.0
43.13,2.0
43.14,1.0
43.15,1.0
43.16,1.0
43.17,3.0
43.18,3.0
43.19,4.0
43.2,5.0
43.21,1.0
43.22,3.0
43.23,3.0
43.24,2.0
43.25,1.0
43.26,10.0
43.27,3.0
43.28,2.0
43.29,1.0
43.3,1.0
43.32,22.0
43.33,3.0
43.34,3.0
43.35,3.0
43.37,1.0
43.38,4.0
43.4,6.0
43.41,2.0
43.42,2.0
43.43,1.0
43.44,2.0
43.46,16.0
43.47,1.0
43.48,1.0
43.49,1.0
43.5,2.0
43.52,22.0
43.53,2.0
43.54,2.0
43.55,3.0
43.56,2.0
43.57,1.0
43.58,5.0
43.59,3.0
43.6,8.0
43.61,1.0
43.62,2.0
43.63,1.0
43.64,1.0
43.65,1.0
43.66,12.0
43.67,2.0
43.69,1.0
43.71,1.0
43.72,20.0
43.73,1.0
43.74,1.0
43.75,2.0
43.76,3.0
43.77,1.0
43.78,10.0
43.79,1.0
43.8,1.0
43.81,6.0
43.82,2.0
43.83,2.0
43.84,3.0
43.86,7.0
43.87,22.0
43.88,4.0
43.89,2.0
43.9,2.0
43.91,2.0
43.92,2.0
43.93,26.0
43.95,1.0
43.96,1.0
43.97,5.0
43.98,11.0
44.0,2.0
44.01,1.0
44.02,10.0
44.03,1.0
44.04,4.0
44.05,1.0
44.06,4.0
44.08,17.0
44.09,1.0
44.1,3.0
44.11,3.0
44.12,3.0
44.13,26.0
44.14,2.0
44.16,1.0
44.17,3.0
44.19,11.0
44.2,6.0
44.21,2.0
44.22,3.0
44.23,5.0
44.24,3.0
44.25,2.0
44.26,4.0
44.27,1.0
44.28,1.0
44.29,18.0
44.3,5.0
44.32,1.0
44.33,5.0
44.34,24.0
44.35,6.0
44.36,3.0
44.37,2.0
44.38,5.0
44.39,11.0
44.4,9.0
44.41,1.0
44.44,20.0
44.47,3.0
44.48,2.0
44.49,5.0
44.5,23.0
44.51,1.0
44.52,3.0
44.53,1.0
44.54,5.0
44.55,12.0
44.56,3.0
44.57,3.0
44.58,2.0
44.59,6.0
44.6,7.0
44.61,4.0
44.62,5.0
44.63,3.0
44.64,5.0
44.65,1.0
44.66,8.0
44.67,6.0
44.68,9.0
44.69,3.0
44.7,4.0
44.71,14.0
44.72,8.0
44.73,4.0
44.74,6.0
44.75,3.0
44.76,23.0
44.77,2.0
44.78,8.0
44.79,2.0
44.8,3.0
44.81,8.0
44.82,4.0
44.83,50.0
44.84,4.0
44.85,3.0
44.86,5.0
44.87,9.0
44.88,7.0
44.89,6.0
44.91,4.0
44.92,5.0
44.93,25.0
44.94,3.0
44.95,13.0
44.96,6.0
44.97,5.0
44.98,45.0
44.99,1.0
45.0,5.0
45.01,3.0
45.02,11.0
45.03,2.0
45.04,1.0
45.05,11.0
45.06,6.0
45.07,5.0
45.08,1.0
45.09,10.0
45.1,10.0
45.11,7.0
45.12,2.0
45.13,4.0
45.14,1.0
45.15,17.0
45.16,5.0
45.17,2.0
45.18,17.0
45.19,28.0
45.2,2.0
45.21,5.0
45.22,25.0
45.23,10.0
45.24,11.0
45.25,3.0
45.26,37.0
45.27,8.0
45.28,2.0
45.29,6.0
45.3,5.0
45.31,3.0
45.32,6.0
45.33,5.0
45.34,6.0
45.35,1.0
45.36,4.0
45.37,24.0
45.38,5.0
45.39,1.0
45.4,2.0
45.41,183.0
45.42,5.0
45.43,3.0
45.44,2.0
45.45,33.0
45.47,4.0
45.48,1.0
45.49,7.0
45.5,6.0
45.51,6.0
45.52,2.0
45.53,6.0
45.54,8.0
45.55,3.0
45.56,3.0
45.57,12.0
45.58,8.0
45.59,14.0
45.61,32.0
45.62,4.0
45.63,22.0
45.64,2.0
45.65,32.0
45.66,1.0
45.67,6.0
45.68,4.0
45.69,6.0
45.7,6.0
45.71,5.0
45.72,1.0
45.73,8.0
45.74,9.0
45.75,3.0
45.76,2.0
45.77,11.0
45.78,7.0
45.79,5.0
45.8,5.0
45.81,22.0
45.82,3.0
45.83,5.0
45.84,1.0
45.85,213.0
45.86,5.0
45.87,4.0
45.88,9.0
45.89,11.0
45.9,1.0
45.91,3.0
45.92,3.0
45.93,5.0
45.94,1.0
45.95,5.0
45.96,7.0
45.97,3.0
45.98,1.0
45.99,4.0
46.0,8.0
46.02,6.0
46.03,8.0
46.04,14.0
46.05,19.0
46.06,7.0
46.07,4.0
46.08,25.0
46.09,12.0
46.1,7.0
46.11,1.0
46.12,11.0
46.13,2.0
46.14,2.0
46.15,9.0
46.16,2.0
46.17,4.0
46.18,1.0
46.19,14.0
46.21,4.0
46.22,6.0
46.23,3.0
46.24,3.0
46.25,5.0
46.26,13.0
46.27,19.0
46.28,8.0
46.29,17.0
46.3,7.0
46.31,24.0
46.32,4.0
46.33,6.0
46.34,6.0
46.35,8.0
46.36,7.0
46.37,8.0
46.38,6.0
46.39,3.0
46.4,8.0
46.41,8.0
46.42,4.0
46.43,5.0
46.44,3.0
46.45,5.0
46.46,8.0
46.47,6.0
46.48,8.0
46.49,14.0
46.5,10.0
46.51,4.0
46.52,7.0
46.53,21.0
46.54,3.0
46.55,8.0
46.56,8.0
46.57,9.0
46.58,7.0
46.59,7.0
46.6,7.0
46.61,10.0
46.62,7.0
46.63,9.0
46.64,5.0
46.65,7.0
46.66,5.0
46.67,4.0
46.68,3.0
46.69,5.0
46.7,6.0
46.71,3.0
46.72,6.0
46.73,22.0
46.74,8.0
46.75,7.0
46.76,3.0
46.77,23.0
46.78,4.0
46.79,10.0
46.8,13.0
46.81,10.0
46.82,3.0
46.83,6.0
46.84,4.0
46.85,8.0
46.86,8.0
46.87,7.0
46.88,17.0
46.89,8.0
46.9,10.0
46.91,10.0
46.92,8.0
46.93,6.0
46.94,6.0
46.95,4.0
46.96,4.0
46.97,20.0
46.98,13.0
46.99,4.0
47.0,23.0
47.01,8.0
47.02,3.0
47.03,12.0
47.04,6.0
47.05,1.0
47.06,13.0
47.07,4.0
47.08,6.0
47.09,7.0
47.1,8.0
47.11,7.0
47.12,6.0
47.13,4.0
47.14,15.0
47.15,8.0
47.16,8.0
47.17,11.0
47.18,19.0
47.19,7.0
47.2,8.0
47.21,14.0
47.22,4.0
47.23,10.0
47.24,10.0
47.25,4.0
47.26,9.0
47.27,10.0
47.28,7.0
47.29,8.0
47.3,6.0
47.31,14.0
47.32,10.0
47.33,7.0
47.34,11.0
47.35,2.0
47.36,4.0
47.37,8.0
47.38,6.0
47.39,6.0
47.4,7.0
47.41,11.0
47.42,10.0
47.43,7.0
47.44,8.0
47.45,22.0
47.46,9.0
47.47,20.0
47.48,13.0
47.49,6.0
47.5,11.0
47.51,4.0
47.52,10.0
47.53,8.0
47.54,15.0
47.55,7.0
47.56,10.0
47.57,15.0
47.58,24.0
47.59,16.0
47.6,5.0
47.61,3.0
47.62,12.0
47.63,3.0
47.64,8.0
47.65,4.0
47.66,6.0
47.67,7.0
47.68,9.0
47.69,11.0
47.7,3.0
47.71,11.0
47.72,84.0
47.73,10.0
47.74,3.0
47.75,16.0
47.76,10.0
47.77,12.0
47.78,6.0
47.79,5.0
47.8,8.0
47.81,7.0
47.82,1.0
47.83,15.0
47.84,19.0
47.85,26.0
47.86,21.0
47.87,14.0
47.88,21.0
47.89,14.0
47.9,11.0
47.91,6.0
47.92,15.0
47.93,13.0
47.94,8.0
47.95,9.0
47.96,25.0
47.97,7.0
47.98,14.0
47.99,37.0
48.0,10.0
48.01,4.0
48.02,14.0
48.03,9.0
48.04,5.0
48.05,13.0
48.06,10.0
48.07,15.0
48.08,8.0
48.09,18.0
48.1,23.0
48.11,8.0
48.12,22.0
48.13,21.0
48.14,9.0
48.15,17.0
48.16,17.0
48.17,14.0
48.18,4.0
48.19,13.0
48.2,11.0
48.21,59.0
48.22,12.0
48.23,4.0
48.24,11.0
48.25,23.0
48.26,27.0
48.27,8.0
48.28,15.0
48.29,19.0
48.3,7.0
48.31,47.0
48.32,15.0
48.33,20.0
48.34,16.0
48.35,14.0
48.36,12.0
48.37,17.0
48.38,11.0
48.39,34.0
48.4,19.0
48.41,5.0
48.42,5.0
48.43,12.0
48.44,11.0
48.45,17.0
48.46,5.0
48.47,22.0
48.48,29.0
48.49,5.0
48.5,19.0
48.51,53.0
48.52,43.0
48.53,10.0
48.54,32.0
48.55,15.0
48.56,17.0
48.57,62.0
48.58,9.0
48.59,5.0
48.6,8.0
48.61,10.0
48.62,24.0
48.63,7.0
48.64,19.0
48.65,11.0
48.66,33.0
48.67,16.0
48.68,27.0
48.69,9.0
48.7,22.0
48.71,32.0
48.72,46.0
48.73,145.0
48.74,41.0
48.75,32.0
48.76,20.0
48.77,37.0
48.78,24.0
48.79,21.0
48.8,23.0
48.81,24.0
48.82,13.0
48.83,7.0
48.84,8.0
48.85,10.0
48.86,5.0
48.87,11.0
48.88,11.0
48.89,5.0
48.9,20.0
48.91,20.0
48.92,33.0
48.93,61.0
48.94,160.0
48.95,178.0
48.96,59.0
48.97,30.0
48.98,55.0
48.99,25.0
49.0,11.0
49.01,3.0
49.02,4.0
49.03,3.0
49.04,6.0
49.05,5.0
49.06,11.0
49.07,23.0
49.08,21.0
49.09,21.0
49.1,18.0
49.11,25.0
49.12,17.0
49.13,12.0
49.14,31.0
49.15,1209.0
49.16,70.0
49.17,47.0
49.18,42.0
49.19,32.0
49.2,17.0
49.21,40.0
49.22,13.0
49.23,23.0
49.24,56.0
49.25,22.0
49.26,22.0
49.27,18.0
49.28,11.0
49.3,9.0
49.31,1.0
49.32,4.0
49.33,5.0
49.34,13.0
49.35,24.0
49.36,364.0
49.37,273.0
49.38,65.0
49.39,117.0
49.4,39.0
49.41,10.0
49.42,12.0
49.43,4.0
49.44,10.0
49.45,2.0
49.46,14.0
49.47,99.0
49.48,7.0
49.49,1.0
49.5,4.0
49.51,3.0
49.52,15.0
49.53,6.0
49.54,36.0
49.55,16.0
49.56,20.0
49.57,130.0
49.58,3249.0
49.59,27.0
49.6,28.0
49.61,2.0
49.62,7.0
49.63,11.0
49.64,13.0
49.65,4.0
49.66,5.0
49.67,1.0
49.68,5.0
49.69,26.0
49.7,16.0
49.71,7.0
49.72,7.0
49.73,36.0
49.74,31.0
49.75,2.0
49.76,9.0
49.77,5.0
49.78,22.0
49.79,552.0
49.8,25.0
49.81,5.0
49.82,3.0
49.83,5.0
49.84,7.0
49.85,27.0
49.86,3.0
49.87,1.0
49.88,2.0
49.94,1.0
49.96,1.0
50.0,756.0
50.05,1.0
50.06,1.0
50.08,1.0
50.1,1.0
50.12,2.0
50.13,1.0
50.15,20.0
50.16,1.0
50.17,1.0
50.18,1.0
50.19,4.0
50.2,10.0
50.21,130.0
50.22,30.0
50.23,5.0
50.24,4.0
50.25,2.0
50.26,29.0
50.27,25.0
50.28,3.0
50.29,4.0
50.3,5.0
50.31,8.0
50.32,1.0
50.33,2.0
50.34,3.0
50.35,2.0
50.36,1.0
50.37,3.0
50.38,1.0
50.4,2.0
50.41,9.0
50.42,51.0
50.43,46.0
50.44,7.0
50.45,5.0
50.46,5.0
50.47,7.0
50.48,2.0
50.49,4.0
50.5,3.0
50.51,2.0
50.52,5.0
50.53,23.0
50.54,9.0
50.55,2.0
50.56,1.0
50.57,2.0
50.58,3.0
50.59,3.0
50.6,3.0
50.61,3.0
50.62,11.0
50.63,17.0
50.64,17.0
50.65,6.0
50.66,4.0
50.67,1.0
50.69,2.0
50.7,3.0
50.71,2.0
50.72,1.0
50.73,4.0
50.74,1.0
50.75,5.0
50.76,1.0
50.77,4.0
50.78,2.0
50.79,5.0
50.8,2.0
50.81,2.0
50.82,8.0
50.83,11.0
50.84,3.0
50.85,9.0
50.86,4.0
50.87,5.0
50.88,4.0
50.89,2.0
50.9,2.0
50.91,4.0
50.92,2.0
50.93,4.0
50.94,2.0
50.96,1.0
50.99,3.0
51.0,2.0
51.02,2.0
51.03,1.0
51.04,1.0
51.05,5.0
51.06,6.0
51.07,3.0
51.08,6.0
51.09,3.0
51.1,2.0
51.11,1.0
51.12,4.0
51.13,1.0
51.14,3.0
51.15,2.0
51.16,1.0
51.17,1.0
51.18,1.0
51.19,3.0
51.2,1.0
51.21,3.0
51.22,3.0
51.23,2.0
51.24,2.0
51.25,1.0
51.27,1.0
51.28,3.0
51.29,2.0
51.31,2.0
51.32,2.0
51.33,1.0
51.34,1.0
51.35,2.0
51.37,2.0
51.38,4.0
51.39,1.0
51.4,1.0
51.42,2.0
51.43,1.0
51.45,1.0
51.46,4.0
51.48,1.0
51.49,1.0
51.5,3.0
51.51,1.0
51.52,2.0
51.53,2.0
51.54,2.0
51.56,2.0
51.57,1.0
51.58,1.0
51.61,2.0
51.62,2.0
51.63,1.0
51.65,2.0
51.66,1.0
51.67,6.0
51.68,3.0
51.69,2.0
51.7,1.0
51.71,3.0
51.72,2.0
51.73,2.0
51.74,1.0
51.75,3.0
51.77,1.0
51.78,1.0
51.79,2.0
51.83,2.0
51.87,4.0
51.88,2.0
51.89,1.0
51.91,2.0
51.92,1.0
51.93,1.0
51.96,2.0
51.98,1.0
52.01,2.0
52.02,1.0
52.03,2.0
52.04,1.0
52.05,2.0
52.07,1.0
52.1,1.0
52.12,1.0
52.13,2.0
52.14,1.0
52.15,1.0
52.17,2.0
52.19,1.0
52.2,2.0
52.22,2.0
52.23,2.0
52.25,1.0
52.27,2.0
52.28,1.0
52.29,1.0
52.3,1.0
52.31,1.0
52.33,1.0
52.35,1.0
52.36,1.0
52.37,1.0
52.38,3.0
52.4,1.0
52.42,2.0
52.45,1.0
52.49,1.0
52.5,1.0
52.51,1.0
52.54,1.0
52.57,1.0
52.59,1.0
52.6,1.0
52.64,1.0
52.66,2.0
52.69,1.0
52.7,1.0
52.73,1.0
52.74,2.0
52.75,1.0
52.77,2.0
52.78,2.0
52.79,1.0
52.81,1.0
52.84,1.0
52.85,2.0
52.86,1.0
52.88,1.0
52.89,1.0
52.91,1.0
52.92,5.0
52.98,1.0
53.0,1.0
53.02,1.0
53.04,1.0
53.05,2.0
53.1,2.0
53.11,3.0
53.14,2.0
53.17,1.0
53.2,1.0
53.22,1.0
53.23,1.0
53.24,1.0
53.25,1.0
53.26,1.0
53.29,1.0
53.33,4.0
53.35,2.0
53.36,1.0
53.45,1.0
53.49,1.0
53.5,2.0
53.54,1.0
53.55,1.0
53.59,2.0
53.62,2.0
53.63,1.0
53.64,1.0
53.67,2.0
53.71,3.0
53.72,1.0
53.76,1.0
53.78,2.0
53.84,1.0
53.85,1.0
53.86,1.0
53.89,1.0
53.96,1.0
54.02,1.0
54.05,1.0
54.07,1.0
54.08,1.0
54.12,1.0
54.15,1.0
54.17,2.0
54.2,1.0
54.25,2.0
54.3,1.0
54.32,2.0
54.35,1.0
54.38,1.0
54.44,1.0
54.52,1.0
54.66,1.0
54.67,2.0
54.76,1.0
54.78,1.0
54.85,1.0
54.87,2.0
54.89,1.0
54.9,1.0
54.94,1.0
54.98,1.0
55.05,1.0
55.1,1.0
55.13,1.0
55.28,1.0
55.4,1.0
55.46,1.0
55.6,1.0
55.65,1.0
55.66,1.0
55.73,1.0
55.75,1.0
55.96,1.0
55.97,1.0
56.07,2.0
56.15,1.0
56.2,1.0
56.21,1.0
56.26,1.0
56.31,1.0
56.39,2.0
56.41,1.0
56.44,1.0
56.61,1.0
56.65,1.0
56.67,1.0
56.71,1.0
56.72,1.0
56.76,1.0
56.79,1.0
56.84,1.0
57.14,1.0
57.24,2.0
57.28,1.0
57.36,1.0
57.44,1.0
57.47,1.0
57.5,1.0
57.6,1.0
57.64,1.0
57.83,2.0
57.92,1.0
57.94,1.0
58.06,1.0
58.13,1.0
58.21,1.0
58.48,1.0
58.57,1.0
58.82,1.0
58.89,1.0
58.96,1.0
58.99,1.0
59.28,1.0
59.34,1.0
59.4,1.0
59.59,1.0
59.74,1.0
59.94,1.0
60.28,2.0
60.38,1.0
60.48,1.0
60.67,2.0
60.77,1.0
60.95,1.0
61.33,1.0
61.35,1.0
61.48,2.0
61.54,1.0
61.57,1.0
61.62,1.0
61.72,1.0
61.76,1.0
61.89,1.0
61.97,1.0
62.02,1.0
62.06,1.0
62.13,2.0
62.2,1.0
62.24,2.0
62.31,3.0
62.33,1.0
62.8,1.0
63.6,1.0
63.79,1.0
63.92,1.0
64.14,2.0
64.29,1.0
64.47,1.0
64.5,1.0
64.53,1.0
64.6,2.0
64.66,1.0
64.91,1.0
65.07,1.0
65.09,1.0
65.16,1.0
65.18,1.0
65.22,1.0
65.25,2.0
65.29,1.0
65.35,2.0
65.41,1.0
65.47,1.0
65.49,1.0
65.5,1.0
65.62,1.0
65.65,2.0
65.78,1.0
65.79,2.0
65.88,1.0
65.92,2.0
65.93,1.0
65.94,2.0
66.06,1.0
66.07,3.0
66.1,1.0
66.2,1.0
66.22,1.0
66.23,1.0
66.37,4.0
66.52,2.0
66.67,3.0
66.82,1.0
66.96,1.0
66.97,1.0
67.11,1.0
67.3,1.0

