seq_score,occurence
41.15,1.0
42.81,1.0
43.21,1.0
43.8,1.0
44.12,1.0
44.98,1.0
46.15,1.0
46.66,1.0
47.39,1.0
47.62,1.0
47.65,1.0
47.75,1.0
47.98,1.0
48.2,1.0
48.46,1.0
48.5,1.0
48.69,1.0
48.9,1.0
48.93,1.0
49.09,1.0
49.23,1.0
49.27,1.0
49.5,1.0
49.52,1.0
49.71,1.0
50.02,1.0
50.09,1.0
50.26,1.0
50.28,1.0
50.31,1.0
50.32,1.0
50.38,1.0
50.42,1.0
50.48,1.0
50.52,2.0
50.7,1.0
50.87,1.0
51.17,2.0
51.23,1.0
51.27,1.0
51.37,1.0
51.97,1.0
52.04,1.0
52.06,2.0
52.28,1.0
52.35,2.0
52.42,2.0
52.48,1.0
52.53,1.0
52.56,2.0
52.7,1.0
52.73,1.0
52.94,1.0
53.01,1.0
53.13,1.0
53.34,1.0
53.43,1.0
53.54,1.0
53.68,1.0
53.69,1.0
53.74,1.0
53.83,1.0
53.87,1.0
53.98,1.0
54.04,1.0
54.13,1.0
54.18,1.0
54.46,1.0
54.49,2.0
54.63,1.0
54.69,1.0
54.72,1.0
54.83,1.0
55.03,1.0
55.04,1.0
55.07,1.0
55.12,1.0
55.18,1.0
55.31,1.0
55.4,1.0
55.48,1.0
55.5,2.0
55.66,2.0
55.67,1.0
55.68,1.0
55.69,1.0
55.7,1.0
55.82,1.0
55.83,1.0
55.99,1.0
56.31,1.0
56.36,1.0
56.4,1.0
56.43,1.0
56.44,1.0
56.47,1.0
56.55,1.0
56.56,1.0
56.74,1.0
56.77,1.0
56.83,1.0
56.84,1.0
56.9,1.0
56.99,1.0
57.05,1.0
57.11,1.0
57.22,1.0
57.23,1.0
57.27,1.0
57.29,1.0
57.33,1.0
57.37,1.0
57.38,2.0
57.4,1.0
57.41,1.0
57.43,1.0
57.48,1.0
57.49,1.0
57.53,1.0
57.55,1.0
57.58,1.0
57.62,1.0
57.64,1.0
57.68,1.0
57.7,1.0
57.72,1.0
57.73,2.0
57.79,1.0
57.81,1.0
57.91,1.0
57.96,1.0
58.03,1.0
58.05,1.0
58.08,1.0
58.11,1.0
58.17,1.0
58.19,1.0
58.2,1.0
58.24,1.0
58.25,1.0
58.33,2.0
58.41,1.0
58.46,1.0
58.5,1.0
58.53,1.0
58.55,2.0
58.56,1.0
58.57,1.0
58.59,1.0
58.61,1.0
58.64,1.0
58.71,1.0
58.77,1.0
58.82,1.0
58.83,1.0
58.85,1.0
58.91,2.0
58.94,1.0
59.01,1.0
59.05,1.0
59.06,1.0
59.13,1.0
59.15,1.0
59.19,1.0
59.2,1.0
59.25,2.0
59.27,2.0
59.32,1.0
59.36,1.0
59.38,2.0
59.39,1.0
59.41,1.0
59.44,1.0
59.55,2.0
59.6,1.0
59.61,1.0
59.63,1.0
59.65,1.0
59.69,1.0
59.72,1.0
59.76,1.0
59.78,1.0
59.8,1.0
59.83,1.0
59.88,1.0
59.94,2.0
59.95,1.0
59.96,1.0
59.98,1.0
59.99,1.0
60.0,1.0
60.02,1.0
60.05,1.0
60.07,1.0
60.09,1.0
60.1,1.0
60.11,2.0
60.14,2.0
60.18,1.0
60.2,1.0
60.21,1.0
60.26,2.0
60.28,2.0
60.29,2.0
60.32,1.0
60.37,1.0
60.4,1.0
60.41,1.0
60.42,2.0
60.43,1.0
60.44,1.0
60.46,3.0
60.47,3.0
60.49,1.0
60.5,2.0
60.52,2.0
60.57,2.0
60.65,1.0
60.66,1.0
60.67,4.0
60.71,1.0
60.73,2.0
60.74,2.0
60.75,1.0
60.76,1.0
60.77,1.0
60.79,1.0
60.83,2.0
60.84,1.0
60.86,1.0
60.88,1.0
60.89,2.0
60.92,1.0
60.93,2.0
60.94,1.0
60.95,2.0
60.97,2.0
60.98,1.0
61.02,3.0
61.03,1.0
61.04,2.0
61.06,1.0
61.09,2.0
61.12,1.0
61.13,1.0
61.15,3.0
61.16,2.0
61.17,1.0
61.19,1.0
61.22,1.0
61.23,3.0
61.25,1.0
61.26,1.0
61.27,2.0
61.3,2.0
61.31,1.0
61.32,1.0
61.33,1.0
61.36,1.0
61.37,1.0
61.4,1.0
61.46,1.0
61.47,3.0
61.48,1.0
61.49,1.0
61.5,1.0
61.51,1.0
61.53,2.0
61.54,1.0
61.55,1.0
61.56,1.0
61.59,3.0
61.6,1.0
61.61,1.0
61.64,1.0
61.66,1.0
61.68,2.0
61.69,1.0
61.7,1.0
61.71,1.0
61.72,1.0
61.74,1.0
61.76,1.0
61.77,2.0
61.78,1.0
61.79,1.0
61.8,1.0
61.82,1.0
61.85,1.0
61.88,2.0
61.91,2.0
61.93,1.0
61.94,2.0
61.95,1.0
61.97,1.0
61.98,1.0
62.0,2.0
62.02,1.0
62.03,2.0
62.04,1.0
62.05,1.0
62.06,1.0
62.07,1.0
62.08,1.0
62.1,2.0
62.14,1.0
62.15,1.0
62.19,2.0
62.2,2.0
62.22,1.0
62.23,1.0
62.24,1.0
62.25,1.0
62.28,1.0
62.29,1.0
62.3,1.0
62.31,2.0
62.32,2.0
62.34,2.0
62.37,1.0
62.38,2.0
62.4,1.0
62.41,1.0
62.42,1.0
62.43,1.0
62.44,2.0
62.45,3.0
62.46,1.0
62.47,3.0
62.48,1.0
62.5,1.0
62.51,2.0
62.52,1.0
62.54,1.0
62.57,2.0
62.59,1.0
62.6,1.0
62.63,1.0
62.64,3.0
62.65,2.0
62.66,1.0
62.67,2.0
62.7,1.0
62.71,1.0
62.73,2.0
62.77,1.0
62.78,2.0
62.79,1.0
62.8,1.0
62.81,1.0
62.82,1.0
62.83,2.0
62.84,1.0
62.85,2.0
62.86,2.0
62.88,2.0
62.89,3.0
62.93,1.0
62.94,1.0
62.95,1.0
62.96,1.0
62.97,4.0
62.99,1.0
63.03,1.0
63.04,1.0
63.05,2.0
63.06,1.0
63.07,1.0
63.08,1.0
63.09,4.0
63.1,2.0
63.13,3.0
63.15,2.0
63.16,3.0
63.18,1.0
63.19,1.0
63.2,1.0
63.21,4.0
63.22,1.0
63.23,1.0
63.25,4.0
63.29,2.0
63.3,1.0
63.31,3.0
63.32,6.0
63.33,3.0
63.34,1.0
63.35,2.0
63.37,2.0
63.38,5.0
63.39,1.0
63.4,2.0
63.42,3.0
63.43,1.0
63.44,1.0
63.48,1.0
63.49,1.0
63.5,2.0
63.51,1.0
63.54,4.0
63.55,1.0
63.56,2.0
63.57,1.0
63.58,1.0
63.59,3.0
63.61,1.0
63.62,3.0
63.63,1.0
63.64,2.0
63.65,1.0
63.66,3.0
63.67,2.0
63.68,2.0
63.69,2.0
63.7,1.0
63.71,1.0
63.72,2.0
63.73,1.0
63.74,1.0
63.75,1.0
63.76,1.0
63.77,2.0
63.78,1.0
63.79,2.0
63.82,1.0
63.83,1.0
63.86,1.0
63.87,2.0
63.9,2.0
63.91,2.0
63.92,1.0
63.95,1.0
63.96,3.0
63.97,1.0
63.99,1.0
64.0,1.0
64.01,2.0
64.02,2.0
64.04,4.0
64.05,1.0
64.06,3.0
64.07,3.0
64.08,1.0
64.1,1.0
64.11,1.0
64.12,1.0
64.14,3.0
64.15,2.0
64.18,3.0
64.19,1.0
64.21,1.0
64.22,6.0
64.23,1.0
64.24,3.0
64.26,1.0
64.27,4.0
64.28,3.0
64.29,1.0
64.3,1.0
64.32,4.0
64.34,1.0
64.37,1.0
64.38,3.0
64.39,1.0
64.42,2.0
64.43,1.0
64.45,2.0
64.46,4.0
64.47,1.0
64.49,2.0
64.51,2.0
64.52,1.0
64.54,1.0
64.55,1.0
64.56,2.0
64.57,1.0
64.58,5.0
64.59,2.0
64.6,1.0
64.61,2.0
64.62,1.0
64.65,1.0
64.66,1.0
64.67,1.0
64.69,1.0
64.7,2.0
64.71,3.0
64.72,1.0
64.77,1.0
64.78,2.0
64.8,2.0
64.81,2.0
64.82,4.0
64.84,2.0
64.85,3.0
64.88,1.0
64.89,2.0
64.92,1.0
64.93,2.0
64.94,2.0
64.95,4.0
64.97,1.0
64.99,2.0
65.01,1.0
65.03,1.0
65.04,3.0
65.05,1.0
65.06,4.0
65.07,2.0
65.08,2.0
65.09,2.0
65.11,3.0
65.13,1.0
65.14,2.0
65.15,1.0
65.16,3.0
65.17,2.0
65.18,2.0
65.19,3.0
65.2,1.0
65.21,1.0
65.22,2.0
65.23,2.0
65.25,3.0
65.26,2.0
65.27,1.0
65.28,1.0
65.29,2.0
65.3,3.0
65.31,3.0
65.32,3.0
65.33,1.0
65.35,3.0
65.36,1.0
65.37,2.0
65.38,1.0
65.39,1.0
65.4,1.0
65.41,2.0
65.42,3.0
65.43,2.0
65.44,3.0
65.45,1.0
65.46,1.0
65.47,2.0
65.49,1.0
65.51,1.0
65.52,1.0
65.53,2.0
65.54,1.0
65.55,1.0
65.56,1.0
65.57,4.0
65.59,2.0
65.6,1.0
65.63,2.0
65.66,1.0
65.67,2.0
65.68,1.0
65.7,1.0
65.71,1.0
65.72,2.0
65.73,1.0
65.74,2.0
65.75,1.0
65.77,2.0
65.78,2.0
65.79,1.0
65.8,2.0
65.82,2.0
65.83,1.0
65.84,1.0
65.85,1.0
65.87,1.0
65.88,3.0
65.9,2.0
65.91,1.0
65.92,2.0
65.93,2.0
65.94,2.0
65.95,1.0
65.96,5.0
65.97,2.0
65.98,1.0
65.99,3.0
66.0,2.0
66.01,3.0
66.02,2.0
66.03,4.0
66.04,2.0
66.07,3.0
66.08,2.0
66.09,1.0
66.12,2.0
66.14,1.0
66.15,2.0
66.16,6.0
66.17,5.0
66.18,2.0
66.19,1.0
66.2,2.0
66.21,5.0
66.22,2.0
66.23,1.0
66.24,1.0
66.25,3.0
66.26,1.0
66.29,3.0
66.3,3.0
66.31,2.0
66.32,3.0
66.33,1.0
66.35,3.0
66.36,1.0
66.37,3.0
66.38,6.0
66.39,1.0
66.41,2.0
66.44,2.0
66.46,3.0
66.47,2.0
66.48,1.0
66.49,1.0
66.5,3.0
66.51,3.0
66.53,1.0
66.54,3.0
66.55,6.0
66.56,1.0
66.57,1.0
66.6,2.0
66.61,3.0
66.62,2.0
66.63,3.0
66.65,1.0
66.66,2.0
66.67,1.0
66.68,1.0
66.69,2.0
66.7,2.0
66.71,3.0
66.72,1.0
66.73,3.0
66.74,1.0
66.75,4.0
66.76,2.0
66.77,3.0
66.78,2.0
66.8,1.0
66.81,1.0
66.82,1.0
66.83,2.0
66.85,2.0
66.86,1.0
66.87,1.0
66.88,1.0
66.9,1.0
66.91,2.0
66.92,1.0
66.94,2.0
66.96,2.0
66.97,1.0
66.98,2.0
67.0,3.0
67.01,2.0
67.02,2.0
67.03,1.0
67.04,1.0
67.05,2.0
67.07,2.0
67.08,5.0
67.09,5.0
67.1,2.0
67.12,1.0
67.14,1.0
67.15,1.0
67.17,4.0
67.19,3.0
67.2,3.0
67.21,2.0
67.22,4.0
67.23,1.0
67.24,1.0
67.25,1.0
67.26,2.0
67.27,2.0
67.28,2.0
67.29,1.0
67.3,4.0
67.31,1.0
67.32,2.0
67.33,1.0
67.34,1.0
67.35,2.0
67.36,3.0
67.37,1.0
67.38,1.0
67.39,2.0
67.41,4.0
67.44,4.0
67.45,1.0
67.47,2.0
67.49,2.0
67.5,2.0
67.51,4.0
67.53,2.0
67.55,5.0
67.56,1.0
67.57,2.0
67.58,2.0
67.59,4.0
67.6,1.0
67.61,1.0
67.62,1.0
67.65,5.0
67.66,3.0
67.67,5.0
67.68,2.0
67.69,2.0
67.71,2.0
67.72,1.0
67.73,2.0
67.74,2.0
67.75,2.0
67.77,1.0
67.78,2.0
67.79,5.0
67.8,1.0
67.81,3.0
67.84,2.0
67.85,4.0
67.86,1.0
67.87,1.0
67.88,3.0
67.9,3.0
67.91,1.0
67.92,2.0
67.93,2.0
67.94,1.0
67.95,2.0
67.97,2.0
67.98,3.0
67.99,5.0
68.01,2.0
68.02,2.0
68.03,2.0
68.04,2.0
68.05,2.0
68.06,1.0
68.07,1.0
68.08,2.0
68.09,2.0
68.1,2.0
68.11,4.0
68.13,1.0
68.14,3.0
68.16,2.0
68.18,2.0
68.19,2.0
68.2,4.0
68.21,2.0
68.22,1.0
68.23,1.0
68.24,4.0
68.25,4.0
68.27,1.0
68.28,1.0
68.29,5.0
68.3,4.0
68.31,1.0
68.32,4.0
68.33,5.0
68.34,4.0
68.35,2.0
68.36,1.0
68.37,2.0
68.39,4.0
68.4,5.0
68.41,1.0
68.42,2.0
68.43,2.0
68.45,3.0
68.46,1.0
68.47,2.0
68.48,3.0
68.49,1.0
68.5,3.0
68.52,3.0
68.53,2.0
68.54,5.0
68.55,1.0
68.56,2.0
68.57,3.0
68.58,1.0
68.59,1.0
68.6,2.0
68.61,1.0
68.62,1.0
68.63,1.0
68.64,4.0
68.65,3.0
68.66,2.0
68.68,2.0
68.69,2.0
68.71,3.0
68.72,1.0
68.73,6.0
68.74,1.0
68.75,3.0
68.76,1.0
68.77,1.0
68.78,4.0
68.79,3.0
68.8,1.0
68.81,2.0
68.82,3.0
68.83,1.0
68.84,4.0
68.85,2.0
68.86,1.0
68.87,1.0
68.88,2.0
68.89,2.0
68.91,2.0
68.92,6.0
68.93,2.0
68.94,2.0
68.95,2.0
68.96,4.0
68.97,2.0
68.98,6.0
68.99,1.0
69.0,1.0
69.01,3.0
69.02,1.0
69.04,2.0
69.05,3.0
69.06,3.0
69.07,2.0
69.08,1.0
69.09,2.0
69.1,2.0
69.14,2.0
69.15,6.0
69.16,1.0
69.18,1.0
69.19,3.0
69.2,1.0
69.22,2.0
69.23,2.0
69.24,1.0
69.25,1.0
69.26,3.0
69.27,4.0
69.28,1.0
69.29,1.0
69.3,1.0
69.31,4.0
69.32,3.0
69.33,2.0
69.34,3.0
69.35,4.0
69.37,3.0
69.38,1.0
69.39,1.0
69.41,3.0
69.42,1.0
69.43,2.0
69.44,1.0
69.45,2.0
69.46,3.0
69.47,1.0
69.48,1.0
69.49,4.0
69.5,2.0
69.51,3.0
69.52,1.0
69.53,4.0
69.54,2.0
69.55,3.0
69.56,3.0
69.57,2.0
69.58,2.0
69.59,1.0
69.6,2.0
69.62,2.0
69.63,3.0
69.64,3.0
69.65,3.0
69.66,1.0
69.67,3.0
69.69,5.0
69.7,2.0
69.71,1.0
69.72,1.0
69.73,1.0
69.74,4.0
69.75,2.0
69.76,2.0
69.77,4.0
69.78,1.0
69.79,2.0
69.8,1.0
69.81,2.0
69.82,3.0
69.83,4.0
69.84,2.0
69.85,2.0
69.86,4.0
69.87,3.0
69.88,1.0
69.89,5.0
69.9,2.0
69.91,2.0
69.92,1.0
69.94,3.0
69.95,1.0
69.96,1.0
69.97,3.0
69.98,2.0
69.99,2.0
70.0,3.0
70.01,2.0
70.03,1.0
70.04,3.0
70.05,1.0
70.06,1.0
70.07,1.0
70.08,1.0
70.11,2.0
70.12,2.0
70.13,2.0
70.14,1.0
70.16,2.0
70.17,3.0
70.18,1.0
70.19,3.0
70.2,3.0
70.22,3.0
70.23,1.0
70.24,2.0
70.25,1.0
70.27,2.0
70.29,2.0
70.3,3.0
70.31,4.0
70.33,1.0
70.34,3.0
70.35,3.0
70.36,3.0
70.37,2.0
70.38,1.0
70.39,2.0
70.41,1.0
70.42,4.0
70.44,2.0
70.45,1.0
70.46,4.0
70.47,1.0
70.48,3.0
70.49,3.0
70.5,3.0
70.51,2.0
70.52,1.0
70.53,5.0
70.54,1.0
70.55,5.0
70.56,1.0
70.57,1.0
70.58,2.0
70.59,3.0
70.6,4.0
70.61,5.0
70.62,1.0
70.63,4.0
70.64,3.0
70.65,1.0
70.66,1.0
70.67,2.0
70.68,4.0
70.69,1.0
70.71,4.0
70.72,4.0
70.74,2.0
70.75,4.0
70.76,3.0
70.78,6.0
70.79,1.0
70.8,1.0
70.81,1.0
70.82,4.0
70.84,2.0
70.86,2.0
70.87,1.0
70.88,1.0
70.89,1.0
70.9,2.0
70.94,3.0
70.95,2.0
70.97,5.0
70.99,1.0
71.0,3.0
71.02,2.0
71.03,2.0
71.04,2.0
71.05,2.0
71.06,1.0
71.07,1.0
71.08,2.0
71.09,1.0
71.1,3.0
71.11,3.0
71.12,1.0
71.13,1.0
71.14,6.0
71.15,1.0
71.16,4.0
71.17,1.0
71.18,1.0
71.19,2.0
71.2,2.0
71.21,3.0
71.25,3.0
71.26,2.0
71.27,1.0
71.29,1.0
71.3,2.0
71.31,1.0
71.33,5.0
71.34,2.0
71.35,3.0
71.36,2.0
71.37,3.0
71.38,1.0
71.39,2.0
71.4,2.0
71.42,4.0
71.43,2.0
71.44,2.0
71.45,2.0
71.46,3.0
71.47,1.0
71.48,3.0
71.49,4.0
71.5,1.0
71.51,5.0
71.52,2.0
71.53,1.0
71.55,1.0
71.56,2.0
71.58,2.0
71.59,2.0
71.6,2.0
71.61,1.0
71.62,1.0
71.63,2.0
71.64,2.0
71.66,3.0
71.67,1.0
71.68,2.0
71.7,2.0
71.71,5.0
71.72,1.0
71.73,1.0
71.74,2.0
71.76,1.0
71.77,1.0
71.78,2.0
71.79,1.0
71.8,1.0
71.81,1.0
71.82,3.0
71.83,3.0
71.84,1.0
71.85,4.0
71.87,2.0
71.88,3.0
71.89,3.0
71.9,5.0
71.91,2.0
71.92,3.0
71.93,1.0
71.94,1.0
71.98,1.0
71.99,1.0
72.0,1.0
72.03,2.0
72.04,2.0
72.05,2.0
72.06,5.0
72.07,1.0
72.08,1.0
72.09,3.0
72.1,1.0
72.11,2.0
72.12,1.0
72.13,2.0
72.14,1.0
72.15,2.0
72.16,1.0
72.17,1.0
72.18,2.0
72.19,2.0
72.2,1.0
72.21,2.0
72.22,1.0
72.23,1.0
72.24,2.0
72.25,1.0
72.26,1.0
72.28,1.0
72.29,1.0
72.3,2.0
72.32,1.0
72.33,1.0
72.36,1.0
72.37,1.0
72.39,3.0
72.41,1.0
72.45,2.0
72.47,3.0
72.49,2.0
72.5,1.0
72.51,1.0
72.56,1.0
72.57,2.0
72.58,2.0
72.59,1.0
72.6,5.0
72.61,3.0
72.62,3.0
72.66,3.0
72.67,1.0
72.69,2.0
72.71,1.0
72.73,1.0
72.74,2.0
72.75,2.0
72.76,1.0
72.77,1.0
72.79,1.0
72.8,1.0
72.82,1.0
72.84,2.0
72.85,1.0
72.87,2.0
72.88,1.0
72.91,1.0
72.92,1.0
72.94,2.0
72.95,4.0
72.98,1.0
73.0,2.0
73.03,2.0
73.05,1.0
73.06,1.0
73.08,1.0
73.1,1.0
73.11,3.0
73.12,3.0
73.14,1.0
73.15,1.0
73.16,2.0
73.17,1.0
73.18,1.0
73.19,3.0
73.21,1.0
73.22,1.0
73.23,4.0
73.26,1.0
73.27,1.0
73.28,1.0
73.29,2.0
73.3,2.0
73.31,1.0
73.32,1.0
73.33,1.0
73.35,1.0
73.36,1.0
73.38,3.0
73.4,2.0
73.42,1.0
73.43,1.0
73.44,1.0
73.45,1.0
73.46,1.0
73.47,1.0
73.48,1.0
73.49,9.0
73.5,1.0
73.52,1.0
73.53,2.0
73.54,1.0
73.55,1.0
73.56,1.0
73.57,1.0
73.58,1.0
73.59,1.0
73.63,2.0
73.64,1.0
73.66,2.0
73.67,1.0
73.68,2.0
73.71,1.0
73.73,1.0
73.76,1.0
73.77,2.0
73.78,1.0
73.79,1.0
73.8,1.0
73.82,1.0
73.84,1.0
73.86,2.0
73.87,2.0
73.89,3.0
73.9,1.0
73.91,2.0
73.94,1.0
73.95,1.0
73.96,3.0
73.97,4.0
73.98,2.0
74.0,1.0
74.03,1.0
74.04,1.0
74.05,2.0
74.06,2.0
74.07,1.0
74.08,1.0
74.09,2.0
74.11,3.0
74.12,1.0
74.14,1.0
74.15,1.0
74.19,1.0
74.21,1.0
74.22,2.0
74.23,1.0
74.25,1.0
74.27,1.0
74.28,1.0
74.3,2.0
74.31,1.0
74.32,2.0
74.35,1.0
74.36,1.0
74.37,1.0
74.38,1.0
74.42,2.0
74.44,1.0
74.45,1.0
74.46,2.0
74.47,2.0
74.48,3.0
74.6,1.0
74.61,1.0
74.62,1.0
74.64,1.0
74.65,1.0
74.69,1.0
74.71,1.0
74.72,1.0
74.73,1.0
74.76,1.0
74.77,1.0
74.78,1.0
74.79,1.0
74.92,1.0
74.95,2.0
74.96,2.0
75.02,1.0
75.06,1.0
75.13,1.0
75.2,1.0
75.22,1.0
75.23,1.0
75.24,1.0
75.25,1.0
75.27,1.0
75.32,1.0
75.44,1.0
75.5,1.0
75.53,1.0
75.59,1.0
75.62,2.0
75.72,1.0
75.73,2.0
75.8,1.0
76.07,1.0
76.1,1.0
76.11,1.0
76.42,1.0
76.58,1.0
76.63,1.0
76.69,1.0

