read_length,occurence
150,7
151,8
152,13
153,9
154,28
155,11
156,4
157,16
158,7
159,9
160,9
161,15
162,29
163,17
164,12
165,8
166,10
167,9
168,8
169,12
170,14
171,17
172,12
173,11
174,13
175,10
176,11
177,11
178,16
179,23
180,13
181,19
182,9
183,9
184,22
185,8
186,8
187,19
188,16
189,4
190,9
191,9
192,11
193,7
194,13
195,23
196,9
197,15
198,22
199,18
200,26
201,25
202,42
203,200
204,35
205,28
206,18
207,16
208,10
209,8
210,6
211,12
212,12
213,14
214,14
215,11
216,18
217,25
218,30
219,45
220,31
221,70
222,148
223,42
224,30
225,30
226,16
227,17
228,13
229,9
230,15
231,23
232,20
233,20
234,23
235,33
236,50
237,56
238,93
239,126
240,245
241,96
242,49
243,40
244,27
245,43
246,51
247,90
248,73
249,78
250,207
251,76
252,52
253,25
254,45
255,37
256,81
257,99
258,288
259,170
260,285
261,613
262,150
263,60
264,47
265,40
266,63
267,89
268,51
269,63
270,143
271,39
272,27
273,8
274,16
275,15
276,15
277,10
278,17
279,17
280,10
281,7
282,11
283,9
284,14
285,17
286,10
287,7
288,9
289,13
290,14
291,17
292,16
293,16
294,16
295,14
296,12
297,14
298,19
299,9
300,10
301,19
302,50
303,21
304,19
305,24
306,23
307,13
308,7
309,11
310,18
311,20
312,10
313,8
314,26
315,17
316,7
317,11
318,15
319,11
320,13
321,17
322,14
323,15
324,22
325,14
326,18
327,8
328,18
329,5
330,10
331,6
332,8
333,7
334,10
335,14
336,14
337,6
338,12
339,11
340,13
341,10
342,9
343,8
344,10
345,4
346,8
347,8
348,5
349,12
350,4
351,17
352,12
353,8
354,16
355,7
356,11
357,7
358,7
359,13
360,12
361,12
362,4
363,6
364,16
365,10
366,13
367,9
368,15
369,17
370,12
371,20
372,14
373,22
374,32
375,33
376,40
377,79
378,123
379,67
380,54
381,58
382,101
383,64
384,22
385,17
386,19
387,8
388,19
389,24
390,18
391,15
392,25
393,29
394,43
395,47
396,53
397,90
398,148
399,73
400,62
401,63
402,118
403,89
404,68
405,42
406,32
407,29
408,28
409,19
410,14
411,14
412,9
413,20
414,21
415,14
416,21
417,16
418,10
419,18
420,23
421,19
422,40
423,70
424,23
425,24
426,14
427,10
428,8
429,9
430,7
431,8
432,4
433,5
434,6
435,14
436,4
437,11
438,7
439,10
440,16
441,11
442,15
443,12
444,12
445,6
446,6
447,4
448,4
449,1
450,5
451,5
452,8
453,2
454,3
455,6
456,5
457,4
458,2
459,5
460,1
461,6
462,7
463,2
464,2
465,7
466,6
467,5
468,3
469,4
470,5
471,9
472,7
473,9
474,9
475,5
476,7
477,5
478,4
479,7
480,4
481,12
482,5
483,6
484,8
485,5
486,6
487,7
488,6
489,11
490,9
491,8
492,5
493,8
494,10
495,11
496,9
497,7
498,11
499,8
500,20
501,22
502,10
503,12
504,6
505,7
506,6
507,5
508,7
509,5
510,6
511,2
512,8
513,7
514,6
515,7
516,9
517,12
518,5
519,4
520,11
521,9
522,13
523,12
524,10
525,17
526,12
527,6
528,5
529,5
530,7
531,4
532,6
533,3
534,5
535,5
536,5
537,10
538,4
539,3
540,7
541,7
542,6
543,7
544,15
545,12
546,14
547,19
548,13
549,11
550,9
551,8
552,8
553,5
554,2
555,6
556,5
557,8
558,4
559,6
560,8
561,6
562,5
563,5
564,5
565,5
566,3
567,8
568,7
569,4
570,3
571,6
572,4
573,12
574,3
575,4
576,2
577,8
578,7
579,7
580,10
581,5
582,3
583,4
584,10
585,3
586,5
587,3
588,2
589,3
590,4
591,5
592,5
593,4
594,4
595,4
596,5
597,7
598,3
599,1
600,3
601,6
602,2
603,6
604,9
605,7
606,7
607,6
608,7
609,7
610,7
611,8
612,20
613,9
614,4
615,3
616,12
617,7
618,9
619,9
620,3
621,5
622,3
623,3
625,1
626,3
627,4
628,4
629,2
630,5
631,8
632,2
633,4
634,2
635,10
636,3
637,4
638,6
639,7
640,3
641,3
642,3
643,5
644,5
645,6
646,7
647,3
648,8
649,8
650,1
651,4
652,4
653,6
654,2
655,5
656,3
657,3
658,6
659,4
660,3
661,3
662,4
663,1
664,2
665,5
666,8
667,3
668,3
669,5
670,4
671,1
672,5
673,3
674,2
675,4
676,2
677,2
678,3
679,7
680,4
681,5
682,2
683,1
684,5
685,2
686,5
687,3
688,4
689,2
690,6
691,2
692,6
693,4
694,10
695,8
696,6
697,4
698,3
699,3
700,3
701,4
702,9
703,5
704,4
705,5
706,2
707,4
708,2
709,3
710,4
711,6
712,1
713,5
714,4
715,1
716,4
717,3
718,6
719,2
720,3
721,1
722,2
723,6
724,1
725,7
726,3
727,5
728,2
729,1
730,3
731,3
732,1
733,3
734,3
735,5
736,4
737,2
738,7
739,2
740,2
741,1
742,2
743,5
744,2
745,4
746,1
747,1
748,1
749,4
750,3
751,2
752,2
753,4
754,5
755,3
756,3
757,4
758,2
759,2
760,5
761,6
762,1
763,4
764,5
765,9
766,7
767,3
768,3
769,2
770,5
771,4
772,5
773,5
774,4
775,4
776,6
777,5
778,8
779,4
780,4
781,5
782,3
783,2
785,4
786,1
788,3
789,3
790,6
791,2
792,2
793,1
794,3
795,4
796,1
797,3
798,5
799,4
802,3
803,3
804,4
805,1
806,2
807,2
808,6
809,2
812,5
813,6
814,5
815,2
816,1
817,1
818,3
819,2
820,4
821,3
822,3
823,3
824,3
825,4
826,2
827,5
828,2
829,2
830,2
831,3
832,1
833,2
834,1
835,2
836,2
837,4
838,3
839,7
840,3
841,4
842,4
843,3
844,4
845,3
846,3
847,2
848,1
849,2
850,5
851,2
852,4
853,3
854,7
855,3
856,3
857,2
858,1
859,3
860,3
861,1
863,1
864,2
865,3
866,2
867,2
868,3
869,2
870,4
872,3
874,1
875,3
876,6
877,1
878,2
879,2
880,3
881,3
882,1
883,4
884,2
885,2
886,2
888,3
889,2
890,3
891,1
892,4
893,2
894,3
895,2
896,1
897,7
899,1
900,7
901,3
902,2
903,2
904,4
905,2
906,2
907,2
908,2
909,1
910,4
911,4
912,3
914,1
915,2
916,1
917,3
919,1
920,2
921,4
923,4
925,4
927,2
928,3
929,4
930,1
931,2
932,1
933,3
934,1
935,2
937,2
938,3
939,2
940,3
941,3
942,2
943,4
944,4
945,1
946,2
947,6
948,3
949,4
950,1
951,4
952,2
953,4
954,4
955,5
956,2
957,5
958,4
959,3
960,3
961,8
962,3
963,3
964,3
965,1
966,3
968,1
969,3
970,2
971,1
973,1
974,2
975,3
976,1
977,4
978,3
979,2
980,1
981,1
982,2
984,3
985,1
986,3
987,2
988,2
989,3
990,1
991,3
992,4
993,1
994,4
995,5
996,3
997,4
998,1
999,2
1000,3
1001,3
1003,1
1004,1
1005,1
1007,1
1009,3
1010,2
1011,2
1012,1
1013,1
1014,1
1015,1
1016,1
1017,1
1018,1
1019,1
1021,1
1022,1
1023,2
1024,4
1025,4
1029,3
1031,3
1034,2
1035,4
1036,1
1037,4
1038,3
1039,4
1040,2
1041,1
1042,2
1043,2
1044,2
1045,2
1046,3
1047,2
1048,1
1049,3
1050,4
1051,1
1052,1
1053,1
1054,3
1055,1
1056,2
1057,2
1058,1
1059,2
1060,3
1063,1
1064,1
1065,2
1066,1
1067,3
1069,1
1070,1
1071,2
1073,1
1074,2
1076,1
1077,4
1078,1
1079,3
1080,1
1081,1
1082,2
1083,2
1084,1
1086,3
1088,2
1089,3
1090,1
1091,1
1094,2
1095,2
1097,1
1098,2
1099,2
1100,2
1102,2
1103,3
1104,3
1105,1
1106,2
1107,1
1109,7
1110,3
1111,4
1112,4
1113,2
1114,8
1115,3
1116,11
1117,7
1118,3
1119,4
1120,3
1122,2
1123,4
1124,2
1125,5
1126,4
1127,1
1128,1
1129,2
1130,2
1132,2
1133,3
1134,1
1135,1
1136,4
1138,2
1139,1
1140,4
1143,2
1144,3
1148,3
1149,1
1151,1
1152,1
1154,4
1157,1
1158,3
1160,1
1161,1
1162,1
1163,1
1164,3
1165,2
1166,1
1167,2
1169,1
1171,1
1173,2
1175,5
1176,2
1177,2
1178,3
1179,2
1180,5
1181,6
1182,4
1183,3
1184,2
1185,4
1188,1
1190,2
1191,3
1192,2
1193,1
1195,1
1197,3
1198,1
1200,1

