GC_content,occurence
13.73,1.0
16.47,1.0
18.26,1.0
18.91,1.0
23.38,1.0
36.11,1.0
36.12,1.0
36.78,1.0
38.1,1.0
38.78,1.0
38.79,1.0
39.62,2.0
40.32,1.0
40.52,1.0
40.88,1.0
41.1,1.0
41.45,1.0
41.47,1.0
41.7,1.0
41.72,1.0
41.83,3.0
41.88,1.0
41.94,1.0
41.98,1.0
42.11,1.0
42.38,3.0
42.41,1.0
42.45,1.0
42.48,8.0
42.69,1.0
42.76,2.0
42.81,1.0
42.95,1.0
43.05,2.0
43.11,1.0
43.14,9.0
43.2,1.0
43.33,3.0
43.42,2.0
43.56,1.0
43.71,1.0
43.75,1.0
43.77,1.0
43.79,2.0
43.86,2.0
43.87,1.0
43.91,1.0
43.96,1.0
44.0,1.0
44.08,1.0
44.1,1.0
44.11,1.0
44.15,1.0
44.16,1.0
44.26,1.0
44.31,1.0
44.35,1.0
44.37,1.0
44.39,1.0
44.44,1.0
44.49,1.0
44.5,1.0
44.51,1.0
44.54,1.0
44.57,1.0
44.59,1.0
44.67,2.0
44.68,1.0
44.69,1.0
44.72,1.0
44.73,1.0
44.74,1.0
44.78,1.0
44.81,2.0
44.91,1.0
44.92,1.0
44.93,1.0
44.95,1.0
44.96,2.0
44.98,1.0
45.03,2.0
45.19,1.0
45.22,1.0
45.25,1.0
45.28,2.0
45.29,1.0
45.37,2.0
45.38,1.0
45.39,1.0
45.4,1.0
45.41,3.0
45.44,1.0
45.45,3.0
45.51,2.0
45.52,1.0
45.69,3.0
45.74,1.0
45.76,2.0
45.78,1.0
45.79,1.0
45.8,1.0
45.81,1.0
45.83,1.0
45.84,1.0
45.89,1.0
45.91,1.0
45.92,1.0
45.93,1.0
45.94,1.0
45.96,4.0
45.99,2.0
46.0,2.0
46.03,2.0
46.04,1.0
46.05,1.0
46.06,1.0
46.1,2.0
46.12,1.0
46.13,2.0
46.19,3.0
46.21,1.0
46.22,3.0
46.23,1.0
46.26,3.0
46.28,1.0
46.31,1.0
46.34,2.0
46.35,3.0
46.38,1.0
46.41,2.0
46.42,1.0
46.44,1.0
46.47,1.0
46.49,2.0
46.5,4.0
46.53,2.0
46.55,1.0
46.56,1.0
46.58,2.0
46.61,1.0
46.62,1.0
46.69,1.0
46.71,1.0
46.77,1.0
46.78,1.0
46.79,1.0
46.8,1.0
46.84,2.0
46.85,1.0
46.89,3.0
46.9,1.0
46.93,2.0
46.95,1.0
47.02,2.0
47.04,1.0
47.06,1.0
47.1,2.0
47.13,1.0
47.15,2.0
47.18,1.0
47.19,2.0
47.22,1.0
47.23,1.0
47.24,1.0
47.25,1.0
47.28,2.0
47.31,1.0
47.34,1.0
47.37,2.0
47.39,1.0
47.4,1.0
47.48,1.0
47.49,1.0
47.51,1.0
47.52,1.0
47.54,1.0
47.59,1.0
47.6,3.0
47.64,2.0
47.65,2.0
47.67,1.0
47.69,1.0
47.73,3.0
47.76,2.0
47.77,2.0
47.8,1.0
47.84,2.0
47.87,1.0
47.9,1.0
47.93,1.0
47.94,1.0
47.95,4.0
47.97,2.0
48.0,8.0
48.01,4.0
48.03,4.0
48.04,1.0
48.07,2.0
48.09,2.0
48.1,1.0
48.11,4.0
48.13,1.0
48.15,2.0
48.16,1.0
48.18,2.0
48.19,4.0
48.2,5.0
48.21,2.0
48.22,1.0
48.26,1.0
48.28,2.0
48.29,1.0
48.33,3.0
48.34,3.0
48.35,5.0
48.36,5.0
48.38,11.0
48.39,2.0
48.41,1.0
48.42,2.0
48.43,2.0
48.44,2.0
48.45,1.0
48.48,2.0
48.52,2.0
48.53,1.0
48.54,3.0
48.55,13.0
48.56,10.0
48.57,6.0
48.58,1.0
48.59,2.0
48.6,2.0
48.61,2.0
48.64,1.0
48.66,1.0
48.67,2.0
48.68,2.0
48.69,1.0
48.7,4.0
48.71,1.0
48.72,2.0
48.73,8.0
48.74,52.0
48.75,2.0
48.77,1.0
48.78,2.0
48.81,1.0
48.82,2.0
48.84,3.0
48.85,1.0
48.87,1.0
48.88,1.0
48.89,3.0
48.9,4.0
48.91,22.0
48.92,10.0
48.93,5.0
48.94,2.0
48.97,2.0
48.99,1.0
49.0,1.0
49.01,1.0
49.02,4.0
49.03,1.0
49.05,1.0
49.07,1.0
49.08,4.0
49.09,16.0
49.1,93.0
49.11,2.0
49.12,2.0
49.13,1.0
49.15,1.0
49.17,2.0
49.18,2.0
49.19,1.0
49.2,1.0
49.21,1.0
49.22,1.0
49.23,1.0
49.25,2.0
49.26,5.0
49.27,7.0
49.28,49.0
49.29,6.0
49.3,1.0
49.32,4.0
49.33,1.0
49.34,5.0
49.35,2.0
49.36,2.0
49.37,2.0
49.4,2.0
49.41,1.0
49.45,23.0
49.46,123.0
49.47,2.0
49.49,2.0
49.5,5.0
49.53,1.0
49.54,1.0
49.57,1.0
49.58,2.0
49.61,2.0
49.62,2.0
49.63,4.0
49.64,63.0
49.65,2.0
49.66,1.0
49.67,3.0
49.68,1.0
49.69,2.0
49.7,4.0
49.71,3.0
49.72,2.0
49.73,1.0
49.75,1.0
49.78,2.0
49.8,4.0
49.81,4.0
49.82,57.0
49.83,4.0
49.84,5.0
49.85,2.0
49.86,1.0
49.87,1.0
49.88,1.0
49.92,1.0
49.93,1.0
49.96,1.0
50.0,67.0
50.1,1.0
50.11,2.0
50.12,1.0
50.13,3.0
50.14,4.0
50.15,1.0
50.16,1.0
50.17,5.0
50.18,31.0
50.19,3.0
50.2,4.0
50.21,1.0
50.22,3.0
50.25,3.0
50.28,3.0
50.29,3.0
50.31,4.0
50.32,2.0
50.33,4.0
50.34,1.0
50.35,1.0
50.36,15.0
50.37,4.0
50.38,3.0
50.4,2.0
50.41,1.0
50.42,1.0
50.43,1.0
50.44,2.0
50.45,1.0
50.46,2.0
50.47,2.0
50.51,1.0
50.52,1.0
50.53,1.0
50.54,4.0
50.55,4.0
50.56,2.0
50.57,1.0
50.59,1.0
50.6,3.0
50.62,5.0
50.63,1.0
50.65,2.0
50.66,1.0
50.67,2.0
50.68,1.0
50.7,1.0
50.71,1.0
50.72,1.0
50.73,3.0
50.74,3.0
50.76,2.0
50.77,2.0
50.78,1.0
50.79,1.0
50.8,2.0
50.81,2.0
50.82,4.0
50.83,1.0
50.84,1.0
50.86,2.0
50.88,9.0
50.89,3.0
50.9,1.0
50.91,1.0
50.92,1.0
50.93,2.0
50.94,2.0
50.95,2.0
50.96,2.0
50.97,2.0
50.99,1.0
51.0,1.0
51.01,2.0
51.04,1.0
51.05,3.0
51.06,1.0
51.09,5.0
51.1,3.0
51.11,4.0
51.14,1.0
51.16,3.0
51.17,1.0
51.19,1.0
51.2,3.0
51.21,1.0
51.22,1.0
51.23,1.0
51.24,2.0
51.25,3.0
51.26,1.0
51.28,2.0
51.29,2.0
51.3,1.0
51.31,1.0
51.32,3.0
51.33,3.0
51.34,2.0
51.35,3.0
51.36,5.0
51.37,1.0
51.38,1.0
51.4,1.0
51.42,1.0
51.43,1.0
51.45,4.0
51.47,1.0
51.48,2.0
51.5,2.0
51.52,1.0
51.53,1.0
51.54,1.0
51.55,4.0
51.56,2.0
51.58,1.0
51.59,1.0
51.61,10.0
51.62,1.0
51.63,1.0
51.66,5.0
51.67,1.0
51.68,1.0
51.7,1.0
51.71,1.0
51.72,2.0
51.74,1.0
51.75,3.0
51.76,2.0
51.78,1.0
51.79,4.0
51.8,1.0
51.81,4.0
51.82,3.0
51.85,1.0
51.86,2.0
51.87,4.0
51.89,2.0
51.9,3.0
51.91,3.0
51.92,1.0
51.93,2.0
51.94,1.0
51.95,2.0
51.98,1.0
51.99,1.0
52.0,3.0
52.02,3.0
52.03,1.0
52.04,2.0
52.05,1.0
52.07,2.0
52.08,2.0
52.09,2.0
52.1,2.0
52.11,1.0
52.12,1.0
52.13,3.0
52.14,1.0
52.15,25.0
52.16,1.0
52.17,4.0
52.18,2.0
52.19,3.0
52.2,3.0
52.21,1.0
52.22,3.0
52.23,2.0
52.25,1.0
52.26,3.0
52.27,1.0
52.31,3.0
52.32,3.0
52.33,1.0
52.35,4.0
52.37,1.0
52.38,3.0
52.4,1.0
52.41,4.0
52.42,4.0
52.43,2.0
52.45,4.0
52.46,2.0
52.47,4.0
52.49,1.0
52.5,1.0
52.51,3.0
52.52,3.0
52.53,2.0
52.55,1.0
52.59,4.0
52.6,1.0
52.61,1.0
52.62,1.0
52.63,1.0
52.64,1.0
52.65,1.0
52.66,2.0
52.67,1.0
52.68,1.0
52.69,5.0
52.7,4.0
52.71,1.0
52.72,4.0
52.73,1.0
52.74,1.0
52.76,3.0
52.77,3.0
52.79,1.0
52.81,3.0
52.82,2.0
52.83,1.0
52.84,3.0
52.85,1.0
52.86,2.0
52.88,2.0
52.89,1.0
52.92,3.0
52.94,5.0
52.96,1.0
52.98,2.0
52.99,2.0
53.0,1.0
53.01,2.0
53.02,2.0
53.03,1.0
53.04,1.0
53.05,2.0
53.06,1.0
53.08,1.0
53.09,2.0
53.1,1.0
53.12,1.0
53.13,2.0
53.14,2.0
53.16,1.0
53.17,2.0
53.19,3.0
53.2,2.0
53.21,2.0
53.22,1.0
53.23,3.0
53.24,1.0
53.25,1.0
53.27,1.0
53.28,2.0
53.29,1.0
53.3,1.0
53.31,1.0
53.33,1.0
53.35,2.0
53.36,1.0
53.37,2.0
53.39,3.0
53.43,2.0
53.44,2.0
53.45,1.0
53.46,1.0
53.47,2.0
53.48,1.0
53.49,1.0
53.5,1.0
53.54,1.0
53.56,1.0
53.59,1.0
53.6,1.0
53.63,2.0
53.64,3.0
53.66,1.0
53.7,1.0
53.72,3.0
53.73,2.0
53.74,1.0
53.75,1.0
53.79,1.0
53.81,1.0
53.82,1.0
53.83,2.0
53.84,1.0
53.85,1.0
53.87,4.0
53.89,1.0
53.9,1.0
53.94,2.0
53.95,1.0
53.99,1.0
54.02,3.0
54.03,1.0
54.04,1.0
54.05,1.0
54.06,1.0
54.08,1.0
54.1,1.0
54.11,1.0
54.13,1.0
54.14,2.0
54.16,1.0
54.17,2.0
54.19,1.0
54.22,1.0
54.23,2.0
54.27,2.0
54.29,1.0
54.3,1.0
54.32,2.0
54.37,2.0
54.39,2.0
54.43,2.0
54.44,1.0
54.45,1.0
54.46,6.0
54.49,3.0
54.5,2.0
54.52,1.0
54.53,1.0
54.55,1.0
54.59,2.0
54.6,1.0
54.61,3.0
54.64,1.0
54.65,1.0
54.66,1.0
54.67,3.0
54.69,1.0
54.71,2.0
54.72,1.0
54.75,1.0
54.76,1.0
54.77,1.0
54.78,3.0
54.8,2.0
54.82,1.0
54.84,1.0
54.87,1.0
54.9,1.0
54.91,1.0
54.93,1.0
54.94,1.0
54.95,1.0
54.96,1.0
54.97,1.0
54.98,1.0
54.99,1.0
55.0,1.0
55.01,1.0
55.02,1.0
55.03,2.0
55.05,1.0
55.06,1.0
55.07,4.0
55.1,1.0
55.11,2.0
55.13,1.0
55.17,2.0
55.19,1.0
55.21,2.0
55.22,1.0
55.23,2.0
55.25,1.0
55.26,3.0
55.3,1.0
55.31,1.0
55.33,2.0
55.35,1.0
55.37,1.0
55.38,1.0
55.39,1.0
55.42,1.0
55.44,3.0
55.46,2.0
55.5,1.0
55.58,1.0
55.61,2.0
55.62,1.0
55.63,1.0
55.7,1.0
55.75,1.0
55.77,2.0
55.81,2.0
55.85,1.0
55.86,1.0
55.9,1.0
55.91,1.0
55.92,2.0
55.93,2.0
55.97,1.0
56.0,1.0
56.01,1.0
56.02,2.0
56.03,1.0
56.05,1.0
56.08,1.0
56.1,1.0
56.11,1.0
56.13,1.0
56.14,2.0
56.15,1.0
56.21,1.0
56.25,1.0
56.26,1.0
56.27,1.0
56.28,1.0
56.3,3.0
56.33,1.0
56.37,1.0
56.38,1.0
56.39,3.0
56.42,1.0
56.43,1.0
56.44,2.0
56.45,1.0
56.46,1.0
56.47,1.0
56.48,1.0
56.49,3.0
56.51,1.0
56.52,3.0
56.57,1.0
56.58,3.0
56.6,2.0
56.61,1.0
56.67,2.0
56.7,1.0
56.71,1.0
56.72,1.0
56.73,1.0
56.75,1.0
56.77,1.0
56.78,1.0
56.79,1.0
56.81,2.0
56.82,1.0
56.83,1.0
56.85,1.0
56.87,2.0
56.88,1.0
56.97,1.0
56.98,1.0
56.99,2.0
57.02,1.0
57.03,1.0
57.04,1.0
57.05,1.0
57.06,2.0
57.1,1.0
57.17,1.0
57.18,1.0
57.19,2.0
57.21,2.0
57.22,2.0
57.26,1.0
57.27,1.0
57.3,1.0
57.31,2.0
57.34,1.0
57.35,1.0
57.36,1.0
57.37,1.0
57.38,1.0
57.4,1.0
57.42,1.0
57.46,1.0
57.49,1.0
57.58,1.0
57.59,1.0
57.61,1.0
57.62,1.0
57.66,2.0
57.69,1.0
57.75,1.0
57.79,2.0
57.84,2.0
57.88,2.0
57.89,1.0
57.95,1.0
57.97,1.0
57.98,2.0
58.0,1.0
58.01,2.0
58.04,1.0
58.06,1.0
58.08,1.0
58.09,1.0
58.12,1.0
58.13,2.0
58.14,1.0
58.16,1.0
58.21,1.0
58.27,1.0
58.3,1.0
58.31,1.0
58.33,1.0
58.36,1.0
58.43,1.0
58.45,1.0
58.5,1.0
58.54,1.0
58.58,2.0
58.6,2.0
58.64,1.0
58.67,1.0
58.74,1.0
58.78,1.0
58.82,4.0
59.04,2.0
59.05,2.0
59.07,1.0
59.12,1.0
59.14,1.0
59.15,1.0
59.17,1.0
59.19,1.0
59.2,1.0
59.21,1.0
59.24,1.0
59.26,1.0
59.3,1.0
59.31,1.0
59.32,1.0
59.39,1.0
59.52,1.0
59.54,1.0
59.57,2.0
59.6,1.0
59.61,2.0
59.62,1.0
59.65,1.0
59.68,1.0
59.7,1.0
59.76,2.0
59.79,2.0
59.8,1.0
59.84,1.0
59.9,1.0
59.91,1.0
60.0,2.0
60.07,2.0
60.09,1.0
60.1,1.0
60.16,1.0
60.21,1.0
60.26,1.0
60.28,1.0
60.29,1.0
60.36,1.0
60.39,1.0
60.45,1.0
60.48,1.0
60.49,1.0
60.5,1.0
60.52,1.0
60.53,1.0
60.55,2.0
60.57,2.0
60.58,1.0
60.59,1.0
60.62,2.0
60.66,1.0
60.74,2.0
60.75,1.0
60.77,1.0
60.78,1.0
60.8,1.0
60.85,1.0
60.9,1.0
60.95,1.0
60.96,4.0
60.98,4.0
61.0,1.0
61.01,1.0
61.08,1.0
61.09,2.0
61.11,1.0
61.14,1.0
61.2,1.0
61.26,1.0
61.29,1.0
61.32,1.0
61.33,1.0
61.34,1.0
61.35,1.0
61.39,1.0
61.45,1.0
61.48,1.0
61.5,1.0
61.54,1.0
61.59,1.0
61.62,1.0
61.63,1.0
61.65,1.0
61.73,1.0
61.74,1.0
61.75,1.0
61.78,1.0
61.79,2.0
61.82,1.0
61.85,1.0
61.89,1.0
61.94,1.0
61.95,1.0
61.97,1.0
61.98,1.0
62.02,1.0
62.05,1.0
62.11,1.0
62.15,1.0
62.27,1.0
62.28,1.0
62.37,1.0
62.44,1.0
62.45,2.0
62.46,1.0
62.5,2.0
62.53,1.0
62.58,1.0
62.6,1.0
62.64,1.0
62.66,1.0
62.75,1.0
62.8,2.0
62.81,1.0
62.83,1.0
62.9,1.0
62.92,1.0
62.93,1.0
62.94,1.0
62.98,2.0
63.01,1.0
63.05,1.0
63.06,1.0
63.08,1.0
63.21,1.0
63.22,2.0
63.23,1.0
63.26,1.0
63.29,1.0
63.33,1.0
63.38,1.0
63.44,2.0
63.47,1.0
63.55,1.0
63.64,1.0
63.67,1.0
63.75,1.0
63.79,1.0
63.87,2.0
63.88,2.0
63.92,1.0
63.96,1.0
64.07,1.0
64.09,1.0
64.17,1.0
64.39,1.0
64.54,1.0
64.56,1.0
64.63,1.0
64.67,2.0
64.73,1.0
64.81,1.0
65.06,1.0
65.21,1.0
65.29,1.0
65.56,1.0
65.77,1.0
66.06,1.0

