GC_content,occurence
29.67,1.0
35.01,1.0
36.45,1.0
36.86,1.0
38.72,1.0
38.82,1.0
39.32,1.0
40.46,1.0
40.82,1.0
41.05,1.0
41.14,1.0
41.23,1.0
41.33,1.0
41.45,2.0
41.48,1.0
41.52,2.0
41.58,2.0
41.65,1.0
41.67,3.0
41.72,1.0
41.79,1.0
41.83,1.0
41.9,3.0
41.94,1.0
42.01,1.0
42.15,1.0
42.21,1.0
42.24,2.0
42.26,1.0
42.29,1.0
42.35,1.0
42.38,1.0
42.41,1.0
42.42,2.0
42.44,1.0
42.45,1.0
42.53,1.0
42.59,1.0
42.6,2.0
42.66,1.0
42.69,1.0
42.72,1.0
42.74,1.0
42.78,2.0
42.86,5.0
42.89,1.0
42.91,1.0
42.94,1.0
42.96,2.0
42.97,2.0
43.04,1.0
43.05,1.0
43.1,2.0
43.12,1.0
43.14,1.0
43.17,2.0
43.19,1.0
43.2,1.0
43.21,1.0
43.3,1.0
43.32,2.0
43.33,3.0
43.35,1.0
43.37,2.0
43.39,2.0
43.4,1.0
43.41,2.0
43.49,2.0
43.5,2.0
43.51,1.0
43.52,3.0
43.53,1.0
43.54,1.0
43.55,1.0
43.56,2.0
43.57,2.0
43.58,1.0
43.6,1.0
43.61,1.0
43.62,1.0
43.63,1.0
43.67,1.0
43.69,2.0
43.7,1.0
43.71,1.0
43.72,1.0
43.75,1.0
43.78,1.0
43.79,1.0
43.8,1.0
43.81,1.0
43.82,3.0
43.83,2.0
43.84,2.0
43.86,2.0
43.87,1.0
43.91,1.0
43.93,1.0
43.94,2.0
43.95,2.0
43.96,1.0
43.97,1.0
43.98,1.0
44.0,1.0
44.02,1.0
44.03,3.0
44.04,2.0
44.06,2.0
44.07,1.0
44.08,2.0
44.09,1.0
44.1,1.0
44.11,2.0
44.13,3.0
44.15,3.0
44.16,1.0
44.18,2.0
44.19,4.0
44.2,1.0
44.22,1.0
44.24,4.0
44.25,2.0
44.26,1.0
44.27,2.0
44.28,1.0
44.29,1.0
44.34,2.0
44.35,2.0
44.36,1.0
44.38,2.0
44.41,3.0
44.42,1.0
44.43,1.0
44.44,4.0
44.47,2.0
44.48,1.0
44.49,1.0
44.5,3.0
44.51,3.0
44.52,1.0
44.53,2.0
44.54,3.0
44.55,2.0
44.56,1.0
44.57,2.0
44.58,2.0
44.6,1.0
44.61,1.0
44.62,1.0
44.63,2.0
44.65,4.0
44.66,5.0
44.67,3.0
44.68,1.0
44.7,4.0
44.71,4.0
44.72,4.0
44.73,2.0
44.75,5.0
44.77,1.0
44.78,5.0
44.79,5.0
44.8,3.0
44.81,2.0
44.82,1.0
44.83,3.0
44.84,2.0
44.85,2.0
44.86,4.0
44.87,4.0
44.88,1.0
44.89,2.0
44.9,1.0
44.91,3.0
44.92,2.0
44.93,1.0
44.95,1.0
44.96,1.0
44.97,1.0
44.98,5.0
44.99,3.0
45.01,2.0
45.03,3.0
45.05,2.0
45.06,1.0
45.07,4.0
45.08,3.0
45.09,2.0
45.11,6.0
45.12,3.0
45.13,2.0
45.14,3.0
45.15,3.0
45.16,2.0
45.17,3.0
45.18,4.0
45.19,4.0
45.2,2.0
45.21,3.0
45.22,1.0
45.23,2.0
45.24,2.0
45.25,2.0
45.26,6.0
45.27,1.0
45.28,4.0
45.29,3.0
45.31,4.0
45.32,3.0
45.33,4.0
45.34,2.0
45.35,3.0
45.36,2.0
45.37,2.0
45.38,3.0
45.39,5.0
45.4,2.0
45.41,5.0
45.42,3.0
45.43,1.0
45.44,3.0
45.45,9.0
45.48,1.0
45.49,5.0
45.5,3.0
45.51,6.0
45.52,6.0
45.53,5.0
45.54,5.0
45.55,1.0
45.56,4.0
45.57,4.0
45.58,3.0
45.59,6.0
45.6,4.0
45.61,2.0
45.62,6.0
45.63,3.0
45.64,5.0
45.65,1.0
45.66,4.0
45.67,1.0
45.68,1.0
45.69,3.0
45.7,3.0
45.71,4.0
45.72,5.0
45.73,6.0
45.74,4.0
45.75,5.0
45.77,2.0
45.78,4.0
45.79,7.0
45.8,8.0
45.81,2.0
45.82,3.0
45.83,5.0
45.84,1.0
45.85,9.0
45.86,4.0
45.87,1.0
45.88,3.0
45.89,4.0
45.9,8.0
45.91,3.0
45.92,8.0
45.93,4.0
45.94,3.0
45.95,3.0
45.96,5.0
45.97,6.0
45.98,6.0
45.99,6.0
46.0,6.0
46.01,3.0
46.02,3.0
46.03,8.0
46.04,3.0
46.05,4.0
46.06,8.0
46.07,4.0
46.08,9.0
46.09,6.0
46.1,6.0
46.11,4.0
46.12,11.0
46.13,3.0
46.14,2.0
46.15,13.0
46.17,7.0
46.18,9.0
46.19,6.0
46.2,5.0
46.21,7.0
46.22,18.0
46.23,5.0
46.24,10.0
46.25,4.0
46.26,5.0
46.27,8.0
46.28,8.0
46.29,4.0
46.3,4.0
46.31,3.0
46.32,3.0
46.33,3.0
46.34,5.0
46.35,9.0
46.36,7.0
46.37,9.0
46.38,6.0
46.39,6.0
46.4,5.0
46.41,11.0
46.42,6.0
46.43,5.0
46.44,3.0
46.45,9.0
46.46,4.0
46.47,5.0
46.48,9.0
46.49,5.0
46.5,7.0
46.51,10.0
46.52,6.0
46.53,5.0
46.54,9.0
46.55,13.0
46.56,13.0
46.57,5.0
46.58,16.0
46.59,8.0
46.6,5.0
46.61,23.0
46.62,9.0
46.63,6.0
46.64,39.0
46.65,7.0
46.67,13.0
46.69,7.0
46.7,4.0
46.71,3.0
46.72,7.0
46.73,7.0
46.74,9.0
46.75,7.0
46.76,6.0
46.77,18.0
46.78,9.0
46.79,7.0
46.8,8.0
46.81,17.0
46.82,4.0
46.83,10.0
46.84,25.0
46.85,8.0
46.86,17.0
46.87,1.0
46.88,6.0
46.89,12.0
46.9,9.0
46.91,4.0
46.92,7.0
46.93,7.0
46.94,5.0
46.95,13.0
46.96,5.0
46.97,7.0
46.98,11.0
46.99,8.0
47.0,8.0
47.01,13.0
47.02,3.0
47.03,71.0
47.04,11.0
47.05,1.0
47.06,59.0
47.07,1.0
47.08,10.0
47.09,8.0
47.1,6.0
47.11,5.0
47.12,3.0
47.13,5.0
47.14,5.0
47.15,23.0
47.16,3.0
47.17,12.0
47.18,9.0
47.19,6.0
47.2,6.0
47.21,13.0
47.22,9.0
47.23,39.0
47.24,11.0
47.25,1.0
47.26,31.0
47.27,9.0
47.28,14.0
47.29,4.0
47.3,12.0
47.31,10.0
47.32,4.0
47.33,13.0
47.34,1.0
47.35,10.0
47.36,3.0
47.37,16.0
47.38,7.0
47.39,13.0
47.4,6.0
47.41,14.0
47.42,7.0
47.43,8.0
47.44,23.0
47.45,5.0
47.46,129.0
47.47,7.0
47.48,36.0
47.49,10.0
47.5,9.0
47.51,6.0
47.52,9.0
47.53,21.0
47.54,7.0
47.55,8.0
47.56,6.0
47.57,8.0
47.58,10.0
47.59,11.0
47.6,12.0
47.61,3.0
47.62,8.0
47.63,3.0
47.64,15.0
47.65,4.0
47.66,24.0
47.67,2.0
47.68,21.0
47.69,9.0
47.7,14.0
47.71,7.0
47.72,7.0
47.73,4.0
47.74,17.0
47.75,3.0
47.76,5.0
47.77,7.0
47.78,3.0
47.79,8.0
47.8,9.0
47.81,5.0
47.82,1.0
47.83,7.0
47.84,11.0
47.85,5.0
47.86,14.0
47.87,3.0
47.88,14.0
47.89,5.0
47.9,15.0
47.91,6.0
47.92,5.0
47.93,7.0
47.94,5.0
47.95,2.0
47.96,7.0
47.97,8.0
47.98,4.0
47.99,4.0
48.0,5.0
48.01,4.0
48.02,2.0
48.03,8.0
48.04,2.0
48.05,5.0
48.06,3.0
48.07,15.0
48.08,10.0
48.09,10.0
48.1,3.0
48.11,4.0
48.12,7.0
48.13,3.0
48.14,2.0
48.15,6.0
48.16,8.0
48.17,6.0
48.18,4.0
48.19,4.0
48.2,5.0
48.21,9.0
48.22,3.0
48.23,3.0
48.24,3.0
48.25,2.0
48.26,7.0
48.27,1.0
48.28,16.0
48.29,5.0
48.3,6.0
48.31,8.0
48.32,2.0
48.33,7.0
48.34,4.0
48.35,5.0
48.36,5.0
48.39,3.0
48.4,8.0
48.41,9.0
48.42,3.0
48.43,12.0
48.44,7.0
48.45,3.0
48.46,6.0
48.47,3.0
48.48,3.0
48.49,1.0
48.5,5.0
48.51,8.0
48.52,5.0
48.53,4.0
48.54,2.0
48.55,2.0
48.56,2.0
48.57,3.0
48.58,3.0
48.59,2.0
48.6,4.0
48.61,2.0
48.62,4.0
48.63,2.0
48.64,4.0
48.65,7.0
48.66,2.0
48.67,4.0
48.68,3.0
48.69,2.0
48.7,3.0
48.71,5.0
48.72,3.0
48.73,3.0
48.74,4.0
48.75,5.0
48.76,3.0
48.77,5.0
48.78,6.0
48.79,5.0
48.8,4.0
48.81,6.0
48.82,4.0
48.83,2.0
48.84,4.0
48.85,4.0
48.86,3.0
48.87,3.0
48.88,8.0
48.89,2.0
48.9,5.0
48.91,6.0
48.92,2.0
48.93,2.0
48.94,3.0
48.95,3.0
48.96,2.0
48.97,1.0
48.98,3.0
48.99,5.0
49.0,2.0
49.01,4.0
49.02,3.0
49.03,3.0
49.04,2.0
49.05,1.0
49.06,2.0
49.07,3.0
49.09,4.0
49.1,3.0
49.11,4.0
49.12,4.0
49.13,3.0
49.14,1.0
49.15,1.0
49.16,2.0
49.17,3.0
49.19,2.0
49.2,3.0
49.21,5.0
49.22,1.0
49.23,1.0
49.25,4.0
49.26,3.0
49.27,3.0
49.28,3.0
49.29,2.0
49.3,5.0
49.31,1.0
49.32,5.0
49.33,3.0
49.34,4.0
49.35,2.0
49.37,3.0
49.38,3.0
49.4,2.0
49.41,1.0
49.42,2.0
49.43,1.0
49.44,4.0
49.45,2.0
49.46,9.0
49.47,3.0
49.48,3.0
49.49,1.0
49.5,2.0
49.51,2.0
49.52,2.0
49.55,4.0
49.56,3.0
49.57,1.0
49.58,4.0
49.59,2.0
49.62,1.0
49.63,2.0
49.64,7.0
49.65,2.0
49.66,2.0
49.67,2.0
49.68,4.0
49.69,4.0
49.71,2.0
49.72,1.0
49.73,2.0
49.75,4.0
49.76,1.0
49.77,2.0
49.78,2.0
49.79,2.0
49.8,1.0
49.81,5.0
49.82,25.0
49.83,3.0
49.84,1.0
49.85,4.0
49.86,1.0
49.87,3.0
49.89,2.0
49.9,4.0
49.92,2.0
49.94,1.0
49.95,1.0
50.0,30.0
50.07,2.0
50.08,2.0
50.09,4.0
50.11,3.0
50.12,1.0
50.13,4.0
50.14,1.0
50.15,3.0
50.17,2.0
50.18,25.0
50.2,3.0
50.21,2.0
50.22,2.0
50.24,2.0
50.25,2.0
50.26,3.0
50.27,2.0
50.28,2.0
50.29,1.0
50.3,1.0
50.31,2.0
50.32,3.0
50.33,4.0
50.35,2.0
50.36,16.0
50.37,3.0
50.38,1.0
50.39,1.0
50.41,3.0
50.42,3.0
50.43,2.0
50.45,3.0
50.46,2.0
50.47,2.0
50.5,2.0
50.51,1.0
50.53,1.0
50.54,15.0
50.55,3.0
50.56,3.0
50.57,5.0
50.58,1.0
50.6,2.0
50.61,4.0
50.64,3.0
50.65,3.0
50.66,6.0
50.68,2.0
50.71,4.0
50.72,5.0
50.73,4.0
50.74,4.0
50.75,1.0
50.76,2.0
50.77,1.0
50.78,1.0
50.79,3.0
50.8,2.0
50.81,2.0
50.82,2.0
50.83,2.0
50.85,2.0
50.86,3.0
50.87,4.0
50.88,5.0
50.89,1.0
50.9,3.0
50.91,4.0
50.92,2.0
50.93,4.0
50.94,5.0
50.95,2.0
50.96,2.0
50.97,3.0
50.99,2.0
51.0,1.0
51.01,1.0
51.02,1.0
51.03,2.0
51.04,3.0
51.05,4.0
51.06,2.0
51.07,1.0
51.08,3.0
51.09,5.0
51.1,4.0
51.11,5.0
51.12,1.0
51.13,2.0
51.14,2.0
51.15,2.0
51.16,3.0
51.17,1.0
51.18,1.0
51.2,1.0
51.21,1.0
51.22,1.0
51.23,3.0
51.24,1.0
51.26,4.0
51.28,1.0
51.29,2.0
51.3,2.0
51.31,1.0
51.32,3.0
51.33,3.0
51.35,3.0
51.37,4.0
51.41,1.0
51.42,1.0
51.43,1.0
51.44,1.0
51.45,2.0
51.46,1.0
51.48,2.0
51.49,1.0
51.5,2.0
51.52,1.0
51.53,2.0
51.54,1.0
51.56,2.0
51.57,2.0
51.58,1.0
51.59,2.0
51.6,2.0
51.63,2.0
51.66,1.0
51.67,4.0
51.68,2.0
51.71,2.0
51.72,2.0
51.74,1.0
51.75,1.0
51.77,2.0
51.78,3.0
51.8,2.0
51.82,2.0
51.84,1.0
51.88,1.0
51.89,3.0
51.91,2.0
51.92,1.0
51.93,2.0
51.96,1.0
51.97,2.0
51.98,2.0
51.99,2.0
52.0,2.0
52.01,2.0
52.02,1.0
52.03,4.0
52.04,1.0
52.08,1.0
52.09,1.0
52.11,2.0
52.12,1.0
52.13,2.0
52.15,3.0
52.16,2.0
52.17,1.0
52.2,1.0
52.21,2.0
52.22,1.0
52.26,2.0
52.27,1.0
52.28,1.0
52.29,2.0
52.3,1.0
52.31,2.0
52.32,2.0
52.33,4.0
52.34,2.0
52.37,1.0
52.38,1.0
52.4,2.0
52.41,1.0
52.42,1.0
52.43,2.0
52.44,3.0
52.46,2.0
52.47,1.0
52.48,1.0
52.51,1.0
52.52,1.0
52.54,1.0
52.55,1.0
52.56,2.0
52.57,3.0
52.58,1.0
52.6,1.0
52.61,1.0
52.62,1.0
52.63,2.0
52.64,1.0
52.65,1.0
52.66,2.0
52.67,1.0
52.68,1.0
52.69,1.0
52.7,1.0
52.71,1.0
52.72,2.0
52.74,3.0
52.75,2.0
52.78,3.0
52.79,2.0
52.81,1.0
52.82,2.0
52.84,1.0
52.89,1.0
52.9,1.0
52.94,2.0
52.96,1.0
52.99,2.0
53.02,2.0
53.05,1.0
53.07,1.0
53.09,1.0
53.1,1.0
53.16,1.0
53.19,1.0
53.21,1.0
53.28,1.0
53.29,2.0
53.31,1.0
53.32,2.0
53.33,2.0
53.35,3.0
53.38,1.0
53.39,2.0
53.41,1.0
53.44,1.0
53.46,1.0
53.47,2.0
53.51,1.0
53.54,2.0
53.57,1.0
53.58,1.0
53.6,1.0
53.61,1.0
53.62,1.0
53.63,2.0
53.64,1.0
53.65,3.0
53.66,1.0
53.68,1.0
53.7,3.0
53.71,1.0
53.72,1.0
53.73,1.0
53.74,1.0
53.75,2.0
53.79,1.0
53.8,2.0
53.81,2.0
53.85,2.0
53.87,1.0
53.88,2.0
53.92,2.0
53.95,1.0
53.99,2.0
54.01,3.0
54.02,1.0
54.03,1.0
54.04,1.0
54.07,1.0
54.08,1.0
54.1,1.0
54.12,3.0
54.15,1.0
54.17,1.0
54.18,1.0
54.21,1.0
54.22,1.0
54.25,1.0
54.26,1.0
54.27,1.0
54.28,2.0
54.3,1.0
54.32,1.0
54.35,2.0
54.37,1.0
54.39,1.0
54.41,1.0
54.43,1.0
54.44,1.0
54.46,1.0
54.49,2.0
54.51,2.0
54.52,1.0
54.57,1.0
54.59,1.0
54.74,1.0
54.75,1.0
54.76,1.0
54.82,1.0
54.84,1.0
54.85,2.0
54.86,1.0
54.87,1.0
54.9,1.0
54.91,1.0
54.93,1.0
54.94,2.0
55.0,1.0
55.08,1.0
55.11,2.0
55.12,1.0
55.13,1.0
55.16,2.0
55.17,2.0
55.24,1.0
55.26,2.0
55.31,1.0
55.38,2.0
55.41,2.0
55.44,1.0
55.45,1.0
55.48,2.0
55.49,1.0
55.53,2.0
55.54,1.0
55.56,1.0
55.62,1.0
55.63,1.0
55.72,1.0
55.77,1.0
55.92,1.0
55.98,1.0
56.0,1.0
56.02,2.0
56.05,1.0
56.22,1.0
56.23,1.0
56.31,1.0
56.33,2.0
56.38,1.0
56.4,2.0
56.47,1.0
56.57,1.0
56.64,1.0
56.69,1.0
56.74,1.0
56.89,2.0
56.92,1.0
57.08,1.0
57.32,1.0
57.4,1.0
57.57,1.0
57.69,1.0
57.78,1.0
58.02,1.0
58.51,1.0
58.69,1.0
59.07,1.0
59.2,1.0
59.31,1.0
59.42,1.0
59.43,1.0
60.51,1.0
63.25,1.0

