GC_content,mapped,occurence
0.0,1.0,1.0
14.29,0.0,1.0
23.5,0.0,1.0
24.5,0.0,1.0
24.62,0.0,1.0
26.08,0.0,1.0
26.19,0.0,1.0
26.29,0.0,1.0
26.36,0.0,1.0
26.65,0.0,1.0
27.3,0.0,1.0
27.31,0.0,1.0
27.6,0.0,1.0
27.63,0.0,1.0
27.66,0.0,1.0
27.67,0.0,1.0
27.69,0.0,1.0
27.72,0.0,1.0
27.73,0.0,1.0
27.76,0.0,2.0
27.8,0.0,1.0
27.81,0.0,1.0
27.83,0.0,1.0
27.84,0.0,1.0
27.85,0.0,1.0
27.88,0.0,1.0
27.94,0.0,1.0
27.96,0.0,2.0
28.0,0.0,1.0
28.02,0.0,2.0
28.09,0.0,1.0
28.27,0.0,1.0
28.4,0.0,1.0
28.64,0.0,2.0
28.73,0.0,1.0
28.78,0.0,1.0
28.81,0.0,1.0
28.83,0.0,1.0
29.01,0.0,1.0
29.13,0.0,1.0
29.25,0.0,1.0
29.32,0.0,1.0
29.34,0.0,1.0
29.37,0.0,1.0
29.4,0.0,1.0
29.43,0.0,1.0
29.47,0.0,2.0
29.54,0.0,1.0
29.61,0.0,3.0
29.62,0.0,1.0
29.63,0.0,2.0
29.68,0.0,1.0
29.69,0.0,1.0
29.73,0.0,1.0
29.77,0.0,1.0
29.83,0.0,1.0
29.84,0.0,1.0
29.96,0.0,1.0
30.05,0.0,1.0
30.08,0.0,1.0
30.1,0.0,1.0
30.12,0.0,1.0
30.13,0.0,1.0
30.16,0.0,1.0
30.19,0.0,2.0
30.2,0.0,2.0
30.21,0.0,1.0
30.23,0.0,1.0
30.25,0.0,2.0
30.26,0.0,1.0
30.31,0.0,1.0
30.37,0.0,1.0
30.42,0.0,1.0
30.45,0.0,1.0
30.5,0.0,1.0
30.51,0.0,2.0
30.52,0.0,1.0
30.54,0.0,1.0
30.63,0.0,1.0
30.67,0.0,1.0
30.72,0.0,1.0
30.85,0.0,1.0
30.9,0.0,1.0
30.92,0.0,1.0
30.94,0.0,1.0
30.99,0.0,1.0
31.0,0.0,1.0
31.07,0.0,2.0
31.08,0.0,1.0
31.09,0.0,1.0
31.21,0.0,1.0
31.3,0.0,1.0
31.34,0.0,1.0
31.35,0.0,3.0
31.36,0.0,1.0
31.38,0.0,2.0
31.39,0.0,1.0
31.41,0.0,1.0
31.42,0.0,1.0
31.45,0.0,2.0
31.48,0.0,1.0
31.49,0.0,2.0
31.5,0.0,2.0
31.52,0.0,1.0
31.55,0.0,1.0
31.56,0.0,1.0
31.57,0.0,1.0
31.61,0.0,2.0
31.62,0.0,1.0
31.63,0.0,3.0
31.68,0.0,1.0
31.69,0.0,1.0
31.73,0.0,1.0
31.76,0.0,1.0
31.83,0.0,2.0
31.87,0.0,1.0
31.88,0.0,1.0
31.93,0.0,1.0
31.94,0.0,1.0
31.96,0.0,1.0
32.01,0.0,1.0
32.04,0.0,1.0
32.05,0.0,1.0
32.06,0.0,1.0
32.08,0.0,1.0
32.12,0.0,1.0
32.14,0.0,1.0
32.17,0.0,1.0
32.19,0.0,1.0
32.27,0.0,1.0
32.3,0.0,1.0
32.38,0.0,1.0
32.39,0.0,1.0
32.42,0.0,1.0
32.43,0.0,2.0
32.49,0.0,1.0
32.5,0.0,1.0
32.51,0.0,1.0
32.54,0.0,1.0
32.6,0.0,1.0
32.63,0.0,1.0
32.64,1.0,1.0
32.65,0.0,1.0
32.67,0.0,1.0
32.72,0.0,1.0
32.76,0.0,1.0
32.87,0.0,1.0
32.9,0.0,1.0
32.92,0.0,1.0
32.93,0.0,1.0
32.95,0.0,1.0
33.01,0.0,1.0
33.02,0.0,1.0
33.03,0.0,1.0
33.06,0.0,1.0
33.09,0.0,4.0
33.1,0.0,1.0
33.12,0.0,1.0
33.14,0.0,1.0
33.15,0.0,1.0
33.17,0.0,2.0
33.18,0.0,1.0
33.2,0.0,1.0
33.23,0.0,1.0
33.27,0.0,1.0
33.29,0.0,1.0
33.33,0.0,4.0
33.4,0.0,1.0
33.41,0.0,1.0
33.42,0.0,1.0
33.44,0.0,1.0
33.46,0.0,3.0
33.48,0.0,1.0
33.53,0.0,3.0
33.54,0.0,1.0
33.55,0.0,2.0
33.57,0.0,1.0
33.58,0.0,1.0
33.65,0.0,1.0
33.68,0.0,1.0
33.72,0.0,1.0
33.73,0.0,1.0
33.74,0.0,1.0
33.79,0.0,1.0
33.8,0.0,1.0
33.81,0.0,1.0
33.82,0.0,2.0
33.88,0.0,1.0
33.89,0.0,1.0
33.95,0.0,1.0
33.98,0.0,1.0
34.02,0.0,1.0
34.03,0.0,1.0
34.08,0.0,1.0
34.1,0.0,1.0
34.12,0.0,1.0
34.14,0.0,1.0
34.21,0.0,2.0
34.26,0.0,5.0
34.27,0.0,2.0
34.29,0.0,1.0
34.31,0.0,2.0
34.32,0.0,1.0
34.33,0.0,2.0
34.35,0.0,2.0
34.37,0.0,3.0
34.38,0.0,1.0
34.39,0.0,2.0
34.4,0.0,2.0
34.42,0.0,2.0
34.43,0.0,1.0
34.52,0.0,1.0
34.54,0.0,2.0
34.55,0.0,1.0
34.58,0.0,1.0
34.59,0.0,1.0
34.6,0.0,2.0
34.62,0.0,2.0
34.63,0.0,1.0
34.66,0.0,10.0
34.7,0.0,1.0
34.72,1.0,1.0
34.75,0.0,2.0
34.76,0.0,2.0
34.77,0.0,2.0
34.78,0.0,1.0
34.79,0.0,1.0
34.82,0.0,1.0
34.84,0.0,1.0
34.85,0.0,2.0
34.87,0.0,4.0
34.9,0.0,1.0
34.92,0.0,1.0
34.93,0.0,1.0
34.94,0.0,1.0
34.97,0.0,1.0
35.0,0.0,6.0
35.02,0.0,1.0
35.03,0.0,1.0
35.04,0.0,1.0
35.06,0.0,4.0
35.07,0.0,1.0
35.08,0.0,1.0
35.09,0.0,1.0
35.14,0.0,1.0
35.17,0.0,1.0
35.18,0.0,1.0
35.23,0.0,1.0
35.25,0.0,2.0
35.27,0.0,2.0
35.29,0.0,1.0
35.3,0.0,1.0
35.31,0.0,1.0
35.32,0.0,1.0
35.36,0.0,1.0
35.38,0.0,1.0
35.39,0.0,1.0
35.4,0.0,2.0
35.45,0.0,1.0
35.48,0.0,1.0
35.5,0.0,1.0
35.51,0.0,1.0
35.52,1.0,1.0
35.54,0.0,1.0
35.55,0.0,2.0
35.57,0.0,2.0
35.59,0.0,2.0
35.62,0.0,1.0
35.63,0.0,1.0
35.66,0.0,2.0
35.67,0.0,2.0
35.7,0.0,1.0
35.76,0.0,1.0
35.77,0.0,1.0
35.79,0.0,2.0
35.84,0.0,1.0
35.85,1.0,1.0
35.86,0.0,2.0
35.87,0.0,3.0
35.91,0.0,2.0
35.93,0.0,1.0
35.94,0.0,1.0
35.98,0.0,1.0
35.99,0.0,2.0
36.0,0.0,1.0
36.02,0.0,1.0
36.04,0.0,1.0
36.05,0.0,2.0
36.07,0.0,2.0
36.11,0.0,2.0
36.14,0.0,1.0
36.16,0.0,2.0
36.2,0.0,1.0
36.23,0.0,2.0
36.25,0.0,1.0
36.26,0.0,1.0
36.27,0.0,1.0
36.29,0.0,1.0
36.32,0.0,1.0
36.33,0.0,1.0
36.36,0.0,3.0
36.38,0.0,1.0
36.39,0.0,2.0
36.4,0.0,1.0
36.41,0.0,1.0
36.42,0.0,4.0
36.45,0.0,2.0
36.46,0.0,1.0
36.47,0.0,1.0
36.47,1.0,1.0
36.48,0.0,1.0
36.49,0.0,1.0
36.51,0.0,1.0
36.53,0.0,2.0
36.54,0.0,1.0
36.56,0.0,1.0
36.59,0.0,2.0
36.6,0.0,2.0
36.61,0.0,2.0
36.63,0.0,2.0
36.64,0.0,1.0
36.69,0.0,1.0
36.7,0.0,2.0
36.73,0.0,3.0
36.74,0.0,1.0
36.76,0.0,3.0
36.79,0.0,3.0
36.8,0.0,2.0
36.82,0.0,1.0
36.83,0.0,4.0
36.84,0.0,2.0
36.85,0.0,1.0
36.86,0.0,2.0
36.87,0.0,2.0
36.9,0.0,1.0
36.91,0.0,1.0
36.92,0.0,1.0
36.93,0.0,2.0
36.95,0.0,1.0
36.96,0.0,1.0
36.97,0.0,3.0
36.99,0.0,2.0
37.0,0.0,1.0
37.01,0.0,2.0
37.04,0.0,1.0
37.06,0.0,1.0
37.06,1.0,1.0
37.09,0.0,1.0
37.13,0.0,2.0
37.15,0.0,2.0
37.17,0.0,1.0
37.18,0.0,2.0
37.19,0.0,1.0
37.22,0.0,2.0
37.23,0.0,2.0
37.24,0.0,2.0
37.28,0.0,1.0
37.29,0.0,4.0
37.3,0.0,1.0
37.32,0.0,2.0
37.33,0.0,1.0
37.34,0.0,4.0
37.35,0.0,4.0
37.36,0.0,1.0
37.37,0.0,1.0
37.38,0.0,1.0
37.4,0.0,1.0
37.41,0.0,2.0
37.42,0.0,4.0
37.43,0.0,1.0
37.44,0.0,2.0
37.45,0.0,2.0
37.47,0.0,1.0
37.49,0.0,1.0
37.5,0.0,4.0
37.52,0.0,2.0
37.54,0.0,1.0
37.58,0.0,5.0
37.6,0.0,2.0
37.63,0.0,2.0
37.64,0.0,1.0
37.65,0.0,2.0
37.66,0.0,1.0
37.67,0.0,4.0
37.69,0.0,1.0
37.7,0.0,3.0
37.72,0.0,1.0
37.73,0.0,1.0
37.74,0.0,3.0
37.75,0.0,2.0
37.77,0.0,1.0
37.78,0.0,1.0
37.79,0.0,1.0
37.82,0.0,3.0
37.84,0.0,1.0
37.85,0.0,1.0
37.87,0.0,1.0
37.88,0.0,1.0
37.89,0.0,2.0
37.9,0.0,2.0
37.91,0.0,5.0
37.93,0.0,3.0
37.94,0.0,1.0
37.95,0.0,2.0
37.97,0.0,3.0
38.0,0.0,2.0
38.01,0.0,2.0
38.02,0.0,1.0
38.03,0.0,3.0
38.05,0.0,2.0
38.06,0.0,4.0
38.09,0.0,1.0
38.1,0.0,5.0
38.11,0.0,2.0
38.12,0.0,2.0
38.13,0.0,1.0
38.14,0.0,1.0
38.16,0.0,4.0
38.18,0.0,7.0
38.19,0.0,1.0
38.2,0.0,3.0
38.21,0.0,3.0
38.22,0.0,4.0
38.24,0.0,3.0
38.25,0.0,2.0
38.26,0.0,3.0
38.27,0.0,2.0
38.28,0.0,1.0
38.29,0.0,1.0
38.3,0.0,2.0
38.31,0.0,2.0
38.32,0.0,1.0
38.33,0.0,2.0
38.36,0.0,1.0
38.37,0.0,1.0
38.38,0.0,1.0
38.39,0.0,1.0
38.41,0.0,2.0
38.42,0.0,5.0
38.43,0.0,3.0
38.44,0.0,5.0
38.45,0.0,2.0
38.46,0.0,3.0
38.47,0.0,1.0
38.48,0.0,5.0
38.49,0.0,2.0
38.51,0.0,1.0
38.52,0.0,1.0
38.53,0.0,2.0
38.54,0.0,2.0
38.55,0.0,3.0
38.56,0.0,2.0
38.56,1.0,1.0
38.57,0.0,2.0
38.58,0.0,2.0
38.59,0.0,3.0
38.6,0.0,2.0
38.62,0.0,3.0
38.63,0.0,1.0
38.63,1.0,1.0
38.64,0.0,1.0
38.65,0.0,4.0
38.66,0.0,3.0
38.67,0.0,1.0
38.68,0.0,1.0
38.69,0.0,1.0
38.7,0.0,3.0
38.71,0.0,3.0
38.72,0.0,1.0
38.73,0.0,1.0
38.74,0.0,3.0
38.76,0.0,2.0
38.77,0.0,2.0
38.78,0.0,4.0
38.79,0.0,3.0
38.8,0.0,1.0
38.81,0.0,3.0
38.82,0.0,2.0
38.82,1.0,1.0
38.84,0.0,2.0
38.85,0.0,4.0
38.86,0.0,1.0
38.88,0.0,5.0
38.89,0.0,2.0
38.9,0.0,1.0
38.9,1.0,1.0
38.91,0.0,2.0
38.92,0.0,2.0
38.93,0.0,2.0
38.95,0.0,2.0
38.96,0.0,12.0
38.97,0.0,2.0
38.98,0.0,3.0
38.99,0.0,6.0
39.0,0.0,2.0
39.01,0.0,5.0
39.02,0.0,5.0
39.03,0.0,1.0
39.04,0.0,2.0
39.05,0.0,1.0
39.07,0.0,1.0
39.08,0.0,3.0
39.09,0.0,1.0
39.1,0.0,1.0
39.11,0.0,1.0
39.12,0.0,2.0
39.15,0.0,1.0
39.16,0.0,1.0
39.17,0.0,1.0
39.18,0.0,2.0
39.2,0.0,1.0
39.22,0.0,8.0
39.23,0.0,4.0
39.23,1.0,1.0
39.24,0.0,1.0
39.25,0.0,1.0
39.26,0.0,8.0
39.27,0.0,3.0
39.28,0.0,2.0
39.29,0.0,2.0
39.32,0.0,6.0
39.34,0.0,2.0
39.36,0.0,4.0
39.37,0.0,7.0
39.38,0.0,3.0
39.39,0.0,2.0
39.4,0.0,1.0
39.41,0.0,1.0
39.42,0.0,2.0
39.43,0.0,2.0
39.43,1.0,1.0
39.44,0.0,3.0
39.45,0.0,5.0
39.46,0.0,3.0
39.47,0.0,6.0
39.48,0.0,2.0
39.5,0.0,1.0
39.51,0.0,3.0
39.52,0.0,1.0
39.53,0.0,3.0
39.53,1.0,1.0
39.54,0.0,4.0
39.56,0.0,2.0
39.57,0.0,3.0
39.58,0.0,3.0
39.59,0.0,2.0
39.6,0.0,3.0
39.61,0.0,4.0
39.62,0.0,6.0
39.63,0.0,7.0
39.64,0.0,3.0
39.65,0.0,2.0
39.66,0.0,1.0
39.67,0.0,13.0
39.68,0.0,4.0
39.69,0.0,2.0
39.7,0.0,2.0
39.7,1.0,1.0
39.71,0.0,5.0
39.72,0.0,2.0
39.73,0.0,6.0
39.74,0.0,2.0
39.75,0.0,3.0
39.77,0.0,2.0
39.78,0.0,1.0
39.79,0.0,1.0
39.8,0.0,2.0
39.81,0.0,15.0
39.82,0.0,9.0
39.83,0.0,1.0
39.84,0.0,4.0
39.85,0.0,3.0
39.86,0.0,2.0
39.87,0.0,5.0
39.88,0.0,13.0
39.9,0.0,1.0
39.91,0.0,5.0
39.92,0.0,3.0
39.93,0.0,3.0
39.94,0.0,8.0
39.95,0.0,2.0
39.97,0.0,1.0
40.0,0.0,22.0
40.02,0.0,2.0
40.03,0.0,3.0
40.04,0.0,4.0
40.04,1.0,1.0
40.05,0.0,2.0
40.06,0.0,1.0
40.07,0.0,3.0
40.08,0.0,1.0
40.09,0.0,22.0
40.1,0.0,5.0
40.11,0.0,6.0
40.12,0.0,2.0
40.12,1.0,1.0
40.13,0.0,3.0
40.14,0.0,3.0
40.15,0.0,3.0
40.16,0.0,1.0
40.17,0.0,1.0
40.18,0.0,3.0
40.19,0.0,5.0
40.2,0.0,4.0
40.21,0.0,1.0
40.22,0.0,4.0
40.23,0.0,4.0
40.24,0.0,1.0
40.25,0.0,1.0
40.26,0.0,1.0
40.27,0.0,10.0
40.28,0.0,10.0
40.29,0.0,3.0
40.3,0.0,5.0
40.31,0.0,4.0
40.31,1.0,2.0
40.32,0.0,5.0
40.33,0.0,2.0
40.34,0.0,4.0
40.34,1.0,1.0
40.36,0.0,10.0
40.37,0.0,6.0
40.38,0.0,6.0
40.38,1.0,1.0
40.39,0.0,4.0
40.4,0.0,4.0
40.41,0.0,4.0
40.42,0.0,3.0
40.43,0.0,5.0
40.44,0.0,5.0
40.45,0.0,5.0
40.46,0.0,1.0
40.47,0.0,1.0
40.48,0.0,1.0
40.48,1.0,1.0
40.49,0.0,3.0
40.5,0.0,1.0
40.51,0.0,3.0
40.52,0.0,7.0
40.53,0.0,2.0
40.54,0.0,52.0
40.55,0.0,6.0
40.56,0.0,3.0
40.57,0.0,2.0
40.58,0.0,1.0
40.59,0.0,2.0
40.6,0.0,4.0
40.6,1.0,1.0
40.61,0.0,4.0
40.62,0.0,10.0
40.63,0.0,4.0
40.64,0.0,3.0
40.64,1.0,1.0
40.65,0.0,3.0
40.67,0.0,5.0
40.68,0.0,2.0
40.69,0.0,9.0
40.7,0.0,7.0
40.71,0.0,1.0
40.71,1.0,1.0
40.72,0.0,19.0
40.74,0.0,5.0
40.75,0.0,6.0
40.76,0.0,4.0
40.77,0.0,2.0
40.78,0.0,4.0
40.79,0.0,2.0
40.81,0.0,10.0
40.82,0.0,5.0
40.82,1.0,20.0
40.83,0.0,2.0
40.84,0.0,1.0
40.85,0.0,2.0
40.86,1.0,1.0
40.88,0.0,3.0
40.89,0.0,5.0
40.9,0.0,2.0
40.91,0.0,10.0
40.92,0.0,2.0
40.93,0.0,4.0
40.94,0.0,7.0
40.95,0.0,7.0
40.96,0.0,4.0
40.97,0.0,3.0
40.98,0.0,6.0
40.99,0.0,81.0
41.0,0.0,4.0
41.0,1.0,1.0
41.01,0.0,5.0
41.02,0.0,5.0
41.03,0.0,1.0
41.03,1.0,1.0
41.05,0.0,2.0
41.05,1.0,1.0
41.06,0.0,5.0
41.07,0.0,7.0
41.08,0.0,1.0
41.09,0.0,8.0
41.1,0.0,5.0
41.11,0.0,2.0
41.12,0.0,2.0
41.12,1.0,1.0
41.14,0.0,3.0
41.15,0.0,7.0
41.17,0.0,1.0
41.18,0.0,22.0
41.19,0.0,1.0
41.2,0.0,5.0
41.21,0.0,4.0
41.22,0.0,6.0
41.22,1.0,1.0
41.23,0.0,7.0
41.24,0.0,3.0
41.25,0.0,6.0
41.26,0.0,6.0
41.27,0.0,3.0
41.28,0.0,2.0
41.29,0.0,5.0
41.3,0.0,2.0
41.31,0.0,3.0
41.32,0.0,3.0
41.33,0.0,9.0
41.34,0.0,1.0
41.35,0.0,7.0
41.36,0.0,9.0
41.37,0.0,3.0
41.38,0.0,3.0
41.39,0.0,7.0
41.4,0.0,4.0
41.4,1.0,1.0
41.41,0.0,2.0
41.42,0.0,7.0
41.43,0.0,1.0
41.44,0.0,12.0
41.45,0.0,4.0
41.46,0.0,4.0
41.47,0.0,3.0
41.48,0.0,6.0
41.5,0.0,6.0
41.51,0.0,4.0
41.52,0.0,5.0
41.53,0.0,4.0
41.54,0.0,2.0
41.55,0.0,7.0
41.56,0.0,3.0
41.57,0.0,3.0
41.58,0.0,4.0
41.59,0.0,4.0
41.6,0.0,4.0
41.61,0.0,2.0
41.62,0.0,4.0
41.63,0.0,4.0
41.64,0.0,5.0
41.65,0.0,2.0
41.66,0.0,1.0
41.67,0.0,6.0
41.67,1.0,1.0
41.68,0.0,1.0
41.69,0.0,2.0
41.7,0.0,5.0
41.71,0.0,4.0
41.71,1.0,1.0
41.72,0.0,1.0
41.73,0.0,5.0
41.74,0.0,2.0
41.75,0.0,2.0
41.76,0.0,5.0
41.77,0.0,1.0
41.78,0.0,4.0
41.79,0.0,3.0
41.8,0.0,1.0
41.83,0.0,2.0
41.84,0.0,2.0
41.85,0.0,4.0
41.86,0.0,1.0
41.88,0.0,6.0
41.89,0.0,6.0
41.9,0.0,3.0
41.91,0.0,1.0
41.92,0.0,4.0
41.93,0.0,1.0
41.94,0.0,5.0
41.96,0.0,3.0
41.97,0.0,1.0
41.98,0.0,5.0
41.99,0.0,2.0
42.0,0.0,5.0
42.01,0.0,4.0
42.02,0.0,1.0
42.03,0.0,3.0
42.05,0.0,2.0
42.06,0.0,3.0
42.07,0.0,7.0
42.08,0.0,2.0
42.09,0.0,1.0
42.11,0.0,4.0
42.11,1.0,1.0
42.13,0.0,4.0
42.14,0.0,4.0
42.15,0.0,5.0
42.16,0.0,2.0
42.17,0.0,4.0
42.18,0.0,2.0
42.19,0.0,4.0
42.19,1.0,1.0
42.2,0.0,5.0
42.21,0.0,5.0
42.21,1.0,2.0
42.22,0.0,5.0
42.23,0.0,4.0
42.25,0.0,6.0
42.26,0.0,5.0
42.27,0.0,6.0
42.28,0.0,3.0
42.29,0.0,6.0
42.3,0.0,1.0
42.31,0.0,3.0
42.32,0.0,2.0
42.33,0.0,7.0
42.34,0.0,2.0
42.35,0.0,4.0
42.36,0.0,1.0
42.37,0.0,1.0
42.38,0.0,3.0
42.39,0.0,6.0
42.4,0.0,1.0
42.41,0.0,5.0
42.42,0.0,10.0
42.42,1.0,1.0
42.43,0.0,2.0
42.44,0.0,2.0
42.44,1.0,1.0
42.45,0.0,2.0
42.46,0.0,1.0
42.47,0.0,3.0
42.48,0.0,8.0
42.48,1.0,1.0
42.5,0.0,1.0
42.51,0.0,6.0
42.52,0.0,3.0
42.52,1.0,1.0
42.53,0.0,3.0
42.54,0.0,3.0
42.55,0.0,3.0
42.57,0.0,3.0
42.57,1.0,1.0
42.58,0.0,2.0
42.59,0.0,1.0
42.6,0.0,3.0
42.61,0.0,3.0
42.62,0.0,6.0
42.63,0.0,2.0
42.64,0.0,6.0
42.65,0.0,2.0
42.66,0.0,2.0
42.67,0.0,6.0
42.68,0.0,6.0
42.7,0.0,5.0
42.71,0.0,2.0
42.72,0.0,3.0
42.73,0.0,4.0
42.73,1.0,1.0
42.74,0.0,2.0
42.75,0.0,3.0
42.76,0.0,2.0
42.77,0.0,4.0
42.77,1.0,1.0
42.78,0.0,5.0
42.79,0.0,4.0
42.8,0.0,2.0
42.8,1.0,1.0
42.81,0.0,1.0
42.82,0.0,4.0
42.83,0.0,1.0
42.84,0.0,1.0
42.86,0.0,10.0
42.86,1.0,1.0
42.87,0.0,1.0
42.88,0.0,1.0
42.9,0.0,3.0
42.9,1.0,1.0
42.91,0.0,1.0
42.92,0.0,3.0
42.92,1.0,1.0
42.93,0.0,10.0
42.93,1.0,1.0
42.94,0.0,4.0
42.95,0.0,2.0
42.96,0.0,2.0
42.97,0.0,1.0
42.98,0.0,3.0
42.98,1.0,1.0
42.99,0.0,2.0
43.0,0.0,1.0
43.01,0.0,5.0
43.01,1.0,1.0
43.02,0.0,2.0
43.03,0.0,1.0
43.04,0.0,2.0
43.04,1.0,1.0
43.05,0.0,2.0
43.06,0.0,1.0
43.06,1.0,1.0
43.07,0.0,4.0
43.08,0.0,1.0
43.09,0.0,1.0
43.1,0.0,3.0
43.11,0.0,2.0
43.12,0.0,4.0
43.13,0.0,3.0
43.14,0.0,6.0
43.15,0.0,5.0
43.16,0.0,1.0
43.17,0.0,4.0
43.19,0.0,5.0
43.2,0.0,3.0
43.21,0.0,3.0
43.21,1.0,3.0
43.22,0.0,1.0
43.23,0.0,2.0
43.23,1.0,2.0
43.24,0.0,1.0
43.25,0.0,1.0
43.25,1.0,2.0
43.26,0.0,3.0
43.27,0.0,4.0
43.28,0.0,2.0
43.28,1.0,1.0
43.29,0.0,6.0
43.3,0.0,3.0
43.31,0.0,3.0
43.32,0.0,3.0
43.32,1.0,1.0
43.33,0.0,2.0
43.34,0.0,1.0
43.35,0.0,5.0
43.37,0.0,3.0
43.37,1.0,1.0
43.38,0.0,1.0
43.38,1.0,1.0
43.39,0.0,1.0
43.39,1.0,1.0
43.4,0.0,6.0
43.41,0.0,1.0
43.41,1.0,1.0
43.42,0.0,1.0
43.43,0.0,4.0
43.44,0.0,1.0
43.45,0.0,3.0
43.46,0.0,3.0
43.47,0.0,2.0
43.48,0.0,1.0
43.49,0.0,3.0
43.49,1.0,1.0
43.5,0.0,4.0
43.51,0.0,4.0
43.52,0.0,2.0
43.53,0.0,6.0
43.53,1.0,1.0
43.54,0.0,3.0
43.55,0.0,4.0
43.56,0.0,4.0
43.56,1.0,1.0
43.57,0.0,2.0
43.58,0.0,3.0
43.58,1.0,1.0
43.59,0.0,2.0
43.6,0.0,4.0
43.61,0.0,3.0
43.62,0.0,5.0
43.63,0.0,2.0
43.64,0.0,3.0
43.65,0.0,1.0
43.65,1.0,1.0
43.66,0.0,4.0
43.66,1.0,1.0
43.67,0.0,3.0
43.68,0.0,4.0
43.68,1.0,1.0
43.69,0.0,3.0
43.7,0.0,4.0
43.71,0.0,3.0
43.72,0.0,3.0
43.73,0.0,4.0
43.75,0.0,9.0
43.75,1.0,2.0
43.76,0.0,1.0
43.77,1.0,1.0
43.78,0.0,2.0
43.78,1.0,1.0
43.79,0.0,3.0
43.8,0.0,2.0
43.81,0.0,2.0
43.82,0.0,2.0
43.83,0.0,2.0
43.84,0.0,3.0
43.84,1.0,1.0
43.85,0.0,5.0
43.86,0.0,3.0
43.86,1.0,1.0
43.87,0.0,3.0
43.88,0.0,2.0
43.88,1.0,2.0
43.89,0.0,4.0
43.9,0.0,2.0
43.9,1.0,1.0
43.91,0.0,2.0
43.92,0.0,2.0
43.93,0.0,5.0
43.94,0.0,3.0
43.94,1.0,1.0
43.95,0.0,6.0
43.95,1.0,1.0
43.96,0.0,3.0
43.96,1.0,1.0
43.97,0.0,3.0
43.98,0.0,4.0
43.98,1.0,2.0
43.99,0.0,1.0
44.0,0.0,4.0
44.0,1.0,1.0
44.01,0.0,2.0
44.01,1.0,1.0
44.02,0.0,3.0
44.03,0.0,4.0
44.03,1.0,1.0
44.04,0.0,5.0
44.05,0.0,3.0
44.06,0.0,1.0
44.06,1.0,1.0
44.07,1.0,3.0
44.08,0.0,4.0
44.09,0.0,4.0
44.09,1.0,1.0
44.1,0.0,1.0
44.1,1.0,2.0
44.12,0.0,5.0
44.12,1.0,1.0
44.13,0.0,5.0
44.14,1.0,3.0
44.15,0.0,3.0
44.15,1.0,1.0
44.16,0.0,3.0
44.16,1.0,1.0
44.17,0.0,1.0
44.18,0.0,3.0
44.19,0.0,5.0
44.19,1.0,1.0
44.2,0.0,2.0
44.21,0.0,4.0
44.21,1.0,1.0
44.22,0.0,2.0
44.22,1.0,1.0
44.23,0.0,1.0
44.24,0.0,7.0
44.24,1.0,1.0
44.25,0.0,2.0
44.26,0.0,2.0
44.27,0.0,1.0
44.28,0.0,4.0
44.29,0.0,3.0
44.3,0.0,5.0
44.31,0.0,2.0
44.32,0.0,5.0
44.32,1.0,3.0
44.33,0.0,1.0
44.34,0.0,2.0
44.34,1.0,2.0
44.35,0.0,3.0
44.36,0.0,1.0
44.36,1.0,2.0
44.37,0.0,4.0
44.37,1.0,1.0
44.38,0.0,1.0
44.39,0.0,2.0
44.4,0.0,3.0
44.41,0.0,2.0
44.41,1.0,1.0
44.42,0.0,2.0
44.43,0.0,2.0
44.43,1.0,2.0
44.44,0.0,14.0
44.44,1.0,2.0
44.46,0.0,2.0
44.46,1.0,1.0
44.47,0.0,4.0
44.48,0.0,2.0
44.48,1.0,1.0
44.49,0.0,4.0
44.49,1.0,1.0
44.5,0.0,2.0
44.51,0.0,5.0
44.51,1.0,1.0
44.52,0.0,2.0
44.53,0.0,1.0
44.54,0.0,2.0
44.55,0.0,3.0
44.55,1.0,1.0
44.56,0.0,2.0
44.57,0.0,5.0
44.58,0.0,2.0
44.59,0.0,4.0
44.6,0.0,3.0
44.6,1.0,1.0
44.61,0.0,1.0
44.61,1.0,2.0
44.62,0.0,5.0
44.63,0.0,6.0
44.63,1.0,2.0
44.64,0.0,4.0
44.64,1.0,2.0
44.65,0.0,2.0
44.66,0.0,3.0
44.66,1.0,1.0
44.67,0.0,2.0
44.68,0.0,1.0
44.69,0.0,2.0
44.7,0.0,2.0
44.71,0.0,3.0
44.71,1.0,1.0
44.72,0.0,1.0
44.73,0.0,5.0
44.73,1.0,1.0
44.74,0.0,2.0
44.74,1.0,2.0
44.75,0.0,4.0
44.76,0.0,2.0
44.76,1.0,1.0
44.77,0.0,1.0
44.77,1.0,1.0
44.78,0.0,1.0
44.78,1.0,1.0
44.79,0.0,1.0
44.8,0.0,10.0
44.8,1.0,2.0
44.81,0.0,5.0
44.81,1.0,1.0
44.82,1.0,2.0
44.83,0.0,2.0
44.83,1.0,2.0
44.84,0.0,5.0
44.85,0.0,2.0
44.85,1.0,1.0
44.86,0.0,1.0
44.86,1.0,3.0
44.87,0.0,4.0
44.87,1.0,1.0
44.88,0.0,1.0
44.88,1.0,3.0
44.89,0.0,4.0
44.89,1.0,1.0
44.9,0.0,5.0
44.9,1.0,1.0
44.91,1.0,1.0
44.92,0.0,5.0
44.93,0.0,1.0
44.94,0.0,4.0
44.95,0.0,4.0
44.95,1.0,1.0
44.96,0.0,2.0
44.96,1.0,1.0
44.97,0.0,5.0
44.98,0.0,3.0
44.99,0.0,2.0
44.99,1.0,2.0
45.0,0.0,4.0
45.0,1.0,3.0
45.01,0.0,2.0
45.01,1.0,1.0
45.02,0.0,3.0
45.03,1.0,2.0
45.04,0.0,3.0
45.04,1.0,1.0
45.05,0.0,1.0
45.05,1.0,3.0
45.06,0.0,2.0
45.06,1.0,1.0
45.07,0.0,1.0
45.07,1.0,2.0
45.08,0.0,7.0
45.09,0.0,4.0
45.09,1.0,1.0
45.1,0.0,1.0
45.1,1.0,2.0
45.11,0.0,2.0
45.11,1.0,2.0
45.12,1.0,1.0
45.13,0.0,5.0
45.13,1.0,1.0
45.14,0.0,4.0
45.15,0.0,2.0
45.15,1.0,2.0
45.16,0.0,6.0
45.16,1.0,2.0
45.17,1.0,1.0
45.18,0.0,4.0
45.18,1.0,1.0
45.19,0.0,4.0
45.19,1.0,3.0
45.2,0.0,1.0
45.21,0.0,3.0
45.21,1.0,1.0
45.22,0.0,9.0
45.22,1.0,2.0
45.23,0.0,4.0
45.23,1.0,2.0
45.24,0.0,2.0
45.25,0.0,8.0
45.25,1.0,2.0
45.26,0.0,2.0
45.26,1.0,2.0
45.27,0.0,4.0
45.27,1.0,2.0
45.28,0.0,1.0
45.28,1.0,3.0
45.29,0.0,3.0
45.29,1.0,3.0
45.3,0.0,4.0
45.3,1.0,3.0
45.31,0.0,1.0
45.31,1.0,1.0
45.32,0.0,3.0
45.32,1.0,1.0
45.33,0.0,3.0
45.34,0.0,6.0
45.34,1.0,2.0
45.35,0.0,3.0
45.36,0.0,3.0
45.36,1.0,2.0
45.37,0.0,2.0
45.38,0.0,5.0
45.38,1.0,1.0
45.39,0.0,5.0
45.4,0.0,2.0
45.4,1.0,1.0
45.41,0.0,6.0
45.41,1.0,1.0
45.42,0.0,2.0
45.43,1.0,2.0
45.44,0.0,1.0
45.44,1.0,1.0
45.45,0.0,8.0
45.45,1.0,3.0
45.48,0.0,3.0
45.48,1.0,1.0
45.49,1.0,2.0
45.5,0.0,8.0
45.5,1.0,1.0
45.51,0.0,7.0
45.51,1.0,3.0
45.52,1.0,3.0
45.53,0.0,2.0
45.53,1.0,1.0
45.54,1.0,5.0
45.55,0.0,3.0
45.56,0.0,7.0
45.56,1.0,1.0
45.57,0.0,5.0
45.58,0.0,2.0
45.58,1.0,2.0
45.59,0.0,4.0
45.59,1.0,5.0
45.6,0.0,3.0
45.6,1.0,3.0
45.61,0.0,6.0
45.61,1.0,3.0
45.62,0.0,2.0
45.62,1.0,4.0
45.63,0.0,8.0
45.64,0.0,2.0
45.64,1.0,1.0
45.65,0.0,5.0
45.65,1.0,1.0
45.66,0.0,1.0
45.66,1.0,2.0
45.67,0.0,2.0
45.67,1.0,2.0
45.68,0.0,14.0
45.68,1.0,3.0
45.69,0.0,1.0
45.69,1.0,2.0
45.7,0.0,8.0
45.7,1.0,2.0
45.71,0.0,2.0
45.72,0.0,4.0
45.72,1.0,1.0
45.73,0.0,1.0
45.74,0.0,6.0
45.74,1.0,3.0
45.75,0.0,3.0
45.75,1.0,2.0
45.76,0.0,1.0
45.76,1.0,5.0
45.77,0.0,5.0
45.77,1.0,2.0
45.78,0.0,3.0
45.79,1.0,1.0
45.8,1.0,5.0
45.81,0.0,7.0
45.81,1.0,3.0
45.82,0.0,1.0
45.82,1.0,1.0
45.83,0.0,3.0
45.83,1.0,1.0
45.84,0.0,1.0
45.84,1.0,1.0
45.85,0.0,3.0
45.85,1.0,2.0
45.86,0.0,2.0
45.86,1.0,11.0
45.87,0.0,3.0
45.88,0.0,3.0
45.88,1.0,2.0
45.89,0.0,5.0
45.89,1.0,2.0
45.9,0.0,4.0
45.91,0.0,2.0
45.91,1.0,6.0
45.92,0.0,7.0
45.92,1.0,2.0
45.93,0.0,1.0
45.94,1.0,1.0
45.95,0.0,1.0
45.95,1.0,3.0
45.96,0.0,4.0
45.96,1.0,4.0
45.97,0.0,2.0
45.97,1.0,4.0
45.98,0.0,3.0
45.98,1.0,3.0
45.99,0.0,2.0
45.99,1.0,1.0
46.0,0.0,1.0
46.0,1.0,3.0
46.01,0.0,4.0
46.01,1.0,3.0
46.02,0.0,1.0
46.02,1.0,4.0
46.03,0.0,1.0
46.03,1.0,3.0
46.04,0.0,2.0
46.04,1.0,3.0
46.05,0.0,1.0
46.05,1.0,3.0
46.06,0.0,4.0
46.07,0.0,4.0
46.07,1.0,2.0
46.08,0.0,1.0
46.08,1.0,5.0
46.09,0.0,1.0
46.09,1.0,4.0
46.1,0.0,4.0
46.1,1.0,5.0
46.11,0.0,6.0
46.11,1.0,4.0
46.12,0.0,5.0
46.12,1.0,1.0
46.13,0.0,6.0
46.15,0.0,7.0
46.15,1.0,8.0
46.17,0.0,2.0
46.17,1.0,2.0
46.18,0.0,3.0
46.19,0.0,4.0
46.19,1.0,3.0
46.2,0.0,8.0
46.2,1.0,7.0
46.21,0.0,2.0
46.21,1.0,14.0
46.22,0.0,3.0
46.22,1.0,2.0
46.23,0.0,5.0
46.23,1.0,6.0
46.24,1.0,2.0
46.25,0.0,4.0
46.25,1.0,4.0
46.26,0.0,1.0
46.26,1.0,4.0
46.27,0.0,2.0
46.27,1.0,7.0
46.28,0.0,3.0
46.28,1.0,4.0
46.29,0.0,5.0
46.29,1.0,2.0
46.3,0.0,8.0
46.3,1.0,5.0
46.31,0.0,3.0
46.31,1.0,4.0
46.32,0.0,1.0
46.32,1.0,3.0
46.33,0.0,3.0
46.33,1.0,5.0
46.34,0.0,1.0
46.34,1.0,3.0
46.35,0.0,2.0
46.35,1.0,1.0
46.36,0.0,4.0
46.36,1.0,9.0
46.37,0.0,4.0
46.37,1.0,3.0
46.38,0.0,2.0
46.38,1.0,2.0
46.39,0.0,5.0
46.39,1.0,5.0
46.4,0.0,1.0
46.4,1.0,3.0
46.41,0.0,3.0
46.41,1.0,1.0
46.42,1.0,3.0
46.43,0.0,4.0
46.43,1.0,5.0
46.44,1.0,1.0
46.45,0.0,3.0
46.45,1.0,4.0
46.46,0.0,3.0
46.46,1.0,4.0
46.47,0.0,2.0
46.47,1.0,1.0
46.48,0.0,4.0
46.48,1.0,6.0
46.49,0.0,3.0
46.49,1.0,6.0
46.5,0.0,1.0
46.5,1.0,8.0
46.51,0.0,1.0
46.51,1.0,7.0
46.52,0.0,2.0
46.52,1.0,1.0
46.53,0.0,4.0
46.53,1.0,3.0
46.54,0.0,2.0
46.54,1.0,1.0
46.55,0.0,1.0
46.55,1.0,5.0
46.56,0.0,1.0
46.56,1.0,5.0
46.57,0.0,2.0
46.57,1.0,1.0
46.58,0.0,2.0
46.58,1.0,11.0
46.59,0.0,4.0
46.59,1.0,3.0
46.6,0.0,3.0
46.6,1.0,4.0
46.61,1.0,2.0
46.62,0.0,1.0
46.62,1.0,239.0
46.63,0.0,4.0
46.63,1.0,9.0
46.64,0.0,6.0
46.65,0.0,2.0
46.65,1.0,5.0
46.66,0.0,1.0
46.66,1.0,1.0
46.67,0.0,6.0
46.67,1.0,15.0
46.68,0.0,1.0
46.68,1.0,5.0
46.69,0.0,2.0
46.69,1.0,3.0
46.7,0.0,3.0
46.7,1.0,6.0
46.71,0.0,6.0
46.71,1.0,4.0
46.72,0.0,3.0
46.72,1.0,3.0
46.73,0.0,2.0
46.73,1.0,4.0
46.74,0.0,4.0
46.74,1.0,1.0
46.75,0.0,4.0
46.75,1.0,2.0
46.76,0.0,2.0
46.76,1.0,4.0
46.77,0.0,2.0
46.77,1.0,8.0
46.78,0.0,2.0
46.78,1.0,4.0
46.79,0.0,3.0
46.79,1.0,8.0
46.8,1.0,3.0
46.81,0.0,1.0
46.81,1.0,2.0
46.82,0.0,5.0
46.82,1.0,4.0
46.83,0.0,3.0
46.83,1.0,6.0
46.84,0.0,1.0
46.84,1.0,7.0
46.85,1.0,9.0
46.86,0.0,3.0
46.86,1.0,5.0
46.87,0.0,1.0
46.87,1.0,9.0
46.88,0.0,7.0
46.88,1.0,10.0
46.89,0.0,2.0
46.89,1.0,1.0
46.9,1.0,22.0
46.91,0.0,1.0
46.91,1.0,14.0
46.92,1.0,6.0
46.93,0.0,2.0
46.93,1.0,2.0
46.94,0.0,2.0
46.94,1.0,4.0
46.95,0.0,4.0
46.95,1.0,2.0
46.96,0.0,2.0
46.96,1.0,13.0
46.97,0.0,1.0
46.97,1.0,8.0
46.98,0.0,1.0
46.98,1.0,7.0
46.99,0.0,1.0
46.99,1.0,1.0
47.0,0.0,3.0
47.0,1.0,9.0
47.01,0.0,2.0
47.01,1.0,11.0
47.02,0.0,4.0
47.02,1.0,2.0
47.03,0.0,1.0
47.03,1.0,1.0
47.04,0.0,2.0
47.04,1.0,9.0
47.05,0.0,3.0
47.06,0.0,6.0
47.06,1.0,14.0
47.07,1.0,4.0
47.08,0.0,1.0
47.09,0.0,5.0
47.09,1.0,3.0
47.1,0.0,3.0
47.1,1.0,10.0
47.11,1.0,2.0
47.12,0.0,2.0
47.12,1.0,14.0
47.13,0.0,3.0
47.13,1.0,4.0
47.14,0.0,4.0
47.14,1.0,3.0
47.15,0.0,4.0
47.15,1.0,7.0
47.16,0.0,1.0
47.16,1.0,3.0
47.17,0.0,3.0
47.17,1.0,8.0
47.18,1.0,6.0
47.19,1.0,5.0
47.2,0.0,5.0
47.2,1.0,19.0
47.21,0.0,3.0
47.21,1.0,5.0
47.22,1.0,6.0
47.23,0.0,2.0
47.23,1.0,1.0
47.24,0.0,2.0
47.24,1.0,24.0
47.25,0.0,2.0
47.25,1.0,1.0
47.26,0.0,1.0
47.26,1.0,7.0
47.27,0.0,1.0
47.27,1.0,8.0
47.28,0.0,5.0
47.28,1.0,6.0
47.29,1.0,4.0
47.3,0.0,2.0
47.3,1.0,4.0
47.31,0.0,3.0
47.31,1.0,5.0
47.32,0.0,1.0
47.32,1.0,9.0
47.33,0.0,5.0
47.33,1.0,4.0
47.34,0.0,2.0
47.34,1.0,7.0
47.35,0.0,2.0
47.35,1.0,4.0
47.36,0.0,2.0
47.36,1.0,9.0
47.37,0.0,2.0
47.37,1.0,49.0
47.38,1.0,4.0
47.39,0.0,1.0
47.39,1.0,6.0
47.4,0.0,2.0
47.4,1.0,8.0
47.41,0.0,6.0
47.41,1.0,13.0
47.42,0.0,4.0
47.42,1.0,5.0
47.43,0.0,2.0
47.43,1.0,4.0
47.44,0.0,1.0
47.44,1.0,1.0
47.45,0.0,3.0
47.45,1.0,8.0
47.46,0.0,2.0
47.46,1.0,9.0
47.47,0.0,4.0
47.47,1.0,6.0
47.48,0.0,4.0
47.48,1.0,3.0
47.49,0.0,3.0
47.49,1.0,22.0
47.5,1.0,10.0
47.51,0.0,3.0
47.51,1.0,13.0
47.52,0.0,2.0
47.52,1.0,9.0
47.53,1.0,188.0
47.54,0.0,2.0
47.54,1.0,9.0
47.55,0.0,3.0
47.55,1.0,2.0
47.56,0.0,2.0
47.56,1.0,2.0
47.57,0.0,1.0
47.57,1.0,12.0
47.58,0.0,2.0
47.58,1.0,9.0
47.59,0.0,2.0
47.59,1.0,10.0
47.6,0.0,3.0
47.6,1.0,4.0
47.61,0.0,1.0
47.61,1.0,13.0
47.62,0.0,3.0
47.62,1.0,14.0
47.63,0.0,2.0
47.63,1.0,4.0
47.64,0.0,7.0
47.64,1.0,21.0
47.65,0.0,2.0
47.65,1.0,10.0
47.66,0.0,3.0
47.66,1.0,21.0
47.67,0.0,1.0
47.67,1.0,10.0
47.68,0.0,1.0
47.68,1.0,2.0
47.69,0.0,2.0
47.69,1.0,6.0
47.7,0.0,3.0
47.7,1.0,9.0
47.71,0.0,3.0
47.71,1.0,13.0
47.72,0.0,4.0
47.72,1.0,12.0
47.73,0.0,1.0
47.73,1.0,15.0
47.74,1.0,9.0
47.75,0.0,4.0
47.75,1.0,12.0
47.76,0.0,3.0
47.76,1.0,13.0
47.77,0.0,4.0
47.77,1.0,26.0
47.78,1.0,8.0
47.79,0.0,2.0
47.79,1.0,30.0
47.8,0.0,3.0
47.81,0.0,2.0
47.81,1.0,5.0
47.82,0.0,1.0
47.82,1.0,2.0
47.83,0.0,1.0
47.83,1.0,18.0
47.84,0.0,3.0
47.84,1.0,7.0
47.85,0.0,2.0
47.85,1.0,19.0
47.86,0.0,1.0
47.86,1.0,10.0
47.87,0.0,1.0
47.87,1.0,10.0
47.88,0.0,2.0
47.88,1.0,20.0
47.89,0.0,3.0
47.89,1.0,36.0
47.9,1.0,10.0
47.91,0.0,2.0
47.91,1.0,7.0
47.92,0.0,2.0
47.92,1.0,8.0
47.93,0.0,1.0
47.93,1.0,3.0
47.94,1.0,6.0
47.95,1.0,8.0
47.96,0.0,2.0
47.96,1.0,3.0
47.97,0.0,2.0
47.97,1.0,6.0
47.98,0.0,4.0
47.98,1.0,18.0
47.99,0.0,2.0
47.99,1.0,7.0
48.0,0.0,2.0
48.0,1.0,17.0
48.01,0.0,1.0
48.01,1.0,27.0
48.02,0.0,1.0
48.02,1.0,20.0
48.03,0.0,1.0
48.03,1.0,15.0
48.04,1.0,12.0
48.05,0.0,2.0
48.05,1.0,4.0
48.06,0.0,2.0
48.06,1.0,7.0
48.07,0.0,2.0
48.07,1.0,8.0
48.08,0.0,5.0
48.08,1.0,21.0
48.09,0.0,3.0
48.09,1.0,8.0
48.1,0.0,1.0
48.1,1.0,7.0
48.11,0.0,1.0
48.11,1.0,21.0
48.12,0.0,3.0
48.12,1.0,14.0
48.13,0.0,2.0
48.13,1.0,12.0
48.14,0.0,4.0
48.14,1.0,10.0
48.15,0.0,1.0
48.15,1.0,41.0
48.16,0.0,2.0
48.16,1.0,16.0
48.17,0.0,1.0
48.17,1.0,11.0
48.18,0.0,2.0
48.18,1.0,9.0
48.19,1.0,10.0
48.2,0.0,3.0
48.2,1.0,8.0
48.21,0.0,3.0
48.21,1.0,10.0
48.22,0.0,3.0
48.22,1.0,2.0
48.23,0.0,1.0
48.23,1.0,11.0
48.24,0.0,1.0
48.24,1.0,13.0
48.25,1.0,10.0
48.26,1.0,18.0
48.27,1.0,9.0
48.28,0.0,2.0
48.28,1.0,41.0
48.29,1.0,5.0
48.3,1.0,18.0
48.31,0.0,3.0
48.31,1.0,13.0
48.32,1.0,3.0
48.33,0.0,1.0
48.33,1.0,16.0
48.34,0.0,4.0
48.34,1.0,14.0
48.35,0.0,1.0
48.35,1.0,10.0
48.36,0.0,2.0
48.36,1.0,11.0
48.37,0.0,2.0
48.37,1.0,7.0
48.38,0.0,1.0
48.38,1.0,7.0
48.39,0.0,1.0
48.39,1.0,14.0
48.4,0.0,2.0
48.4,1.0,20.0
48.41,0.0,3.0
48.41,1.0,38.0
48.42,1.0,5.0
48.43,0.0,1.0
48.43,1.0,5.0
48.44,1.0,14.0
48.45,0.0,1.0
48.45,1.0,20.0
48.46,0.0,2.0
48.46,1.0,22.0
48.47,1.0,31.0
48.48,0.0,6.0
48.48,1.0,21.0
48.49,0.0,1.0
48.49,1.0,34.0
48.5,1.0,13.0
48.51,1.0,19.0
48.52,1.0,30.0
48.53,1.0,6.0
48.54,1.0,33.0
48.55,0.0,1.0
48.55,1.0,40.0
48.56,1.0,7.0
48.57,1.0,39.0
48.58,0.0,3.0
48.58,1.0,9.0
48.59,0.0,1.0
48.59,1.0,18.0
48.6,1.0,16.0
48.61,0.0,1.0
48.61,1.0,23.0
48.62,1.0,42.0
48.63,0.0,2.0
48.63,1.0,9.0
48.64,0.0,1.0
48.64,1.0,15.0
48.65,1.0,30.0
48.66,0.0,1.0
48.66,1.0,155.0
48.67,0.0,6.0
48.67,1.0,29.0
48.68,0.0,1.0
48.68,1.0,78.0
48.69,0.0,3.0
48.69,1.0,4.0
48.7,0.0,1.0
48.7,1.0,24.0
48.71,0.0,1.0
48.71,1.0,14.0
48.72,0.0,1.0
48.72,1.0,13.0
48.73,0.0,1.0
48.73,1.0,11.0
48.74,0.0,2.0
48.74,1.0,54.0
48.75,0.0,1.0
48.75,1.0,10.0
48.76,0.0,3.0
48.76,1.0,10.0
48.77,1.0,8.0
48.78,0.0,2.0
48.78,1.0,8.0
48.79,0.0,1.0
48.79,1.0,14.0
48.8,1.0,40.0
48.81,0.0,1.0
48.81,1.0,45.0
48.82,0.0,2.0
48.82,1.0,15.0
48.83,1.0,12.0
48.84,0.0,1.0
48.84,1.0,33.0
48.85,0.0,2.0
48.85,1.0,131.0
48.86,0.0,8.0
48.86,1.0,55.0
48.87,0.0,2.0
48.87,1.0,34.0
48.88,1.0,19.0
48.89,0.0,2.0
48.89,1.0,91.0
48.9,0.0,1.0
48.9,1.0,9.0
48.91,1.0,9.0
48.92,0.0,1.0
48.92,1.0,5.0
48.93,1.0,8.0
48.94,0.0,1.0
48.94,1.0,33.0
48.95,1.0,16.0
48.96,0.0,1.0
48.96,1.0,5.0
48.97,0.0,2.0
48.97,1.0,13.0
48.98,1.0,12.0
48.99,0.0,1.0
48.99,1.0,18.0
49.0,0.0,1.0
49.0,1.0,35.0
49.01,1.0,7.0
49.02,0.0,1.0
49.02,1.0,9.0
49.03,1.0,56.0
49.04,0.0,3.0
49.04,1.0,366.0
49.05,1.0,17.0
49.06,1.0,105.0
49.07,1.0,134.0
49.08,0.0,1.0
49.08,1.0,23.0
49.09,0.0,1.0
49.09,1.0,48.0
49.1,0.0,1.0
49.1,1.0,4.0
49.11,0.0,1.0
49.11,1.0,11.0
49.12,0.0,1.0
49.12,1.0,18.0
49.13,1.0,8.0
49.14,1.0,22.0
49.15,0.0,1.0
49.15,1.0,13.0
49.16,0.0,1.0
49.16,1.0,9.0
49.17,0.0,1.0
49.17,1.0,26.0
49.18,1.0,11.0
49.19,0.0,2.0
49.19,1.0,20.0
49.2,0.0,1.0
49.2,1.0,82.0
49.21,0.0,1.0
49.21,1.0,25.0
49.22,0.0,2.0
49.22,1.0,87.0
49.23,0.0,1.0
49.23,1.0,117.0
49.24,1.0,60.0
49.25,1.0,47.0
49.26,1.0,20.0
49.27,1.0,4.0
49.28,0.0,1.0
49.28,1.0,7.0
49.29,0.0,2.0
49.29,1.0,7.0
49.3,1.0,7.0
49.31,0.0,1.0
49.31,1.0,6.0
49.32,1.0,9.0
49.33,0.0,4.0
49.33,1.0,8.0
49.34,0.0,3.0
49.34,1.0,6.0
49.35,0.0,3.0
49.35,1.0,4.0
49.36,1.0,6.0
49.37,0.0,2.0
49.37,1.0,33.0
49.38,1.0,26.0
49.39,0.0,2.0
49.39,1.0,24.0
49.4,0.0,1.0
49.4,1.0,30.0
49.41,1.0,21.0
49.42,0.0,2.0
49.42,1.0,71.0
49.43,0.0,2.0
49.43,1.0,135.0
49.44,0.0,1.0
49.44,1.0,53.0
49.45,0.0,1.0
49.45,1.0,7.0
49.46,1.0,6.0
49.47,0.0,1.0
49.47,1.0,7.0
49.48,0.0,1.0
49.48,1.0,8.0
49.49,0.0,1.0
49.49,1.0,10.0
49.5,0.0,1.0
49.5,1.0,15.0
49.51,0.0,1.0
49.51,1.0,22.0
49.52,0.0,1.0
49.52,1.0,51.0
49.53,0.0,1.0
49.53,1.0,38.0
49.54,0.0,1.0
49.54,1.0,32.0
49.55,0.0,1.0
49.55,1.0,25.0
49.56,1.0,2.0
49.57,0.0,1.0
49.57,1.0,31.0
49.58,0.0,1.0
49.58,1.0,59.0
49.59,1.0,16.0
49.6,0.0,1.0
49.6,1.0,53.0
49.61,1.0,166.0
49.62,1.0,58.0
49.63,1.0,13.0
49.64,1.0,12.0
49.65,1.0,15.0
49.66,1.0,1.0
49.67,1.0,3.0
49.68,0.0,2.0
49.69,0.0,1.0
49.69,1.0,2.0
49.7,1.0,3.0
49.71,1.0,21.0
49.72,0.0,1.0
49.72,1.0,10.0
49.73,1.0,5.0
49.74,0.0,2.0
49.74,1.0,2.0
49.75,1.0,20.0
49.76,1.0,13.0
49.77,0.0,2.0
49.77,1.0,22.0
49.78,1.0,7.0
49.79,1.0,72.0
49.8,0.0,1.0
49.8,1.0,61.0
49.81,0.0,1.0
49.81,1.0,103.0
49.82,1.0,2.0
49.83,1.0,2.0
49.84,0.0,2.0
49.84,1.0,2.0
49.85,1.0,1.0
49.86,0.0,1.0
49.86,1.0,3.0
49.87,1.0,11.0
49.88,1.0,33.0
49.89,1.0,1.0
49.9,0.0,1.0
49.9,1.0,2.0
49.91,0.0,1.0
49.91,1.0,1.0
49.93,1.0,2.0
49.94,0.0,2.0
50.0,0.0,12.0
50.0,1.0,706.0
50.07,0.0,1.0
50.07,1.0,1.0
50.08,1.0,1.0
50.1,1.0,8.0
50.12,1.0,40.0
50.13,1.0,6.0
50.14,1.0,1.0
50.16,1.0,3.0
50.17,1.0,2.0
50.18,1.0,2.0
50.19,0.0,1.0
50.19,1.0,27.0
50.2,1.0,56.0
50.21,1.0,88.0
50.22,1.0,1.0
50.23,0.0,1.0
50.23,1.0,8.0
50.24,1.0,31.0
50.25,1.0,74.0
50.26,0.0,3.0
50.26,1.0,2.0
50.27,0.0,1.0
50.27,1.0,7.0
50.28,0.0,1.0
50.28,1.0,9.0
50.29,1.0,11.0
50.3,0.0,2.0
50.31,1.0,2.0
50.32,1.0,1.0
50.33,0.0,1.0
50.33,1.0,3.0
50.34,1.0,3.0
50.35,1.0,17.0
50.36,1.0,12.0
50.37,1.0,7.0
50.38,1.0,9.0
50.39,1.0,22.0
50.4,1.0,53.0
50.41,0.0,1.0
50.41,1.0,21.0
50.42,1.0,87.0
50.43,0.0,1.0
50.43,1.0,45.0
50.44,1.0,9.0
50.45,1.0,9.0
50.46,0.0,1.0
50.46,1.0,23.0
50.47,0.0,1.0
50.47,1.0,27.0
50.48,1.0,16.0
50.49,0.0,2.0
50.49,1.0,16.0
50.5,1.0,33.0
50.51,0.0,5.0
50.51,1.0,2.0
50.52,0.0,2.0
50.52,1.0,1.0
50.53,0.0,3.0
50.53,1.0,5.0
50.54,1.0,2.0
50.55,1.0,3.0
50.56,0.0,1.0
50.56,1.0,10.0
50.57,0.0,1.0
50.57,1.0,7.0
50.58,0.0,1.0
50.58,1.0,7.0
50.59,1.0,9.0
50.6,0.0,1.0
50.6,1.0,11.0
50.61,1.0,16.0
50.62,1.0,19.0
50.63,1.0,40.0
50.64,1.0,10.0
50.65,1.0,4.0
50.66,0.0,1.0
50.66,1.0,1.0
50.67,1.0,1.0
50.68,1.0,3.0
50.69,0.0,1.0
50.69,1.0,3.0
50.7,1.0,9.0
50.71,1.0,7.0
50.72,0.0,1.0
50.72,1.0,4.0
50.73,1.0,8.0
50.74,1.0,123.0
50.75,0.0,1.0
50.75,1.0,13.0
50.76,0.0,1.0
50.76,1.0,4.0
50.77,1.0,11.0
50.78,0.0,1.0
50.78,1.0,10.0
50.79,0.0,3.0
50.79,1.0,7.0
50.8,1.0,10.0
50.81,1.0,13.0
50.82,1.0,4.0
50.83,1.0,20.0
50.84,0.0,2.0
50.84,1.0,18.0
50.85,0.0,1.0
50.85,1.0,18.0
50.86,1.0,11.0
50.87,0.0,1.0
50.87,1.0,3.0
50.88,0.0,1.0
50.88,1.0,7.0
50.89,1.0,1.0
50.9,1.0,1.0
50.91,0.0,1.0
50.91,1.0,8.0
50.92,1.0,4.0
50.93,1.0,12.0
50.94,1.0,10.0
50.95,1.0,1.0
50.96,0.0,1.0
50.96,1.0,5.0
50.97,0.0,1.0
50.97,1.0,5.0
50.98,0.0,1.0
50.98,1.0,10.0
50.99,1.0,13.0
51.0,0.0,2.0
51.0,1.0,12.0
51.01,1.0,16.0
51.02,0.0,2.0
51.02,1.0,5.0
51.03,1.0,6.0
51.04,1.0,9.0
51.05,1.0,21.0
51.06,1.0,7.0
51.07,1.0,1.0
51.08,1.0,9.0
51.09,1.0,5.0
51.11,0.0,1.0
51.11,1.0,2.0
51.12,0.0,2.0
51.12,1.0,9.0
51.13,1.0,4.0
51.14,1.0,1.0
51.15,0.0,1.0
51.15,1.0,2.0
51.17,1.0,6.0
51.18,0.0,1.0
51.18,1.0,5.0
51.19,1.0,2.0
51.2,0.0,1.0
51.2,1.0,3.0
51.21,1.0,10.0
51.22,0.0,1.0
51.22,1.0,8.0
51.23,1.0,15.0
51.24,0.0,1.0
51.24,1.0,31.0
51.25,0.0,1.0
51.25,1.0,10.0
51.26,1.0,10.0
51.27,1.0,3.0
51.28,1.0,4.0
51.29,0.0,1.0
51.29,1.0,3.0
51.3,1.0,3.0
51.31,1.0,3.0
51.32,1.0,1.0
51.33,1.0,1.0
51.34,0.0,1.0
51.34,1.0,3.0
51.35,0.0,1.0
51.35,1.0,2.0
51.36,1.0,9.0
51.37,0.0,1.0
51.37,1.0,7.0
51.38,0.0,1.0
51.38,1.0,7.0
51.39,1.0,7.0
51.4,1.0,4.0
51.41,1.0,3.0
51.42,1.0,4.0
51.43,1.0,6.0
51.44,1.0,8.0
51.45,1.0,9.0
51.46,0.0,1.0
51.46,1.0,6.0
51.47,1.0,4.0
51.48,0.0,1.0
51.48,1.0,3.0
51.49,1.0,20.0
51.5,0.0,1.0
51.5,1.0,8.0
51.51,0.0,1.0
51.51,1.0,3.0
51.52,1.0,8.0
51.53,1.0,4.0
51.54,1.0,7.0
51.55,1.0,8.0
51.56,1.0,5.0
51.57,0.0,1.0
51.57,1.0,15.0
51.58,1.0,5.0
51.59,1.0,3.0
51.6,1.0,3.0
51.61,0.0,2.0
51.61,1.0,10.0
51.62,1.0,8.0
51.63,1.0,4.0
51.64,1.0,3.0
51.65,1.0,8.0
51.66,1.0,2.0
51.67,1.0,8.0
51.68,1.0,2.0
51.69,1.0,5.0
51.7,1.0,11.0
51.71,1.0,15.0
51.72,1.0,12.0
51.73,1.0,6.0
51.74,1.0,31.0
51.75,1.0,7.0
51.76,0.0,1.0
51.76,1.0,10.0
51.77,1.0,1.0
51.78,1.0,4.0
51.79,1.0,14.0
51.81,1.0,4.0
51.82,1.0,5.0
51.83,0.0,1.0
51.83,1.0,28.0
51.84,0.0,1.0
51.84,1.0,4.0
51.85,0.0,3.0
51.85,1.0,7.0
51.86,1.0,5.0
51.87,1.0,8.0
51.88,1.0,2.0
51.89,1.0,4.0
51.9,0.0,2.0
51.9,1.0,4.0
51.91,1.0,4.0
51.93,1.0,3.0
51.94,0.0,1.0
51.94,1.0,2.0
51.95,0.0,1.0
51.95,1.0,1.0
51.96,1.0,15.0
51.97,0.0,1.0
51.97,1.0,14.0
51.98,0.0,1.0
51.98,1.0,6.0
51.99,1.0,5.0
52.0,0.0,1.0
52.0,1.0,5.0
52.01,1.0,4.0
52.02,1.0,2.0
52.04,0.0,1.0
52.04,1.0,5.0
52.05,0.0,4.0
52.05,1.0,3.0
52.06,1.0,3.0
52.07,0.0,1.0
52.07,1.0,5.0
52.08,1.0,2.0
52.09,1.0,33.0
52.1,0.0,1.0
52.1,1.0,1.0
52.11,1.0,4.0
52.12,0.0,1.0
52.12,1.0,3.0
52.13,1.0,2.0
52.14,1.0,4.0
52.15,0.0,1.0
52.15,1.0,1.0
52.16,1.0,3.0
52.17,1.0,1.0
52.2,1.0,1.0
52.21,1.0,3.0
52.22,1.0,9.0
52.23,1.0,6.0
52.24,1.0,7.0
52.25,1.0,2.0
52.26,1.0,4.0
52.27,1.0,2.0
52.28,1.0,3.0
52.29,1.0,3.0
52.31,1.0,2.0
52.32,1.0,1.0
52.33,0.0,1.0
52.33,1.0,3.0
52.34,1.0,5.0
52.35,0.0,1.0
52.36,1.0,8.0
52.37,1.0,6.0
52.38,0.0,1.0
52.38,1.0,3.0
52.39,1.0,4.0
52.41,1.0,3.0
52.42,1.0,1.0
52.43,0.0,1.0
52.44,1.0,2.0
52.45,1.0,2.0
52.46,0.0,1.0
52.46,1.0,1.0
52.47,0.0,3.0
52.47,1.0,3.0
52.48,1.0,7.0
52.49,1.0,4.0
52.5,1.0,1.0
52.51,1.0,1.0
52.52,0.0,1.0
52.52,1.0,1.0
52.53,1.0,1.0
52.55,0.0,1.0
52.55,1.0,2.0
52.56,1.0,1.0
52.57,1.0,1.0
52.58,0.0,1.0
52.58,1.0,1.0
52.59,0.0,1.0
52.6,1.0,1.0
52.61,0.0,1.0
52.61,1.0,2.0
52.62,0.0,1.0
52.62,1.0,4.0
52.63,0.0,1.0
52.63,1.0,1.0
52.65,1.0,2.0
52.66,1.0,2.0
52.67,0.0,1.0
52.67,1.0,1.0
52.68,1.0,2.0
52.69,1.0,1.0
52.7,0.0,1.0
52.7,1.0,2.0
52.71,0.0,1.0
52.71,1.0,1.0
52.73,1.0,2.0
52.74,0.0,1.0
52.74,1.0,7.0
52.76,0.0,1.0
52.76,1.0,7.0
52.77,1.0,1.0
52.79,0.0,1.0
52.8,0.0,1.0
52.8,1.0,2.0
52.81,1.0,1.0
52.82,1.0,1.0
52.83,1.0,2.0
52.84,1.0,2.0
52.86,0.0,1.0
52.87,1.0,1.0
52.88,0.0,1.0
52.88,1.0,3.0
52.89,1.0,1.0
52.91,1.0,1.0
52.92,0.0,1.0
52.92,1.0,2.0
52.94,1.0,3.0
52.95,1.0,1.0
52.96,1.0,1.0
52.99,1.0,2.0
53.02,1.0,2.0
53.03,0.0,1.0
53.03,1.0,2.0
53.04,1.0,1.0
53.05,0.0,1.0
53.05,1.0,1.0
53.07,0.0,1.0
53.08,0.0,1.0
53.09,0.0,1.0
53.09,1.0,1.0
53.14,1.0,2.0
53.15,1.0,1.0
53.16,1.0,2.0
53.18,1.0,1.0
53.19,1.0,1.0
53.2,1.0,1.0
53.21,1.0,1.0
53.22,0.0,1.0
53.22,1.0,1.0
53.23,0.0,1.0
53.26,1.0,6.0
53.29,1.0,2.0
53.31,1.0,2.0
53.32,1.0,1.0
53.33,0.0,2.0
53.36,0.0,1.0
53.37,1.0,1.0
53.38,1.0,1.0
53.39,1.0,1.0
53.4,0.0,1.0
53.4,1.0,4.0
53.41,0.0,2.0
53.41,1.0,1.0
53.42,0.0,1.0
53.42,1.0,3.0
53.43,1.0,2.0
53.44,0.0,1.0
53.44,1.0,1.0
53.47,1.0,2.0
53.51,1.0,1.0
53.53,0.0,1.0
53.53,1.0,1.0
53.54,0.0,1.0
53.55,1.0,1.0
53.56,0.0,1.0
53.56,1.0,1.0
53.57,0.0,1.0
53.58,1.0,1.0
53.59,1.0,1.0
53.6,1.0,2.0
53.61,1.0,1.0
53.62,1.0,1.0
53.63,0.0,1.0
53.63,1.0,1.0
53.64,1.0,2.0
53.66,1.0,1.0
53.67,1.0,3.0
53.7,0.0,1.0
53.74,1.0,1.0
53.75,1.0,1.0
53.76,0.0,1.0
53.77,1.0,2.0
53.78,1.0,1.0
53.79,0.0,1.0
53.82,0.0,1.0
53.86,1.0,1.0
53.87,1.0,1.0
53.89,0.0,2.0
53.9,0.0,1.0
53.92,1.0,1.0
53.93,0.0,1.0
53.93,1.0,1.0
53.95,1.0,3.0
53.99,1.0,1.0
54.03,0.0,1.0
54.03,1.0,1.0
54.06,1.0,1.0
54.07,1.0,2.0
54.08,1.0,1.0
54.09,1.0,1.0
54.13,1.0,1.0
54.14,1.0,3.0
54.16,1.0,1.0
54.17,0.0,1.0
54.17,1.0,2.0
54.19,1.0,1.0
54.2,1.0,2.0
54.22,1.0,1.0
54.24,1.0,1.0
54.25,0.0,1.0
54.25,1.0,2.0
54.26,1.0,1.0
54.27,1.0,1.0
54.28,1.0,1.0
54.3,0.0,1.0
54.3,1.0,1.0
54.33,1.0,1.0
54.34,1.0,1.0
54.36,0.0,2.0
54.36,1.0,1.0
54.39,1.0,1.0
54.4,1.0,1.0
54.42,1.0,1.0
54.43,1.0,2.0
54.44,1.0,1.0
54.46,1.0,1.0
54.47,0.0,1.0
54.49,0.0,1.0
54.5,0.0,1.0
54.5,1.0,1.0
54.52,1.0,1.0
54.53,1.0,1.0
54.55,1.0,1.0
54.56,1.0,1.0
54.58,0.0,1.0
54.59,1.0,1.0
54.6,1.0,1.0
54.61,1.0,1.0
54.62,0.0,1.0
54.62,1.0,1.0
54.63,1.0,1.0
54.64,1.0,1.0
54.66,0.0,1.0
54.66,1.0,1.0
54.68,1.0,1.0
54.69,1.0,1.0
54.73,1.0,1.0
54.74,1.0,2.0
54.75,1.0,1.0
54.76,1.0,3.0
54.77,1.0,1.0
54.79,0.0,1.0
54.79,1.0,1.0
54.82,1.0,3.0
54.83,1.0,2.0
54.86,0.0,1.0
54.86,1.0,2.0
54.87,0.0,1.0
54.87,1.0,4.0
54.88,0.0,1.0
54.89,1.0,1.0
54.9,1.0,1.0
54.92,1.0,1.0
54.93,1.0,1.0
54.95,1.0,3.0
54.96,1.0,1.0
54.97,0.0,1.0
54.99,1.0,1.0
55.0,0.0,1.0
55.0,1.0,3.0
55.02,1.0,2.0
55.04,1.0,2.0
55.05,1.0,2.0
55.08,1.0,1.0
55.09,1.0,1.0
55.11,1.0,1.0
55.12,1.0,1.0
55.14,1.0,3.0
55.15,1.0,1.0
55.18,1.0,2.0
55.19,1.0,1.0
55.2,1.0,2.0
55.22,1.0,1.0
55.23,1.0,2.0
55.24,1.0,1.0
55.25,1.0,1.0
55.26,1.0,1.0
55.27,1.0,3.0
55.28,0.0,2.0
55.28,1.0,4.0
55.29,1.0,3.0
55.31,1.0,2.0
55.32,1.0,2.0
55.33,1.0,2.0
55.34,0.0,1.0
55.34,1.0,2.0
55.35,0.0,1.0
55.35,1.0,2.0
55.36,1.0,1.0
55.37,1.0,1.0
55.38,1.0,1.0
55.39,1.0,5.0
55.4,1.0,4.0
55.42,1.0,2.0
55.43,1.0,1.0
55.45,1.0,1.0
55.46,1.0,4.0
55.47,0.0,1.0
55.47,1.0,4.0
55.48,1.0,2.0
55.49,0.0,1.0
55.49,1.0,8.0
55.5,1.0,3.0
55.51,0.0,1.0
55.51,1.0,2.0
55.52,0.0,1.0
55.52,1.0,5.0
55.53,1.0,2.0
55.54,1.0,2.0
55.56,0.0,1.0
55.56,1.0,8.0
55.57,1.0,1.0
55.58,1.0,3.0
55.6,1.0,4.0
55.61,1.0,1.0
55.62,1.0,5.0
55.63,1.0,3.0
55.64,1.0,2.0
55.65,1.0,1.0
55.66,0.0,1.0
55.66,1.0,1.0
55.67,1.0,2.0
55.68,1.0,3.0
55.69,1.0,6.0
55.7,0.0,1.0
55.7,1.0,1.0
55.71,1.0,3.0
55.72,1.0,4.0
55.73,1.0,5.0
55.74,1.0,1.0
55.75,0.0,1.0
55.75,1.0,1.0
55.76,1.0,1.0
55.77,1.0,1.0
55.78,1.0,1.0
55.79,1.0,2.0
55.8,1.0,3.0
55.81,1.0,1.0
55.82,1.0,1.0
55.84,1.0,5.0
55.85,1.0,1.0
55.86,1.0,3.0
55.88,1.0,3.0
55.89,1.0,2.0
55.9,1.0,1.0
55.91,1.0,4.0
55.92,0.0,1.0
55.92,1.0,2.0
55.94,0.0,1.0
55.94,1.0,4.0
55.95,1.0,1.0
55.96,0.0,1.0
55.96,1.0,3.0
55.98,0.0,2.0
55.98,1.0,2.0
55.99,1.0,3.0
56.0,0.0,1.0
56.0,1.0,1.0
56.02,1.0,3.0
56.03,1.0,1.0
56.04,1.0,4.0
56.05,1.0,1.0
56.06,1.0,1.0
56.07,1.0,2.0
56.08,0.0,4.0
56.08,1.0,1.0
56.09,1.0,2.0
56.1,1.0,1.0
56.11,1.0,2.0
56.12,1.0,4.0
56.15,1.0,2.0
56.16,1.0,1.0
56.18,1.0,1.0
56.19,1.0,1.0
56.2,1.0,3.0
56.21,0.0,1.0
56.23,1.0,4.0
56.24,1.0,1.0
56.25,1.0,2.0
56.26,1.0,1.0
56.27,1.0,2.0
56.28,1.0,4.0
56.31,0.0,1.0
56.31,1.0,3.0
56.32,0.0,1.0
56.33,1.0,2.0
56.34,0.0,1.0
56.34,1.0,1.0
56.35,1.0,2.0
56.36,0.0,2.0
56.4,1.0,1.0
56.41,1.0,2.0
56.42,1.0,2.0
56.44,1.0,1.0
56.46,1.0,1.0
56.47,0.0,1.0
56.48,1.0,1.0
56.49,1.0,2.0
56.51,1.0,2.0
56.53,1.0,1.0
56.54,1.0,1.0
56.55,0.0,1.0
56.56,1.0,4.0
56.58,0.0,1.0
56.6,1.0,3.0
56.62,1.0,2.0
56.64,1.0,1.0
56.67,1.0,1.0
56.68,0.0,1.0
56.69,0.0,1.0
56.7,1.0,2.0
56.72,1.0,1.0
56.75,1.0,1.0
56.78,1.0,2.0
56.79,0.0,1.0
56.79,1.0,1.0
56.8,1.0,1.0
56.82,1.0,1.0
56.86,1.0,2.0
56.99,1.0,1.0
57.01,1.0,1.0
57.14,0.0,1.0
57.17,1.0,1.0
57.18,0.0,1.0
57.21,0.0,1.0
57.27,1.0,1.0
57.34,0.0,1.0
57.47,1.0,1.0
57.48,1.0,1.0
57.49,1.0,1.0
57.55,1.0,1.0
57.59,1.0,1.0
57.62,0.0,1.0
57.68,1.0,1.0
57.8,1.0,1.0
57.87,1.0,1.0
57.95,0.0,1.0
57.97,1.0,1.0
57.98,1.0,1.0
58.05,1.0,1.0
58.09,1.0,1.0
58.3,1.0,1.0
58.36,1.0,1.0
58.4,1.0,1.0
58.42,0.0,1.0
58.63,0.0,1.0
58.71,0.0,2.0
58.94,0.0,1.0
59.07,1.0,1.0
59.16,1.0,1.0
59.17,0.0,1.0
59.26,1.0,1.0
59.3,1.0,1.0
59.32,0.0,1.0
59.7,1.0,1.0
59.91,0.0,1.0
60.0,1.0,1.0
60.12,1.0,1.0
60.42,1.0,1.0
60.62,0.0,1.0
61.0,1.0,1.0
61.29,0.0,1.0
61.35,0.0,1.0
61.54,0.0,1.0
61.62,0.0,1.0
61.65,0.0,1.0
61.73,0.0,1.0
61.83,0.0,1.0
61.93,0.0,1.0
62.11,0.0,1.0
62.75,0.0,1.0
62.94,0.0,1.0
63.23,0.0,1.0
63.29,1.0,2.0
64.52,1.0,1.0
66.1,1.0,1.0
66.29,1.0,1.0

