GC_content,occurence
29.85,1.0
34.14,1.0
34.76,1.0
35.25,1.0
35.87,1.0
35.89,1.0
35.91,1.0
35.98,1.0
36.05,1.0
36.08,1.0
36.09,1.0
36.26,1.0
36.32,1.0
36.36,2.0
36.43,1.0
36.48,1.0
36.5,1.0
36.52,1.0
36.53,1.0
36.55,2.0
36.59,2.0
36.6,3.0
36.65,3.0
36.67,1.0
36.8,2.0
36.87,3.0
36.88,1.0
36.93,1.0
36.96,1.0
36.98,1.0
37.02,1.0
37.04,1.0
37.07,8.0
37.13,1.0
37.17,1.0
37.23,1.0
37.24,2.0
37.27,2.0
37.32,1.0
37.37,2.0
37.38,1.0
37.39,2.0
37.41,1.0
37.43,1.0
37.5,3.0
37.55,2.0
37.58,1.0
37.61,1.0
37.65,1.0
37.66,3.0
37.67,1.0
37.68,5.0
37.73,1.0
37.74,1.0
37.75,2.0
37.76,1.0
37.78,1.0
37.85,1.0
37.88,2.0
37.89,2.0
37.91,1.0
37.92,1.0
37.95,1.0
37.99,1.0
38.0,2.0
38.01,1.0
38.04,2.0
38.05,3.0
38.07,1.0
38.12,2.0
38.14,1.0
38.15,1.0
38.16,1.0
38.18,1.0
38.19,1.0
38.22,2.0
38.24,2.0
38.28,1.0
38.3,1.0
38.31,2.0
38.32,1.0
38.35,2.0
38.36,1.0
38.39,1.0
38.4,2.0
38.46,1.0
38.5,1.0
38.51,1.0
38.54,5.0
38.56,1.0
38.6,1.0
38.61,1.0
38.66,1.0
38.7,2.0
38.71,1.0
38.79,1.0
38.82,1.0
38.83,1.0
38.84,1.0
38.89,2.0
38.92,2.0
38.93,2.0
38.94,1.0
38.96,2.0
38.97,1.0
39.0,1.0
39.02,3.0
39.03,1.0
39.07,2.0
39.09,2.0
39.1,1.0
39.11,2.0
39.18,1.0
39.2,1.0
39.23,1.0
39.25,1.0
39.34,2.0
39.37,1.0
39.45,1.0
39.46,1.0
39.48,1.0
39.5,1.0
39.55,1.0
39.6,1.0
39.61,2.0
39.66,1.0
39.69,1.0
39.72,1.0
39.75,1.0
39.76,1.0
39.77,1.0
39.83,1.0
39.92,2.0
39.93,1.0
40.0,3.0
40.07,2.0
40.08,1.0
40.1,1.0
40.13,1.0
40.15,2.0
40.16,1.0
40.18,1.0
40.2,1.0
40.21,3.0
40.22,1.0
40.27,1.0
40.28,1.0
40.32,1.0
40.34,1.0
40.37,1.0
40.38,2.0
40.4,1.0
40.42,1.0
40.44,1.0
40.49,1.0
40.52,2.0
40.53,2.0
40.56,1.0
40.57,1.0
40.58,1.0
40.59,1.0
40.6,1.0
40.61,2.0
40.63,1.0
40.64,1.0
40.67,2.0
40.69,3.0
40.7,2.0
40.73,1.0
40.74,1.0
40.76,3.0
40.79,1.0
40.8,1.0
40.81,4.0
40.82,1.0
40.84,1.0
40.85,2.0
40.86,1.0
40.87,1.0
40.89,1.0
40.91,1.0
40.93,1.0
40.95,1.0
40.96,1.0
40.99,2.0
41.0,2.0
41.01,2.0
41.02,1.0
41.03,1.0
41.04,2.0
41.06,5.0
41.07,1.0
41.08,1.0
41.12,2.0
41.13,2.0
41.14,2.0
41.18,2.0
41.19,1.0
41.23,2.0
41.24,1.0
41.25,1.0
41.26,1.0
41.36,1.0
41.37,1.0
41.39,1.0
41.41,1.0
41.43,1.0
41.45,1.0
41.48,1.0
41.5,2.0
41.52,1.0
41.54,1.0
41.56,2.0
41.57,1.0
41.58,1.0
41.64,2.0
41.67,3.0
41.71,1.0
41.72,1.0
41.73,2.0
41.77,2.0
41.79,1.0
41.81,2.0
41.83,4.0
41.86,1.0
41.88,3.0
41.9,1.0
41.92,1.0
41.95,1.0
41.96,2.0
41.97,2.0
41.98,3.0
41.99,2.0
42.02,1.0
42.04,2.0
42.06,1.0
42.07,1.0
42.08,1.0
42.11,4.0
42.13,2.0
42.16,2.0
42.17,1.0
42.18,1.0
42.19,1.0
42.2,2.0
42.21,1.0
42.22,2.0
42.23,1.0
42.24,2.0
42.25,1.0
42.26,1.0
42.28,1.0
42.29,3.0
42.34,1.0
42.35,2.0
42.36,1.0
42.37,1.0
42.4,2.0
42.41,3.0
42.42,2.0
42.43,1.0
42.45,2.0
42.46,1.0
42.49,1.0
42.5,2.0
42.51,2.0
42.53,1.0
42.54,1.0
42.57,5.0
42.58,1.0
42.59,5.0
42.6,2.0
42.61,2.0
42.62,1.0
42.63,1.0
42.64,3.0
42.67,1.0
42.69,2.0
42.71,3.0
42.72,1.0
42.75,3.0
42.76,2.0
42.77,4.0
42.78,1.0
42.79,2.0
42.83,2.0
42.86,8.0
42.88,1.0
42.9,3.0
42.91,1.0
42.93,1.0
42.94,1.0
42.95,2.0
42.96,1.0
42.97,1.0
42.98,1.0
42.99,1.0
43.0,1.0
43.02,3.0
43.03,4.0
43.04,3.0
43.05,1.0
43.06,2.0
43.09,1.0
43.11,4.0
43.12,2.0
43.13,3.0
43.14,4.0
43.15,2.0
43.16,2.0
43.17,2.0
43.18,2.0
43.2,1.0
43.21,1.0
43.22,2.0
43.23,2.0
43.25,1.0
43.26,2.0
43.27,3.0
43.29,3.0
43.32,1.0
43.33,2.0
43.37,1.0
43.38,1.0
43.39,1.0
43.4,4.0
43.41,1.0
43.42,2.0
43.43,1.0
43.44,1.0
43.45,1.0
43.46,1.0
43.48,1.0
43.5,2.0
43.51,2.0
43.53,1.0
43.54,1.0
43.55,2.0
43.56,1.0
43.57,1.0
43.58,1.0
43.59,2.0
43.6,1.0
43.61,1.0
43.62,2.0
43.63,1.0
43.64,3.0
43.65,1.0
43.66,2.0
43.67,3.0
43.71,2.0
43.72,1.0
43.75,1.0
43.76,1.0
43.78,3.0
43.79,2.0
43.81,2.0
43.82,1.0
43.83,1.0
43.84,2.0
43.85,3.0
43.86,2.0
43.87,3.0
43.88,3.0
43.91,2.0
43.92,3.0
43.93,4.0
43.94,1.0
43.95,1.0
43.96,2.0
43.97,3.0
43.98,3.0
43.99,1.0
44.0,5.0
44.01,1.0
44.04,2.0
44.05,1.0
44.06,1.0
44.07,2.0
44.08,3.0
44.1,5.0
44.11,5.0
44.12,1.0
44.13,1.0
44.14,4.0
44.15,1.0
44.16,4.0
44.17,2.0
44.18,2.0
44.19,2.0
44.2,5.0
44.22,1.0
44.23,3.0
44.24,4.0
44.25,4.0
44.26,3.0
44.27,2.0
44.29,5.0
44.3,2.0
44.31,1.0
44.33,2.0
44.34,2.0
44.37,2.0
44.38,1.0
44.39,6.0
44.4,5.0
44.42,2.0
44.43,4.0
44.44,9.0
44.46,2.0
44.47,2.0
44.49,3.0
44.5,9.0
44.51,2.0
44.52,3.0
44.53,4.0
44.54,7.0
44.55,2.0
44.56,1.0
44.57,5.0
44.58,1.0
44.59,4.0
44.6,2.0
44.63,1.0
44.64,1.0
44.65,2.0
44.66,2.0
44.67,2.0
44.68,1.0
44.69,2.0
44.7,1.0
44.71,3.0
44.72,1.0
44.73,1.0
44.74,2.0
44.75,4.0
44.76,2.0
44.77,2.0
44.78,1.0
44.79,3.0
44.8,1.0
44.81,2.0
44.82,2.0
44.83,3.0
44.84,2.0
44.85,1.0
44.86,7.0
44.87,5.0
44.88,1.0
44.89,4.0
44.9,2.0
44.91,3.0
44.92,3.0
44.93,2.0
44.94,5.0
44.95,1.0
44.96,1.0
44.97,2.0
44.98,1.0
44.99,1.0
45.0,2.0
45.02,1.0
45.03,4.0
45.05,2.0
45.06,1.0
45.07,4.0
45.08,3.0
45.09,1.0
45.1,4.0
45.11,1.0
45.12,4.0
45.13,1.0
45.14,1.0
45.15,2.0
45.16,2.0
45.17,2.0
45.18,3.0
45.19,2.0
45.2,3.0
45.21,4.0
45.22,1.0
45.23,4.0
45.24,1.0
45.25,2.0
45.26,2.0
45.27,1.0
45.28,6.0
45.29,4.0
45.31,3.0
45.32,3.0
45.33,5.0
45.34,3.0
45.35,5.0
45.36,1.0
45.37,1.0
45.38,2.0
45.4,1.0
45.41,4.0
45.42,3.0
45.43,2.0
45.45,11.0
45.48,3.0
45.5,2.0
45.51,6.0
45.52,2.0
45.53,3.0
45.55,4.0
45.56,7.0
45.57,6.0
45.59,2.0
45.6,3.0
45.61,3.0
45.63,3.0
45.64,6.0
45.65,5.0
45.66,4.0
45.67,2.0
45.68,3.0
45.69,6.0
45.7,4.0
45.71,9.0
45.72,1.0
45.73,1.0
45.74,1.0
45.75,3.0
45.76,9.0
45.78,3.0
45.79,2.0
45.8,2.0
45.81,3.0
45.82,1.0
45.83,4.0
45.84,2.0
45.85,9.0
45.86,3.0
45.87,3.0
45.88,4.0
45.89,3.0
45.9,6.0
45.91,5.0
45.92,4.0
45.93,1.0
45.95,7.0
45.96,7.0
45.97,4.0
45.98,5.0
45.99,4.0
46.0,5.0
46.01,6.0
46.02,6.0
46.03,6.0
46.04,2.0
46.05,4.0
46.06,1.0
46.07,6.0
46.08,3.0
46.09,7.0
46.1,1.0
46.11,6.0
46.12,8.0
46.13,2.0
46.14,2.0
46.15,11.0
46.17,1.0
46.18,2.0
46.19,11.0
46.2,5.0
46.21,3.0
46.22,4.0
46.23,6.0
46.24,4.0
46.25,2.0
46.26,4.0
46.27,1.0
46.29,7.0
46.3,2.0
46.32,6.0
46.33,6.0
46.34,2.0
46.35,8.0
46.36,5.0
46.37,1.0
46.38,11.0
46.39,9.0
46.4,1.0
46.41,11.0
46.42,1.0
46.43,3.0
46.44,3.0
46.45,5.0
46.46,10.0
46.47,4.0
46.48,8.0
46.49,2.0
46.5,8.0
46.51,3.0
46.52,5.0
46.53,2.0
46.54,4.0
46.55,6.0
46.56,3.0
46.57,9.0
46.58,9.0
46.59,6.0
46.6,6.0
46.61,28.0
46.62,3.0
46.63,2.0
46.64,8.0
46.65,1.0
46.67,6.0
46.68,2.0
46.69,6.0
46.7,3.0
46.71,3.0
46.72,6.0
46.73,1.0
46.74,7.0
46.75,10.0
46.76,5.0
46.77,10.0
46.78,6.0
46.79,14.0
46.8,7.0
46.81,15.0
46.82,3.0
46.83,5.0
46.84,15.0
46.85,3.0
46.86,3.0
46.88,7.0
46.89,3.0
46.9,4.0
46.91,6.0
46.92,4.0
46.93,12.0
46.94,1.0
46.95,7.0
46.96,6.0
46.97,5.0
46.98,5.0
46.99,1.0
47.0,5.0
47.01,10.0
47.02,7.0
47.03,47.0
47.04,4.0
47.05,1.0
47.06,9.0
47.08,5.0
47.09,2.0
47.1,8.0
47.11,1.0
47.12,7.0
47.13,6.0
47.14,7.0
47.15,7.0
47.16,2.0
47.17,6.0
47.18,5.0
47.19,3.0
47.2,6.0
47.21,9.0
47.22,3.0
47.23,10.0
47.24,1.0
47.25,1.0
47.26,6.0
47.27,5.0
47.28,5.0
47.29,6.0
47.3,6.0
47.31,9.0
47.32,5.0
47.33,4.0
47.34,7.0
47.35,8.0
47.37,10.0
47.38,3.0
47.39,10.0
47.4,4.0
47.41,11.0
47.42,2.0
47.43,4.0
47.44,8.0
47.45,4.0
47.46,6.0
47.47,7.0
47.48,2.0
47.49,3.0
47.5,6.0
47.51,5.0
47.52,3.0
47.53,3.0
47.54,4.0
47.55,3.0
47.56,2.0
47.57,14.0
47.58,4.0
47.59,2.0
47.6,4.0
47.61,1.0
47.62,9.0
47.63,3.0
47.64,35.0
47.65,4.0
47.66,6.0
47.67,4.0
47.68,5.0
47.69,8.0
47.7,5.0
47.71,7.0
47.72,3.0
47.73,9.0
47.74,11.0
47.75,10.0
47.76,3.0
47.77,4.0
47.78,6.0
47.79,3.0
47.8,1.0
47.81,8.0
47.83,9.0
47.84,5.0
47.85,5.0
47.86,9.0
47.87,4.0
47.88,3.0
47.89,4.0
47.9,1.0
47.91,4.0
47.92,5.0
47.93,6.0
47.94,1.0
47.95,4.0
47.96,5.0
47.97,2.0
47.98,4.0
47.99,8.0
48.0,7.0
48.01,3.0
48.02,4.0
48.03,3.0
48.04,8.0
48.05,3.0
48.06,3.0
48.07,7.0
48.08,4.0
48.09,4.0
48.1,6.0
48.11,4.0
48.12,3.0
48.13,4.0
48.14,6.0
48.15,1.0
48.16,5.0
48.17,4.0
48.19,6.0
48.2,3.0
48.21,5.0
48.22,4.0
48.23,4.0
48.24,2.0
48.25,4.0
48.26,5.0
48.28,5.0
48.29,4.0
48.3,4.0
48.31,8.0
48.32,1.0
48.33,2.0
48.34,5.0
48.35,3.0
48.36,4.0
48.37,2.0
48.38,2.0
48.39,6.0
48.4,2.0
48.41,3.0
48.42,2.0
48.43,4.0
48.44,4.0
48.45,2.0
48.46,4.0
48.47,4.0
48.48,7.0
48.5,2.0
48.51,4.0
48.52,5.0
48.53,4.0
48.54,4.0
48.55,5.0
48.56,5.0
48.57,6.0
48.58,2.0
48.59,5.0
48.6,3.0
48.61,1.0
48.62,1.0
48.63,2.0
48.64,5.0
48.65,8.0
48.66,3.0
48.67,4.0
48.68,3.0
48.69,2.0
48.7,5.0
48.71,5.0
48.72,5.0
48.73,5.0
48.74,5.0
48.75,4.0
48.76,2.0
48.77,2.0
48.78,2.0
48.79,4.0
48.8,5.0
48.81,5.0
48.82,3.0
48.83,1.0
48.84,2.0
48.85,7.0
48.86,4.0
48.87,4.0
48.88,4.0
48.89,2.0
48.9,7.0
48.91,3.0
48.92,5.0
48.93,4.0
48.94,2.0
48.95,2.0
48.96,4.0
48.97,1.0
48.98,6.0
48.99,1.0
49.0,7.0
49.01,5.0
49.02,4.0
49.03,1.0
49.04,5.0
49.05,4.0
49.06,4.0
49.07,5.0
49.08,4.0
49.09,5.0
49.1,8.0
49.11,2.0
49.12,3.0
49.13,5.0
49.14,2.0
49.15,5.0
49.16,5.0
49.17,3.0
49.18,1.0
49.19,4.0
49.2,2.0
49.21,6.0
49.22,3.0
49.23,3.0
49.24,2.0
49.25,4.0
49.26,3.0
49.27,4.0
49.28,7.0
49.29,1.0
49.3,3.0
49.31,4.0
49.32,13.0
49.33,3.0
49.34,2.0
49.35,3.0
49.36,5.0
49.37,7.0
49.38,4.0
49.39,5.0
49.4,3.0
49.41,1.0
49.42,1.0
49.43,4.0
49.44,7.0
49.45,7.0
49.46,13.0
49.47,3.0
49.48,2.0
49.49,6.0
49.5,3.0
49.51,2.0
49.52,4.0
49.53,7.0
49.54,2.0
49.55,6.0
49.56,3.0
49.57,4.0
49.58,4.0
49.59,1.0
49.6,2.0
49.61,3.0
49.62,5.0
49.63,3.0
49.64,11.0
49.65,3.0
49.66,1.0
49.67,2.0
49.68,7.0
49.69,11.0
49.7,3.0
49.71,1.0
49.72,4.0
49.73,4.0
49.74,3.0
49.75,2.0
49.76,6.0
49.77,2.0
49.78,2.0
49.79,3.0
49.8,4.0
49.81,3.0
49.82,20.0
49.83,2.0
49.84,5.0
49.85,2.0
49.86,1.0
49.88,2.0
49.89,1.0
49.95,2.0
50.0,82.0
50.05,1.0
50.07,1.0
50.08,2.0
50.1,2.0
50.11,1.0
50.12,1.0
50.13,1.0
50.14,4.0
50.15,1.0
50.16,1.0
50.17,4.0
50.18,32.0
50.19,2.0
50.2,6.0
50.22,6.0
50.23,1.0
50.24,3.0
50.25,1.0
50.26,2.0
50.27,3.0
50.28,4.0
50.29,5.0
50.3,5.0
50.31,9.0
50.32,5.0
50.33,5.0
50.34,2.0
50.35,1.0
50.36,11.0
50.37,5.0
50.38,5.0
50.39,5.0
50.41,1.0
50.42,2.0
50.43,3.0
50.44,3.0
50.45,2.0
50.46,7.0
50.47,3.0
50.48,2.0
50.49,2.0
50.5,5.0
50.51,4.0
50.52,5.0
50.53,2.0
50.54,9.0
50.55,4.0
50.56,6.0
50.57,2.0
50.58,1.0
50.59,7.0
50.6,5.0
50.61,3.0
50.62,4.0
50.63,1.0
50.64,3.0
50.65,5.0
50.66,3.0
50.67,4.0
50.68,4.0
50.69,2.0
50.7,4.0
50.71,4.0
50.72,7.0
50.73,8.0
50.74,1.0
50.75,4.0
50.76,2.0
50.77,1.0
50.78,3.0
50.79,3.0
50.8,1.0
50.81,2.0
50.82,4.0
50.83,2.0
50.84,7.0
50.85,2.0
50.86,4.0
50.87,3.0
50.88,5.0
50.89,1.0
50.9,4.0
50.91,3.0
50.92,7.0
50.93,3.0
50.94,1.0
50.95,2.0
50.96,5.0
50.97,4.0
50.98,5.0
50.99,3.0
51.0,4.0
51.01,4.0
51.02,5.0
51.04,4.0
51.05,3.0
51.06,1.0
51.07,4.0
51.08,2.0
51.09,8.0
51.1,1.0
51.11,2.0
51.12,5.0
51.13,2.0
51.14,6.0
51.15,5.0
51.16,2.0
51.17,1.0
51.18,3.0
51.19,1.0
51.2,6.0
51.21,7.0
51.22,7.0
51.23,7.0
51.24,2.0
51.25,9.0
51.26,2.0
51.27,5.0
51.28,4.0
51.29,1.0
51.3,1.0
51.31,1.0
51.32,4.0
51.33,8.0
51.34,6.0
51.35,1.0
51.36,4.0
51.37,1.0
51.38,7.0
51.4,3.0
51.41,1.0
51.42,1.0
51.43,2.0
51.45,2.0
51.47,2.0
51.48,5.0
51.49,2.0
51.5,3.0
51.51,1.0
51.52,3.0
51.53,1.0
51.55,2.0
51.56,3.0
51.57,5.0
51.58,3.0
51.59,1.0
51.6,2.0
51.61,3.0
51.63,6.0
51.65,1.0
51.66,2.0
51.67,1.0
51.68,1.0
51.69,3.0
51.7,1.0
51.72,4.0
51.73,1.0
51.74,3.0
51.75,3.0
51.76,1.0
51.77,8.0
51.78,1.0
51.79,4.0
51.8,1.0
51.81,1.0
51.82,2.0
51.83,2.0
51.84,4.0
51.85,1.0
51.86,1.0
51.87,3.0
51.88,1.0
51.89,2.0
51.9,3.0
51.91,1.0
51.92,1.0
51.93,1.0
51.94,5.0
51.95,4.0
51.96,2.0
51.97,3.0
51.98,4.0
51.99,2.0
52.0,4.0
52.01,1.0
52.02,3.0
52.03,1.0
52.04,1.0
52.05,1.0
52.06,2.0
52.07,2.0
52.08,1.0
52.09,3.0
52.1,1.0
52.11,4.0
52.12,6.0
52.13,3.0
52.15,3.0
52.16,1.0
52.17,3.0
52.18,2.0
52.19,1.0
52.21,1.0
52.22,2.0
52.23,2.0
52.24,1.0
52.25,3.0
52.26,3.0
52.27,5.0
52.28,2.0
52.3,2.0
52.31,1.0
52.32,4.0
52.33,5.0
52.34,1.0
52.35,3.0
52.36,1.0
52.37,3.0
52.38,3.0
52.4,1.0
52.41,2.0
52.42,2.0
52.43,1.0
52.44,1.0
52.45,1.0
52.48,4.0
52.49,3.0
52.5,1.0
52.51,4.0
52.52,1.0
52.53,3.0
52.54,7.0
52.55,1.0
52.56,2.0
52.58,1.0
52.59,1.0
52.6,1.0
52.61,2.0
52.62,1.0
52.63,2.0
52.64,1.0
52.65,1.0
52.66,1.0
52.67,1.0
52.68,1.0
52.7,1.0
52.71,1.0
52.72,2.0
52.73,2.0
52.74,3.0
52.75,2.0
52.76,2.0
52.77,1.0
52.78,1.0
52.8,2.0
52.81,3.0
52.82,1.0
52.83,6.0
52.84,1.0
52.85,3.0
52.86,3.0
52.87,1.0
52.88,2.0
52.91,3.0
52.93,2.0
52.94,6.0
52.95,1.0
52.96,2.0
52.97,1.0
52.98,2.0
53.0,1.0
53.01,1.0
53.02,1.0
53.03,3.0
53.05,1.0
53.06,1.0
53.09,1.0
53.11,1.0
53.14,1.0
53.15,2.0
53.16,2.0
53.17,2.0
53.19,1.0
53.23,1.0
53.24,1.0
53.25,1.0
53.26,1.0
53.28,2.0
53.29,2.0
53.3,2.0
53.31,1.0
53.32,1.0
53.33,3.0
53.35,1.0
53.36,1.0
53.37,3.0
53.4,1.0
53.41,2.0
53.42,1.0
53.43,2.0
53.45,1.0
53.46,2.0
53.47,3.0
53.49,2.0
53.5,1.0
53.51,1.0
53.54,2.0
53.55,1.0
53.56,2.0
53.57,1.0
53.59,4.0
53.6,1.0
53.61,2.0
53.62,1.0
53.63,1.0
53.64,2.0
53.65,2.0
53.66,1.0
53.68,1.0
53.71,1.0
53.76,2.0
53.78,1.0
53.79,1.0
53.8,1.0
53.82,1.0
53.83,1.0
53.85,6.0
53.86,1.0
53.87,1.0
53.88,1.0
53.89,1.0
53.9,1.0
53.92,3.0
53.93,1.0
53.96,1.0
53.97,1.0
53.98,1.0
53.99,1.0
54.0,2.0
54.02,1.0
54.03,2.0
54.04,3.0
54.05,1.0
54.07,3.0
54.1,3.0
54.12,1.0
54.13,2.0
54.14,1.0
54.17,2.0
54.19,2.0
54.21,1.0
54.22,1.0
54.23,1.0
54.24,3.0
54.25,1.0
54.26,2.0
54.27,2.0
54.29,2.0
54.33,2.0
54.34,1.0
54.35,3.0
54.36,1.0
54.37,2.0
54.38,2.0
54.39,1.0
54.4,1.0
54.41,1.0
54.43,1.0
54.44,3.0
54.47,2.0
54.48,1.0
54.49,1.0
54.5,1.0
54.51,1.0
54.53,1.0
54.55,3.0
54.59,1.0
54.6,1.0
54.61,2.0
54.62,2.0
54.63,2.0
54.65,2.0
54.66,1.0
54.67,2.0
54.7,1.0
54.72,1.0
54.73,2.0
54.75,1.0
54.77,1.0
54.79,1.0
54.81,2.0
54.82,1.0
54.84,2.0
54.85,3.0
54.87,2.0
54.9,1.0
54.91,2.0
54.93,1.0
54.95,2.0
54.99,1.0
55.0,3.0
55.03,1.0
55.04,2.0
55.05,2.0
55.07,1.0
55.08,2.0
55.1,1.0
55.11,1.0
55.12,1.0
55.18,1.0
55.19,2.0
55.2,1.0
55.22,3.0
55.23,2.0
55.24,1.0
55.25,1.0
55.26,3.0
55.28,2.0
55.29,1.0
55.3,3.0
55.32,1.0
55.37,1.0
55.38,1.0
55.39,4.0
55.41,1.0
55.42,1.0
55.43,3.0
55.47,2.0
55.49,1.0
55.5,2.0
55.56,5.0
55.57,2.0
55.62,1.0
55.66,1.0
55.68,4.0
55.69,1.0
55.71,1.0
55.73,1.0
55.74,1.0
55.75,2.0
55.77,1.0
55.78,1.0
55.81,2.0
55.83,1.0
55.84,2.0
55.86,1.0
55.87,1.0
55.9,1.0
55.91,1.0
55.93,1.0
55.96,2.0
56.0,2.0
56.05,2.0
56.06,1.0
56.1,2.0
56.11,1.0
56.13,1.0
56.14,1.0
56.17,1.0
56.18,1.0
56.19,1.0
56.2,1.0
56.23,1.0
56.32,1.0
56.36,1.0
56.37,1.0
56.41,2.0
56.42,1.0
56.43,1.0
56.44,2.0
56.46,1.0
56.48,1.0
56.5,2.0
56.52,1.0
56.55,3.0
56.6,1.0
56.61,1.0
56.63,1.0
56.65,1.0
56.66,1.0
56.67,1.0
56.69,1.0
56.73,1.0
56.77,1.0
56.79,1.0
56.8,1.0
56.82,3.0
56.83,2.0
56.89,1.0
56.9,2.0
56.91,1.0
56.94,2.0
56.96,1.0
56.98,1.0
56.99,1.0
57.01,1.0
57.02,1.0
57.04,1.0
57.05,1.0
57.06,1.0
57.07,3.0
57.08,1.0
57.09,1.0
57.11,1.0
57.12,1.0
57.14,4.0
57.18,1.0
57.21,1.0
57.23,2.0
57.24,1.0
57.28,1.0
57.31,2.0
57.32,1.0
57.37,1.0
57.42,1.0
57.45,1.0
57.48,1.0
57.49,1.0
57.5,3.0
57.56,1.0
57.61,1.0
57.64,1.0
57.65,1.0
57.69,2.0
57.73,1.0
57.74,2.0
57.78,1.0
57.81,1.0
57.82,2.0
57.84,2.0
57.89,1.0
57.91,1.0
57.92,2.0
57.93,1.0
58.04,1.0
58.06,1.0
58.08,2.0
58.11,1.0
58.17,2.0
58.25,1.0
58.26,1.0
58.33,1.0
58.36,1.0
58.37,1.0
58.43,1.0
58.47,1.0
58.51,1.0
58.52,1.0
58.56,1.0
58.62,1.0
58.65,1.0
58.7,1.0
58.72,1.0
58.73,1.0
58.75,1.0
58.77,1.0
58.8,1.0
58.82,3.0
58.85,1.0
58.86,1.0
58.88,1.0
58.89,1.0
58.96,2.0
58.97,1.0
59.01,1.0
59.04,2.0
59.11,1.0
59.12,3.0
59.14,3.0
59.15,2.0
59.18,1.0
59.21,2.0
59.22,1.0
59.26,2.0
59.28,1.0
59.39,2.0
59.43,1.0
59.46,1.0
59.49,2.0
59.54,1.0
59.55,2.0
59.62,1.0
59.68,2.0
59.71,2.0
59.75,1.0
59.76,1.0
59.79,1.0
59.89,1.0
59.9,1.0
59.92,1.0
59.97,1.0
60.0,6.0
60.04,1.0
60.05,1.0
60.1,2.0
60.11,1.0
60.14,1.0
60.18,1.0
60.19,1.0
60.22,1.0
60.24,1.0
60.29,1.0
60.33,1.0
60.36,1.0
60.38,1.0
60.41,1.0
60.45,2.0
60.49,1.0
60.51,1.0
60.53,1.0
60.54,2.0
60.55,1.0
60.59,1.0
60.63,1.0
60.64,2.0
60.65,2.0
60.66,1.0
60.67,1.0
60.71,2.0
60.73,1.0
60.77,1.0
60.78,2.0
60.81,1.0
60.82,2.0
60.86,1.0
60.94,1.0
60.95,1.0
60.96,1.0
60.99,1.0
61.03,1.0
61.04,1.0
61.05,1.0
61.08,1.0
61.1,1.0
61.14,1.0
61.15,1.0
61.17,1.0
61.21,1.0
61.23,1.0
61.25,1.0
61.27,1.0
61.4,1.0
61.41,1.0
61.47,2.0
61.51,3.0
61.54,1.0
61.57,1.0
61.6,1.0
61.66,1.0
61.71,1.0
61.76,1.0
61.85,1.0
61.86,1.0
61.87,1.0
61.89,1.0
61.92,1.0
61.94,1.0
61.96,2.0
61.97,1.0
62.23,1.0
62.29,1.0
62.3,1.0
62.37,1.0
62.44,1.0
62.45,1.0
62.57,1.0
62.6,1.0
62.63,1.0
62.64,1.0
62.69,2.0
62.71,1.0
62.72,1.0
62.77,1.0
62.79,1.0
62.8,1.0
62.84,1.0
62.87,1.0
62.94,1.0
62.96,1.0
62.98,1.0
63.01,1.0
63.06,1.0
63.07,1.0
63.1,1.0
63.13,1.0
63.16,1.0
63.38,1.0
63.44,1.0
63.48,1.0
63.52,1.0
63.64,1.0
63.66,1.0
63.7,1.0
63.73,1.0
63.89,1.0
64.0,1.0
64.06,1.0
64.1,1.0
64.11,1.0
64.15,1.0
64.16,1.0
64.21,1.0
64.22,1.0
64.23,1.0
64.34,1.0
64.45,1.0
64.52,1.0
64.54,1.0
64.64,1.0
64.68,1.0
64.69,1.0
64.83,1.0
64.91,1.0
65.2,1.0
65.23,1.0
65.34,1.0

