GC_content,mapped,occurence
0.0,1.0,1.0
13.54,0.0,1.0
15.77,0.0,1.0
18.99,0.0,1.0
19.07,0.0,1.0
20.64,0.0,1.0
20.99,0.0,1.0
24.1,0.0,1.0
27.06,0.0,1.0
27.08,0.0,1.0
27.71,0.0,1.0
27.9,0.0,1.0
28.34,0.0,1.0
28.6,0.0,1.0
28.81,0.0,1.0
28.88,0.0,1.0
29.08,0.0,1.0
29.75,0.0,1.0
29.88,0.0,1.0
29.95,0.0,1.0
29.99,0.0,1.0
30.12,0.0,1.0
30.13,0.0,1.0
30.21,0.0,1.0
30.49,0.0,1.0
30.59,0.0,2.0
30.73,0.0,1.0
30.75,0.0,1.0
30.77,0.0,2.0
31.08,0.0,1.0
31.1,0.0,1.0
31.16,0.0,1.0
31.28,0.0,1.0
31.58,0.0,1.0
31.64,0.0,2.0
31.69,0.0,1.0
31.71,0.0,1.0
31.76,0.0,1.0
31.8,0.0,1.0
31.82,0.0,1.0
31.84,0.0,1.0
31.85,0.0,1.0
31.86,0.0,1.0
31.87,0.0,1.0
31.98,0.0,1.0
32.0,0.0,1.0
32.09,0.0,1.0
32.14,0.0,1.0
32.19,0.0,1.0
32.2,0.0,4.0
32.21,0.0,1.0
32.22,0.0,2.0
32.3,0.0,1.0
32.48,0.0,1.0
32.49,0.0,1.0
32.52,1.0,1.0
32.53,0.0,1.0
32.56,0.0,1.0
32.58,0.0,1.0
32.62,0.0,1.0
32.72,0.0,1.0
32.77,0.0,1.0
32.79,0.0,1.0
32.8,0.0,1.0
32.84,0.0,1.0
32.95,0.0,1.0
32.98,0.0,2.0
33.02,0.0,1.0
33.05,0.0,1.0
33.06,0.0,1.0
33.07,0.0,1.0
33.08,0.0,1.0
33.15,0.0,1.0
33.16,0.0,1.0
33.19,0.0,1.0
33.26,0.0,1.0
33.3,0.0,1.0
33.33,0.0,2.0
33.38,0.0,1.0
33.44,0.0,1.0
33.46,0.0,1.0
33.5,0.0,1.0
33.51,0.0,1.0
33.58,0.0,3.0
33.65,0.0,1.0
33.66,1.0,1.0
33.69,0.0,1.0
33.71,0.0,1.0
33.82,0.0,2.0
33.85,0.0,1.0
33.86,0.0,1.0
33.93,0.0,1.0
33.94,0.0,1.0
33.97,0.0,1.0
33.99,0.0,2.0
34.0,0.0,1.0
34.01,0.0,1.0
34.05,0.0,1.0
34.06,0.0,1.0
34.07,0.0,1.0
34.09,0.0,1.0
34.12,0.0,3.0
34.13,0.0,1.0
34.14,0.0,1.0
34.15,0.0,1.0
34.16,0.0,1.0
34.17,0.0,1.0
34.2,0.0,1.0
34.21,0.0,1.0
34.21,1.0,1.0
34.22,0.0,2.0
34.23,0.0,1.0
34.26,0.0,1.0
34.28,0.0,1.0
34.32,0.0,1.0
34.34,0.0,3.0
34.35,1.0,1.0
34.38,0.0,1.0
34.39,0.0,2.0
34.42,0.0,1.0
34.44,0.0,1.0
34.45,0.0,1.0
34.46,0.0,4.0
34.48,0.0,1.0
34.5,0.0,1.0
34.52,0.0,2.0
34.53,0.0,2.0
34.54,1.0,1.0
34.56,0.0,1.0
34.57,0.0,1.0
34.58,0.0,1.0
34.59,0.0,2.0
34.6,0.0,1.0
34.61,0.0,1.0
34.62,0.0,1.0
34.64,0.0,2.0
34.66,0.0,1.0
34.67,0.0,1.0
34.68,0.0,1.0
34.69,0.0,2.0
34.71,0.0,2.0
34.72,0.0,3.0
34.73,0.0,2.0
34.75,0.0,2.0
34.77,0.0,1.0
34.83,0.0,1.0
34.84,0.0,1.0
34.85,0.0,1.0
34.87,0.0,2.0
34.9,0.0,1.0
34.91,0.0,2.0
34.96,0.0,2.0
34.97,0.0,1.0
34.98,0.0,1.0
34.99,0.0,1.0
35.0,0.0,1.0
35.02,0.0,1.0
35.03,0.0,2.0
35.07,0.0,2.0
35.08,0.0,3.0
35.09,0.0,1.0
35.13,0.0,1.0
35.14,0.0,1.0
35.19,0.0,3.0
35.21,0.0,2.0
35.23,0.0,2.0
35.24,0.0,2.0
35.29,0.0,2.0
35.3,0.0,1.0
35.33,0.0,2.0
35.35,0.0,1.0
35.36,0.0,1.0
35.41,0.0,1.0
35.42,0.0,1.0
35.43,0.0,3.0
35.45,0.0,3.0
35.47,0.0,1.0
35.49,0.0,1.0
35.5,0.0,1.0
35.54,0.0,3.0
35.55,0.0,1.0
35.57,0.0,1.0
35.58,0.0,1.0
35.62,0.0,1.0
35.63,0.0,1.0
35.65,0.0,2.0
35.67,0.0,1.0
35.69,0.0,1.0
35.71,0.0,2.0
35.72,0.0,1.0
35.74,0.0,1.0
35.75,0.0,1.0
35.76,0.0,1.0
35.78,0.0,3.0
35.79,0.0,2.0
35.82,0.0,2.0
35.84,0.0,3.0
35.85,0.0,3.0
35.86,0.0,1.0
35.88,0.0,3.0
35.91,0.0,2.0
35.93,0.0,1.0
35.94,0.0,1.0
35.97,0.0,1.0
35.98,0.0,1.0
36.0,0.0,1.0
36.01,0.0,1.0
36.02,0.0,2.0
36.03,0.0,1.0
36.04,0.0,2.0
36.05,0.0,1.0
36.09,0.0,1.0
36.17,0.0,1.0
36.2,0.0,1.0
36.21,0.0,1.0
36.23,0.0,1.0
36.24,0.0,1.0
36.26,0.0,1.0
36.27,0.0,2.0
36.3,0.0,2.0
36.32,0.0,1.0
36.33,0.0,1.0
36.36,0.0,1.0
36.4,0.0,1.0
36.41,0.0,2.0
36.43,1.0,1.0
36.44,0.0,1.0
36.45,0.0,1.0
36.47,1.0,1.0
36.51,0.0,7.0
36.53,0.0,1.0
36.56,0.0,2.0
36.57,0.0,1.0
36.59,0.0,1.0
36.6,0.0,2.0
36.61,0.0,1.0
36.61,1.0,1.0
36.62,0.0,1.0
36.63,0.0,4.0
36.64,0.0,1.0
36.65,0.0,8.0
36.66,0.0,1.0
36.67,1.0,1.0
36.69,0.0,1.0
36.7,0.0,2.0
36.72,0.0,1.0
36.72,1.0,2.0
36.73,0.0,1.0
36.74,0.0,1.0
36.76,1.0,3.0
36.77,0.0,1.0
36.79,0.0,2.0
36.82,0.0,1.0
36.84,0.0,5.0
36.86,0.0,2.0
36.86,1.0,1.0
36.87,0.0,1.0
36.9,0.0,8.0
36.92,0.0,3.0
36.93,0.0,1.0
36.95,0.0,1.0
36.96,0.0,1.0
36.98,0.0,2.0
36.99,0.0,2.0
36.99,1.0,1.0
37.02,0.0,1.0
37.04,0.0,6.0
37.05,0.0,1.0
37.06,0.0,4.0
37.09,0.0,1.0
37.1,0.0,2.0
37.11,0.0,1.0
37.14,0.0,1.0
37.14,1.0,1.0
37.16,0.0,1.0
37.17,0.0,10.0
37.19,0.0,1.0
37.19,1.0,1.0
37.2,0.0,1.0
37.2,1.0,2.0
37.21,0.0,1.0
37.22,0.0,1.0
37.23,0.0,29.0
37.24,0.0,1.0
37.26,0.0,1.0
37.27,0.0,2.0
37.28,0.0,1.0
37.29,0.0,2.0
37.3,0.0,2.0
37.3,1.0,2.0
37.31,0.0,1.0
37.33,0.0,1.0
37.34,0.0,2.0
37.35,0.0,2.0
37.35,1.0,1.0
37.37,0.0,3.0
37.39,0.0,1.0
37.42,0.0,1.0
37.43,0.0,9.0
37.44,0.0,3.0
37.45,1.0,3.0
37.47,0.0,1.0
37.5,0.0,9.0
37.5,1.0,6.0
37.51,0.0,1.0
37.52,0.0,3.0
37.55,0.0,1.0
37.55,1.0,1.0
37.56,0.0,3.0
37.57,0.0,6.0
37.58,0.0,4.0
37.59,0.0,1.0
37.62,0.0,2.0
37.63,0.0,4.0
37.65,0.0,5.0
37.65,1.0,1.0
37.67,0.0,2.0
37.68,0.0,1.0
37.69,0.0,1.0
37.7,0.0,1.0
37.71,0.0,1.0
37.72,0.0,3.0
37.73,0.0,1.0
37.77,0.0,50.0
37.79,0.0,1.0
37.8,0.0,3.0
37.8,1.0,5.0
37.81,0.0,2.0
37.83,0.0,2.0
37.85,0.0,2.0
37.86,0.0,1.0
37.86,1.0,1.0
37.87,0.0,6.0
37.89,0.0,2.0
37.89,1.0,1.0
37.9,0.0,2.0
37.9,1.0,3.0
37.92,0.0,2.0
37.92,1.0,2.0
37.93,0.0,3.0
37.94,0.0,3.0
37.95,0.0,5.0
37.96,0.0,1.0
37.96,1.0,6.0
37.97,0.0,5.0
37.98,0.0,1.0
37.99,0.0,1.0
37.99,1.0,1.0
38.0,0.0,1.0
38.01,0.0,3.0
38.02,0.0,1.0
38.02,1.0,1.0
38.04,0.0,2.0
38.06,1.0,6.0
38.07,0.0,1.0
38.08,1.0,1.0
38.09,0.0,1.0
38.1,0.0,36.0
38.12,0.0,3.0
38.13,1.0,1.0
38.15,1.0,1.0
38.17,0.0,2.0
38.18,0.0,5.0
38.2,0.0,2.0
38.21,0.0,1.0
38.21,1.0,4.0
38.22,0.0,2.0
38.24,0.0,5.0
38.27,0.0,2.0
38.27,1.0,3.0
38.28,0.0,2.0
38.29,0.0,2.0
38.3,0.0,1.0
38.31,0.0,2.0
38.32,0.0,3.0
38.33,0.0,1.0
38.34,1.0,1.0
38.35,0.0,1.0
38.36,0.0,2.0
38.37,0.0,4.0
38.37,1.0,7.0
38.39,0.0,1.0
38.4,0.0,1.0
38.4,1.0,3.0
38.41,0.0,3.0
38.42,0.0,2.0
38.43,0.0,1.0
38.43,1.0,4.0
38.46,0.0,11.0
38.46,1.0,1.0
38.49,0.0,1.0
38.49,1.0,2.0
38.5,0.0,2.0
38.51,0.0,2.0
38.52,0.0,1.0
38.52,1.0,6.0
38.53,0.0,1.0
38.54,0.0,2.0
38.55,0.0,14.0
38.58,0.0,2.0
38.59,1.0,4.0
38.6,0.0,1.0
38.6,1.0,1.0
38.61,0.0,3.0
38.62,0.0,1.0
38.62,1.0,1.0
38.63,0.0,1.0
38.64,0.0,6.0
38.64,1.0,1.0
38.65,0.0,5.0
38.66,0.0,3.0
38.68,0.0,1.0
38.68,1.0,9.0
38.69,0.0,27.0
38.71,0.0,3.0
38.72,1.0,1.0
38.73,0.0,2.0
38.73,1.0,1.0
38.75,1.0,1.0
38.76,0.0,5.0
38.78,0.0,2.0
38.78,1.0,1.0
38.79,0.0,125.0
38.8,0.0,2.0
38.81,0.0,1.0
38.82,0.0,2.0
38.83,0.0,1.0
38.83,1.0,1.0
38.84,0.0,3.0
38.84,1.0,4.0
38.85,0.0,2.0
38.86,0.0,6.0
38.87,1.0,1.0
38.88,0.0,3.0
38.89,0.0,2.0
38.89,1.0,1.0
38.91,0.0,3.0
38.91,1.0,4.0
38.92,0.0,2.0
38.93,0.0,2.0
38.93,1.0,1.0
38.94,0.0,1.0
38.95,0.0,4.0
38.96,0.0,2.0
38.96,1.0,2.0
38.97,0.0,1.0
38.98,0.0,2.0
38.98,1.0,3.0
39.0,0.0,1.0
39.0,1.0,7.0
39.01,0.0,4.0
39.02,0.0,7.0
39.02,1.0,1.0
39.03,0.0,1.0
39.04,0.0,1.0
39.05,0.0,1.0
39.06,0.0,1.0
39.06,1.0,2.0
39.07,0.0,3.0
39.08,0.0,5.0
39.09,0.0,3.0
39.09,1.0,1.0
39.15,0.0,1.0
39.16,0.0,11.0
39.17,0.0,1.0
39.17,1.0,5.0
39.18,0.0,1.0
39.19,0.0,1.0
39.2,0.0,5.0
39.21,0.0,2.0
39.22,0.0,2.0
39.23,0.0,2.0
39.24,0.0,2.0
39.24,1.0,5.0
39.25,0.0,4.0
39.26,0.0,1.0
39.26,1.0,1.0
39.27,0.0,2.0
39.28,0.0,2.0
39.29,0.0,2.0
39.3,0.0,2.0
39.3,1.0,1.0
39.31,0.0,5.0
39.32,1.0,1.0
39.33,0.0,2.0
39.33,1.0,5.0
39.34,0.0,4.0
39.35,0.0,1.0
39.36,0.0,2.0
39.37,0.0,4.0
39.38,0.0,2.0
39.38,1.0,1.0
39.39,0.0,112.0
39.41,0.0,3.0
39.41,1.0,4.0
39.42,0.0,1.0
39.42,1.0,2.0
39.43,0.0,1.0
39.44,0.0,5.0
39.45,0.0,1.0
39.45,1.0,1.0
39.46,0.0,2.0
39.48,0.0,3.0
39.48,1.0,3.0
39.49,0.0,3.0
39.5,0.0,1.0
39.5,1.0,16.0
39.51,0.0,1.0
39.52,0.0,3.0
39.53,0.0,2.0
39.55,0.0,1.0
39.57,0.0,2.0
39.57,1.0,8.0
39.58,0.0,6.0
39.58,1.0,3.0
39.6,0.0,2.0
39.62,0.0,2.0
39.62,1.0,2.0
39.63,0.0,6.0
39.64,0.0,2.0
39.65,1.0,1.0
39.66,0.0,4.0
39.66,1.0,11.0
39.67,0.0,14.0
39.67,1.0,1.0
39.68,0.0,3.0
39.69,0.0,1.0
39.7,0.0,2.0
39.71,0.0,1.0
39.72,0.0,2.0
39.73,0.0,1.0
39.73,1.0,2.0
39.74,0.0,1.0
39.74,1.0,18.0
39.75,0.0,3.0
39.75,1.0,2.0
39.76,0.0,8.0
39.77,0.0,4.0
39.78,0.0,1.0
39.79,0.0,2.0
39.81,0.0,6.0
39.82,1.0,1.0
39.83,0.0,1.0
39.83,1.0,8.0
39.85,0.0,1.0
39.86,0.0,7.0
39.87,0.0,2.0
39.88,0.0,8.0
39.89,0.0,2.0
39.9,0.0,1.0
39.91,0.0,14.0
39.91,1.0,8.0
39.92,0.0,1.0
39.94,0.0,1.0
39.95,0.0,4.0
39.96,0.0,2.0
40.0,0.0,17.0
40.0,1.0,19.0
40.02,0.0,1.0
40.03,0.0,1.0
40.05,0.0,5.0
40.07,0.0,2.0
40.07,1.0,1.0
40.08,0.0,1.0
40.08,1.0,3.0
40.09,0.0,4.0
40.09,1.0,9.0
40.1,0.0,1.0
40.11,0.0,1.0
40.12,0.0,4.0
40.12,1.0,1.0
40.13,0.0,3.0
40.13,1.0,1.0
40.14,0.0,3.0
40.15,0.0,1.0
40.17,0.0,1.0
40.17,1.0,9.0
40.19,0.0,3.0
40.2,0.0,1.0
40.21,0.0,1.0
40.23,0.0,1.0
40.24,1.0,2.0
40.25,0.0,1.0
40.25,1.0,2.0
40.26,1.0,5.0
40.27,0.0,3.0
40.28,0.0,2.0
40.32,0.0,1.0
40.32,1.0,1.0
40.33,0.0,1.0
40.33,1.0,1.0
40.34,0.0,1.0
40.34,1.0,12.0
40.35,0.0,1.0
40.35,1.0,1.0
40.36,0.0,1.0
40.38,0.0,1.0
40.38,1.0,1.0
40.41,0.0,2.0
40.41,1.0,1.0
40.42,1.0,1.0
40.43,1.0,3.0
40.44,0.0,1.0
40.44,1.0,1.0
40.45,0.0,2.0
40.47,0.0,1.0
40.47,1.0,1.0
40.48,0.0,4.0
40.49,0.0,1.0
40.49,1.0,1.0
40.51,0.0,1.0
40.51,1.0,2.0
40.52,1.0,11.0
40.53,1.0,3.0
40.54,0.0,1.0
40.54,1.0,1.0
40.55,0.0,2.0
40.56,0.0,2.0
40.57,0.0,2.0
40.57,1.0,1.0
40.59,0.0,2.0
40.6,1.0,3.0
40.61,1.0,3.0
40.62,0.0,1.0
40.63,0.0,2.0
40.64,0.0,1.0
40.66,0.0,2.0
40.67,0.0,2.0
40.68,1.0,1.0
40.69,1.0,8.0
40.71,0.0,1.0
40.71,1.0,3.0
40.72,0.0,1.0
40.72,1.0,1.0
40.75,0.0,1.0
40.76,0.0,1.0
40.77,0.0,1.0
40.77,1.0,3.0
40.79,0.0,1.0
40.79,1.0,5.0
40.8,0.0,1.0
40.8,1.0,1.0
40.83,0.0,2.0
40.83,1.0,1.0
40.85,0.0,1.0
40.86,0.0,1.0
40.87,0.0,1.0
40.87,1.0,11.0
40.88,0.0,1.0
40.89,0.0,1.0
40.89,1.0,3.0
40.91,0.0,1.0
40.92,1.0,1.0
40.93,0.0,2.0
40.94,0.0,1.0
40.97,1.0,11.0
40.98,0.0,4.0
40.99,1.0,2.0
41.01,0.0,1.0
41.03,0.0,1.0
41.03,1.0,1.0
41.04,0.0,2.0
41.05,1.0,7.0
41.07,0.0,2.0
41.08,0.0,2.0
41.08,1.0,1.0
41.1,0.0,1.0
41.1,1.0,1.0
41.11,0.0,1.0
41.12,0.0,1.0
41.13,1.0,2.0
41.14,0.0,1.0
41.15,0.0,1.0
41.15,1.0,4.0
41.16,0.0,1.0
41.18,0.0,1.0
41.2,0.0,1.0
41.2,1.0,2.0
41.21,0.0,2.0
41.23,0.0,3.0
41.23,1.0,9.0
41.25,0.0,1.0
41.26,0.0,1.0
41.26,1.0,2.0
41.27,0.0,1.0
41.29,0.0,2.0
41.3,0.0,1.0
41.3,1.0,3.0
41.31,0.0,2.0
41.33,0.0,1.0
41.33,1.0,8.0
41.34,0.0,1.0
41.36,0.0,1.0
41.36,1.0,3.0
41.38,1.0,1.0
41.39,0.0,2.0
41.4,0.0,1.0
41.41,1.0,17.0
41.43,0.0,1.0
41.44,0.0,1.0
41.44,1.0,1.0
41.45,1.0,1.0
41.46,0.0,2.0
41.46,1.0,1.0
41.47,0.0,1.0
41.48,0.0,1.0
41.48,1.0,2.0
41.49,0.0,3.0
41.49,1.0,1.0
41.5,0.0,2.0
41.51,1.0,1.0
41.52,1.0,6.0
41.53,0.0,2.0
41.54,0.0,1.0
41.55,0.0,1.0
41.56,0.0,4.0
41.56,1.0,1.0
41.57,0.0,2.0
41.59,1.0,13.0
41.61,0.0,1.0
41.63,0.0,1.0
41.63,1.0,1.0
41.66,0.0,1.0
41.66,1.0,1.0
41.67,0.0,3.0
41.67,1.0,7.0
41.69,0.0,1.0
41.69,1.0,1.0
41.7,1.0,9.0
41.71,0.0,1.0
41.73,0.0,1.0
41.74,0.0,1.0
41.77,1.0,2.0
41.78,0.0,1.0
41.78,1.0,10.0
41.8,0.0,1.0
41.82,0.0,1.0
41.82,1.0,3.0
41.83,0.0,1.0
41.85,1.0,1.0
41.86,0.0,1.0
41.87,0.0,1.0
41.88,1.0,3.0
41.89,1.0,12.0
41.9,1.0,1.0
41.92,0.0,1.0
41.93,0.0,1.0
41.94,0.0,1.0
41.94,1.0,2.0
41.95,1.0,1.0
41.96,0.0,2.0
41.96,1.0,17.0
41.97,0.0,3.0
41.98,1.0,1.0
41.99,0.0,1.0
42.01,0.0,1.0
42.01,1.0,3.0
42.04,1.0,2.0
42.05,0.0,2.0
42.06,0.0,1.0
42.06,1.0,3.0
42.08,0.0,1.0
42.08,1.0,13.0
42.09,0.0,1.0
42.1,0.0,1.0
42.11,1.0,4.0
42.12,0.0,1.0
42.13,0.0,1.0
42.13,1.0,1.0
42.14,0.0,1.0
42.15,1.0,12.0
42.18,1.0,1.0
42.2,1.0,2.0
42.21,0.0,1.0
42.22,1.0,1.0
42.23,0.0,2.0
42.25,0.0,2.0
42.25,1.0,4.0
42.26,0.0,2.0
42.27,1.0,10.0
42.28,0.0,1.0
42.29,0.0,1.0
42.29,1.0,1.0
42.31,0.0,1.0
42.32,0.0,1.0
42.33,1.0,2.0
42.34,0.0,1.0
42.34,1.0,16.0
42.35,0.0,1.0
42.37,0.0,2.0
42.38,0.0,2.0
42.38,1.0,1.0
42.39,0.0,1.0
42.4,0.0,1.0
42.4,1.0,2.0
42.41,1.0,1.0
42.43,0.0,1.0
42.45,1.0,2.0
42.47,0.0,1.0
42.47,1.0,4.0
42.48,0.0,1.0
42.5,1.0,1.0
42.51,0.0,1.0
42.51,1.0,2.0
42.52,0.0,1.0
42.52,1.0,1.0
42.53,0.0,1.0
42.53,1.0,13.0
42.54,0.0,1.0
42.55,0.0,2.0
42.55,1.0,2.0
42.58,0.0,3.0
42.58,1.0,1.0
42.59,0.0,1.0
42.59,1.0,4.0
42.6,0.0,1.0
42.6,1.0,2.0
42.61,1.0,1.0
42.62,0.0,1.0
42.62,1.0,1.0
42.63,0.0,1.0
42.64,0.0,1.0
42.65,0.0,1.0
42.65,1.0,2.0
42.66,0.0,1.0
42.66,1.0,7.0
42.67,1.0,1.0
42.68,0.0,2.0
42.7,0.0,2.0
42.72,0.0,3.0
42.73,0.0,1.0
42.73,1.0,10.0
42.75,0.0,1.0
42.77,0.0,3.0
42.79,0.0,1.0
42.79,1.0,7.0
42.81,0.0,1.0
42.82,0.0,2.0
42.83,1.0,1.0
42.86,0.0,4.0
42.86,1.0,14.0
42.87,0.0,1.0
42.89,0.0,1.0
42.9,0.0,1.0
42.91,0.0,1.0
42.92,0.0,1.0
42.92,1.0,16.0
42.93,0.0,1.0
42.95,0.0,2.0
42.98,0.0,1.0
42.98,1.0,2.0
42.99,0.0,1.0
42.99,1.0,6.0
43.0,0.0,2.0
43.0,1.0,2.0
43.02,0.0,1.0
43.03,0.0,1.0
43.04,0.0,3.0
43.06,1.0,15.0
43.07,0.0,1.0
43.08,0.0,1.0
43.09,0.0,1.0
43.09,1.0,1.0
43.1,1.0,1.0
43.11,1.0,2.0
43.12,0.0,1.0
43.12,1.0,13.0
43.13,0.0,1.0
43.13,1.0,1.0
43.14,0.0,1.0
43.15,0.0,1.0
43.16,1.0,1.0
43.17,0.0,3.0
43.18,1.0,3.0
43.19,1.0,4.0
43.2,0.0,2.0
43.2,1.0,3.0
43.21,0.0,1.0
43.22,0.0,2.0
43.22,1.0,1.0
43.23,0.0,1.0
43.23,1.0,2.0
43.24,0.0,1.0
43.24,1.0,1.0
43.25,1.0,1.0
43.26,1.0,10.0
43.27,0.0,1.0
43.27,1.0,2.0
43.28,1.0,2.0
43.29,0.0,1.0
43.3,0.0,1.0
43.32,0.0,1.0
43.32,1.0,21.0
43.33,1.0,3.0
43.34,0.0,2.0
43.34,1.0,1.0
43.35,0.0,2.0
43.35,1.0,1.0
43.37,0.0,1.0
43.38,0.0,2.0
43.38,1.0,2.0
43.4,0.0,1.0
43.4,1.0,5.0
43.41,0.0,1.0
43.41,1.0,1.0
43.42,0.0,2.0
43.43,0.0,1.0
43.44,0.0,2.0
43.46,0.0,1.0
43.46,1.0,15.0
43.47,0.0,1.0
43.48,1.0,1.0
43.49,0.0,1.0
43.5,1.0,2.0
43.52,1.0,22.0
43.53,0.0,2.0
43.54,1.0,2.0
43.55,0.0,2.0
43.55,1.0,1.0
43.56,0.0,1.0
43.56,1.0,1.0
43.57,0.0,1.0
43.58,0.0,2.0
43.58,1.0,3.0
43.59,0.0,3.0
43.6,0.0,1.0
43.6,1.0,7.0
43.61,1.0,1.0
43.62,0.0,1.0
43.62,1.0,1.0
43.63,0.0,1.0
43.64,0.0,1.0
43.65,1.0,1.0
43.66,1.0,12.0
43.67,0.0,2.0
43.69,1.0,1.0
43.71,0.0,1.0
43.72,1.0,20.0
43.73,1.0,1.0
43.74,0.0,1.0
43.75,0.0,1.0
43.75,1.0,1.0
43.76,0.0,2.0
43.76,1.0,1.0
43.77,0.0,1.0
43.78,0.0,1.0
43.78,1.0,9.0
43.79,0.0,1.0
43.8,1.0,1.0
43.81,1.0,6.0
43.82,0.0,1.0
43.82,1.0,1.0
43.83,0.0,2.0
43.84,0.0,1.0
43.84,1.0,2.0
43.86,0.0,7.0
43.87,0.0,2.0
43.87,1.0,20.0
43.88,0.0,3.0
43.88,1.0,1.0
43.89,1.0,2.0
43.9,0.0,2.0
43.91,0.0,2.0
43.92,0.0,1.0
43.92,1.0,1.0
43.93,0.0,1.0
43.93,1.0,25.0
43.95,1.0,1.0
43.96,1.0,1.0
43.97,0.0,5.0
43.98,0.0,2.0
43.98,1.0,9.0
44.0,0.0,1.0
44.0,1.0,1.0
44.01,1.0,1.0
44.02,0.0,2.0
44.02,1.0,8.0
44.03,0.0,1.0
44.04,0.0,2.0
44.04,1.0,2.0
44.05,1.0,1.0
44.06,0.0,2.0
44.06,1.0,2.0
44.08,0.0,1.0
44.08,1.0,16.0
44.09,0.0,1.0
44.1,0.0,3.0
44.11,0.0,2.0
44.11,1.0,1.0
44.12,0.0,1.0
44.12,1.0,2.0
44.13,0.0,1.0
44.13,1.0,25.0
44.14,0.0,1.0
44.14,1.0,1.0
44.16,0.0,1.0
44.17,1.0,3.0
44.19,0.0,1.0
44.19,1.0,10.0
44.2,0.0,3.0
44.2,1.0,3.0
44.21,0.0,1.0
44.21,1.0,1.0
44.22,1.0,3.0
44.23,0.0,1.0
44.23,1.0,4.0
44.24,0.0,2.0
44.24,1.0,1.0
44.25,1.0,2.0
44.26,0.0,3.0
44.26,1.0,4.0
44.27,1.0,1.0
44.28,1.0,1.0
44.29,0.0,2.0
44.29,1.0,16.0
44.3,0.0,3.0
44.3,1.0,2.0
44.32,1.0,1.0
44.33,0.0,1.0
44.33,1.0,4.0
44.34,1.0,24.0
44.35,0.0,5.0
44.35,1.0,1.0
44.36,0.0,3.0
44.37,0.0,1.0
44.37,1.0,1.0
44.38,0.0,2.0
44.38,1.0,3.0
44.39,0.0,2.0
44.39,1.0,9.0
44.4,0.0,7.0
44.4,1.0,2.0
44.41,0.0,1.0
44.44,0.0,9.0
44.44,1.0,11.0
44.47,0.0,1.0
44.47,1.0,2.0
44.48,0.0,1.0
44.48,1.0,1.0
44.49,0.0,4.0
44.49,1.0,1.0
44.5,0.0,1.0
44.5,1.0,22.0
44.51,1.0,1.0
44.52,1.0,3.0
44.53,1.0,2.0
44.54,0.0,4.0
44.54,1.0,1.0
44.55,1.0,12.0
44.56,0.0,1.0
44.56,1.0,2.0
44.57,0.0,2.0
44.57,1.0,1.0
44.58,1.0,2.0
44.59,0.0,4.0
44.59,1.0,2.0
44.6,0.0,1.0
44.6,1.0,6.0
44.61,0.0,3.0
44.61,1.0,1.0
44.62,0.0,2.0
44.62,1.0,3.0
44.63,0.0,3.0
44.64,0.0,5.0
44.65,1.0,1.0
44.66,0.0,2.0
44.66,1.0,6.0
44.67,0.0,2.0
44.67,1.0,4.0
44.68,0.0,7.0
44.68,1.0,2.0
44.69,0.0,1.0
44.69,1.0,2.0
44.7,0.0,1.0
44.7,1.0,3.0
44.71,0.0,1.0
44.71,1.0,13.0
44.72,0.0,7.0
44.72,1.0,1.0
44.73,0.0,3.0
44.73,1.0,1.0
44.74,0.0,4.0
44.74,1.0,2.0
44.75,1.0,3.0
44.76,0.0,1.0
44.76,1.0,22.0
44.77,1.0,2.0
44.78,0.0,4.0
44.78,1.0,4.0
44.79,0.0,1.0
44.79,1.0,1.0
44.8,1.0,3.0
44.81,0.0,3.0
44.81,1.0,5.0
44.82,0.0,2.0
44.82,1.0,2.0
44.83,0.0,46.0
44.83,1.0,4.0
44.84,0.0,1.0
44.84,1.0,3.0
44.85,0.0,2.0
44.85,1.0,1.0
44.86,0.0,3.0
44.86,1.0,2.0
44.87,0.0,6.0
44.87,1.0,3.0
44.88,0.0,1.0
44.88,1.0,6.0
44.89,0.0,1.0
44.89,1.0,5.0
44.91,0.0,2.0
44.91,1.0,2.0
44.92,0.0,4.0
44.92,1.0,1.0
44.93,0.0,9.0
44.93,1.0,16.0
44.94,0.0,1.0
44.94,1.0,2.0
44.95,0.0,10.0
44.95,1.0,3.0
44.96,0.0,3.0
44.96,1.0,3.0
44.97,1.0,5.0
44.98,0.0,15.0
44.98,1.0,30.0
44.99,0.0,1.0
45.0,0.0,3.0
45.0,1.0,2.0
45.01,1.0,3.0
45.02,0.0,6.0
45.02,1.0,5.0
45.03,1.0,2.0
45.04,1.0,1.0
45.05,0.0,3.0
45.05,1.0,8.0
45.06,0.0,6.0
45.07,0.0,1.0
45.07,1.0,4.0
45.08,1.0,1.0
45.09,0.0,3.0
45.09,1.0,7.0
45.1,0.0,2.0
45.1,1.0,9.0
45.11,0.0,4.0
45.11,1.0,3.0
45.12,1.0,2.0
45.13,0.0,1.0
45.13,1.0,3.0
45.14,0.0,1.0
45.15,0.0,5.0
45.15,1.0,12.0
45.16,0.0,1.0
45.16,1.0,4.0
45.17,1.0,2.0
45.18,0.0,13.0
45.18,1.0,4.0
45.19,0.0,1.0
45.19,1.0,27.0
45.2,1.0,3.0
45.21,0.0,1.0
45.21,1.0,4.0
45.22,0.0,20.0
45.22,1.0,5.0
45.23,0.0,7.0
45.23,1.0,3.0
45.24,0.0,1.0
45.24,1.0,11.0
45.25,1.0,3.0
45.26,0.0,34.0
45.26,1.0,3.0
45.27,0.0,1.0
45.27,1.0,7.0
45.28,1.0,2.0
45.29,0.0,3.0
45.29,1.0,3.0
45.3,0.0,4.0
45.3,1.0,1.0
45.31,1.0,3.0
45.32,0.0,1.0
45.32,1.0,5.0
45.33,0.0,3.0
45.33,1.0,2.0
45.34,0.0,3.0
45.34,1.0,3.0
45.35,1.0,1.0
45.36,1.0,4.0
45.37,0.0,8.0
45.37,1.0,16.0
45.38,0.0,3.0
45.38,1.0,2.0
45.39,0.0,1.0
45.39,1.0,1.0
45.4,0.0,1.0
45.4,1.0,1.0
45.41,0.0,154.0
45.41,1.0,29.0
45.42,0.0,2.0
45.42,1.0,3.0
45.43,0.0,1.0
45.43,1.0,2.0
45.44,1.0,2.0
45.45,0.0,21.0
45.45,1.0,13.0
45.47,0.0,1.0
45.47,1.0,3.0
45.48,0.0,1.0
45.49,0.0,5.0
45.49,1.0,2.0
45.5,0.0,3.0
45.5,1.0,3.0
45.51,0.0,1.0
45.51,1.0,5.0
45.52,0.0,1.0
45.52,1.0,1.0
45.53,0.0,2.0
45.53,1.0,4.0
45.54,0.0,2.0
45.54,1.0,6.0
45.55,0.0,1.0
45.55,1.0,2.0
45.56,0.0,2.0
45.56,1.0,1.0
45.57,0.0,9.0
45.57,1.0,3.0
45.58,0.0,5.0
45.58,1.0,3.0
45.59,0.0,3.0
45.59,1.0,11.0
45.61,0.0,30.0
45.61,1.0,2.0
45.62,0.0,1.0
45.62,1.0,3.0
45.63,0.0,2.0
45.63,1.0,20.0
45.64,0.0,2.0
45.65,0.0,27.0
45.65,1.0,6.0
45.66,0.0,1.0
45.67,1.0,6.0
45.68,0.0,4.0
45.69,0.0,4.0
45.69,1.0,2.0
45.7,0.0,3.0
45.7,1.0,3.0
45.71,0.0,1.0
45.71,1.0,4.0
45.72,1.0,1.0
45.73,0.0,2.0
45.73,1.0,7.0
45.74,0.0,7.0
45.74,1.0,2.0
45.75,0.0,1.0
45.75,1.0,2.0
45.76,0.0,1.0
45.76,1.0,1.0
45.77,0.0,2.0
45.77,1.0,9.0
45.78,0.0,5.0
45.78,1.0,2.0
45.79,0.0,1.0
45.79,1.0,5.0
45.8,0.0,4.0
45.8,1.0,1.0
45.81,0.0,11.0
45.81,1.0,11.0
45.82,1.0,3.0
45.83,0.0,4.0
45.83,1.0,1.0
45.84,0.0,1.0
45.85,0.0,197.0
45.85,1.0,16.0
45.86,0.0,2.0
45.86,1.0,3.0
45.87,0.0,3.0
45.87,1.0,1.0
45.88,0.0,2.0
45.88,1.0,7.0
45.89,0.0,8.0
45.89,1.0,3.0
45.9,1.0,1.0
45.91,0.0,2.0
45.91,1.0,1.0
45.92,0.0,1.0
45.92,1.0,2.0
45.93,0.0,2.0
45.93,1.0,3.0
45.94,1.0,1.0
45.95,0.0,2.0
45.95,1.0,4.0
45.96,0.0,3.0
45.96,1.0,4.0
45.97,0.0,1.0
45.97,1.0,2.0
45.98,0.0,1.0
45.99,0.0,1.0
45.99,1.0,3.0
46.0,1.0,8.0
46.02,0.0,3.0
46.02,1.0,3.0
46.03,0.0,6.0
46.03,1.0,2.0
46.04,0.0,1.0
46.04,1.0,13.0
46.05,0.0,18.0
46.05,1.0,2.0
46.06,0.0,4.0
46.06,1.0,3.0
46.07,1.0,5.0
46.08,0.0,1.0
46.08,1.0,24.0
46.09,0.0,10.0
46.09,1.0,3.0
46.1,0.0,1.0
46.1,1.0,6.0
46.11,1.0,1.0
46.12,0.0,5.0
46.12,1.0,6.0
46.13,0.0,2.0
46.13,1.0,1.0
46.14,0.0,1.0
46.14,1.0,1.0
46.15,1.0,10.0
46.16,0.0,1.0
46.16,1.0,1.0
46.17,0.0,2.0
46.17,1.0,2.0
46.18,0.0,1.0
46.19,0.0,5.0
46.19,1.0,9.0
46.21,0.0,2.0
46.21,1.0,2.0
46.22,0.0,3.0
46.22,1.0,3.0
46.23,1.0,4.0
46.24,0.0,1.0
46.24,1.0,2.0
46.25,0.0,4.0
46.25,1.0,1.0
46.26,0.0,10.0
46.26,1.0,3.0
46.27,0.0,1.0
46.27,1.0,18.0
46.28,1.0,8.0
46.29,0.0,13.0
46.29,1.0,4.0
46.3,0.0,2.0
46.3,1.0,7.0
46.31,0.0,2.0
46.31,1.0,22.0
46.32,0.0,1.0
46.32,1.0,4.0
46.33,0.0,2.0
46.33,1.0,4.0
46.34,0.0,1.0
46.34,1.0,5.0
46.35,0.0,3.0
46.35,1.0,5.0
46.36,0.0,2.0
46.36,1.0,6.0
46.37,0.0,4.0
46.37,1.0,4.0
46.38,0.0,3.0
46.38,1.0,3.0
46.39,0.0,2.0
46.39,1.0,1.0
46.4,0.0,1.0
46.4,1.0,7.0
46.41,0.0,1.0
46.41,1.0,7.0
46.42,0.0,2.0
46.42,1.0,2.0
46.43,0.0,4.0
46.43,1.0,3.0
46.44,0.0,1.0
46.44,1.0,2.0
46.45,0.0,2.0
46.45,1.0,3.0
46.46,0.0,3.0
46.46,1.0,6.0
46.47,0.0,3.0
46.47,1.0,3.0
46.48,0.0,3.0
46.48,1.0,5.0
46.49,0.0,8.0
46.49,1.0,8.0
46.5,0.0,2.0
46.5,1.0,8.0
46.51,0.0,1.0
46.51,1.0,3.0
46.52,0.0,1.0
46.52,1.0,6.0
46.53,0.0,3.0
46.53,1.0,19.0
46.54,0.0,1.0
46.54,1.0,2.0
46.55,0.0,6.0
46.55,1.0,2.0
46.56,0.0,5.0
46.56,1.0,3.0
46.57,0.0,2.0
46.57,1.0,7.0
46.58,0.0,2.0
46.58,1.0,5.0
46.59,0.0,2.0
46.59,1.0,5.0
46.6,0.0,1.0
46.6,1.0,6.0
46.61,0.0,4.0
46.61,1.0,6.0
46.62,0.0,4.0
46.62,1.0,3.0
46.63,0.0,1.0
46.63,1.0,8.0
46.64,0.0,1.0
46.64,1.0,4.0
46.65,0.0,1.0
46.65,1.0,6.0
46.66,0.0,4.0
46.66,1.0,1.0
46.67,0.0,3.0
46.67,1.0,3.0
46.68,0.0,2.0
46.68,1.0,1.0
46.69,1.0,5.0
46.7,0.0,1.0
46.7,1.0,5.0
46.71,0.0,1.0
46.71,1.0,2.0
46.72,0.0,2.0
46.72,1.0,4.0
46.73,0.0,10.0
46.73,1.0,12.0
46.74,0.0,1.0
46.74,1.0,7.0
46.75,0.0,2.0
46.75,1.0,5.0
46.76,0.0,1.0
46.76,1.0,2.0
46.77,0.0,5.0
46.77,1.0,18.0
46.78,1.0,4.0
46.79,0.0,2.0
46.79,1.0,10.0
46.8,0.0,6.0
46.8,1.0,7.0
46.81,0.0,4.0
46.81,1.0,6.0
46.82,0.0,2.0
46.82,1.0,1.0
46.83,1.0,6.0
46.84,0.0,1.0
46.84,1.0,3.0
46.85,0.0,5.0
46.85,1.0,4.0
46.86,0.0,1.0
46.86,1.0,7.0
46.87,0.0,1.0
46.87,1.0,6.0
46.88,0.0,3.0
46.88,1.0,14.0
46.89,0.0,1.0
46.89,1.0,7.0
46.9,0.0,1.0
46.9,1.0,9.0
46.91,0.0,4.0
46.91,1.0,6.0
46.92,1.0,8.0
46.93,0.0,1.0
46.93,1.0,5.0
46.94,1.0,6.0
46.95,1.0,4.0
46.96,0.0,1.0
46.96,1.0,16.0
46.97,0.0,2.0
46.97,1.0,18.0
46.98,0.0,2.0
46.98,1.0,11.0
46.99,1.0,4.0
47.0,0.0,6.0
47.0,1.0,19.0
47.01,0.0,2.0
47.01,1.0,6.0
47.02,0.0,1.0
47.02,1.0,2.0
47.03,1.0,12.0
47.04,1.0,6.0
47.05,1.0,1.0
47.06,0.0,3.0
47.06,1.0,10.0
47.07,0.0,2.0
47.07,1.0,2.0
47.08,0.0,1.0
47.08,1.0,5.0
47.09,1.0,7.0
47.1,0.0,2.0
47.1,1.0,6.0
47.11,1.0,7.0
47.12,0.0,1.0
47.12,1.0,6.0
47.13,1.0,4.0
47.14,0.0,2.0
47.14,1.0,13.0
47.15,1.0,8.0
47.16,0.0,3.0
47.16,1.0,5.0
47.17,0.0,1.0
47.17,1.0,11.0
47.18,0.0,3.0
47.18,1.0,16.0
47.19,0.0,2.0
47.19,1.0,5.0
47.2,1.0,8.0
47.21,0.0,3.0
47.21,1.0,11.0
47.22,0.0,1.0
47.22,1.0,6.0
47.23,0.0,1.0
47.23,1.0,9.0
47.24,0.0,1.0
47.24,1.0,9.0
47.25,0.0,1.0
47.25,1.0,3.0
47.26,1.0,9.0
47.27,1.0,11.0
47.28,0.0,1.0
47.28,1.0,6.0
47.29,0.0,1.0
47.29,1.0,7.0
47.3,1.0,6.0
47.31,0.0,1.0
47.31,1.0,13.0
47.32,1.0,11.0
47.33,1.0,7.0
47.34,0.0,2.0
47.34,1.0,10.0
47.35,1.0,2.0
47.36,1.0,4.0
47.37,0.0,1.0
47.37,1.0,8.0
47.38,1.0,6.0
47.39,0.0,1.0
47.39,1.0,5.0
47.4,0.0,1.0
47.4,1.0,6.0
47.41,0.0,2.0
47.41,1.0,12.0
47.42,1.0,10.0
47.43,1.0,7.0
47.44,1.0,8.0
47.45,0.0,2.0
47.45,1.0,20.0
47.46,0.0,1.0
47.46,1.0,8.0
47.47,0.0,1.0
47.47,1.0,19.0
47.48,0.0,1.0
47.48,1.0,12.0
47.49,1.0,6.0
47.5,1.0,11.0
47.51,1.0,4.0
47.52,0.0,1.0
47.52,1.0,10.0
47.53,1.0,8.0
47.54,1.0,15.0
47.55,0.0,1.0
47.55,1.0,6.0
47.56,0.0,2.0
47.56,1.0,8.0
47.57,0.0,2.0
47.57,1.0,14.0
47.58,0.0,1.0
47.58,1.0,23.0
47.59,1.0,16.0
47.6,0.0,1.0
47.6,1.0,4.0
47.61,1.0,3.0
47.62,1.0,14.0
47.63,1.0,3.0
47.64,1.0,8.0
47.65,1.0,4.0
47.66,0.0,1.0
47.66,1.0,6.0
47.67,0.0,2.0
47.67,1.0,5.0
47.68,0.0,1.0
47.68,1.0,8.0
47.69,0.0,2.0
47.69,1.0,10.0
47.7,1.0,4.0
47.71,0.0,2.0
47.71,1.0,10.0
47.72,1.0,84.0
47.73,0.0,2.0
47.73,1.0,9.0
47.74,0.0,1.0
47.74,1.0,2.0
47.75,0.0,1.0
47.75,1.0,20.0
47.76,1.0,10.0
47.77,0.0,2.0
47.77,1.0,10.0
47.78,0.0,1.0
47.78,1.0,5.0
47.79,1.0,7.0
47.8,0.0,1.0
47.8,1.0,7.0
47.81,1.0,7.0
47.82,0.0,1.0
47.83,1.0,18.0
47.84,0.0,2.0
47.84,1.0,17.0
47.85,0.0,1.0
47.85,1.0,25.0
47.86,1.0,21.0
47.87,1.0,14.0
47.88,0.0,1.0
47.88,1.0,20.0
47.89,1.0,14.0
47.9,0.0,1.0
47.9,1.0,11.0
47.91,0.0,1.0
47.91,1.0,5.0
47.92,1.0,15.0
47.93,0.0,3.0
47.93,1.0,10.0
47.94,1.0,8.0
47.95,1.0,9.0
47.96,0.0,1.0
47.96,1.0,29.0
47.97,0.0,2.0
47.97,1.0,5.0
47.98,0.0,1.0
47.98,1.0,14.0
47.99,1.0,37.0
48.0,1.0,10.0
48.01,1.0,4.0
48.02,1.0,14.0
48.03,1.0,9.0
48.04,0.0,2.0
48.04,1.0,5.0
48.05,0.0,2.0
48.05,1.0,11.0
48.06,1.0,10.0
48.07,0.0,2.0
48.07,1.0,13.0
48.08,0.0,2.0
48.08,1.0,7.0
48.09,1.0,18.0
48.1,0.0,2.0
48.1,1.0,21.0
48.11,1.0,11.0
48.12,0.0,1.0
48.12,1.0,21.0
48.13,0.0,2.0
48.13,1.0,20.0
48.14,1.0,9.0
48.15,0.0,1.0
48.15,1.0,19.0
48.16,1.0,17.0
48.17,1.0,14.0
48.18,1.0,14.0
48.19,0.0,3.0
48.19,1.0,10.0
48.2,1.0,11.0
48.21,0.0,2.0
48.21,1.0,59.0
48.22,0.0,1.0
48.22,1.0,11.0
48.23,1.0,4.0
48.24,0.0,1.0
48.24,1.0,11.0
48.25,0.0,1.0
48.25,1.0,25.0
48.26,1.0,27.0
48.27,0.0,1.0
48.27,1.0,7.0
48.28,1.0,15.0
48.29,1.0,19.0
48.3,0.0,1.0
48.3,1.0,6.0
48.31,1.0,47.0
48.32,0.0,1.0
48.32,1.0,14.0
48.33,0.0,2.0
48.33,1.0,19.0
48.34,1.0,16.0
48.35,1.0,14.0
48.36,0.0,1.0
48.36,1.0,11.0
48.37,0.0,2.0
48.37,1.0,15.0
48.38,0.0,1.0
48.38,1.0,10.0
48.39,0.0,1.0
48.39,1.0,35.0
48.4,1.0,19.0
48.41,1.0,5.0
48.42,1.0,5.0
48.43,0.0,1.0
48.43,1.0,11.0
48.44,0.0,1.0
48.44,1.0,12.0
48.45,0.0,1.0
48.45,1.0,17.0
48.46,0.0,1.0
48.46,1.0,4.0
48.47,1.0,23.0
48.48,1.0,30.0
48.49,1.0,5.0
48.5,1.0,19.0
48.51,1.0,54.0
48.52,0.0,2.0
48.52,1.0,41.0
48.53,1.0,10.0
48.54,1.0,33.0
48.55,1.0,15.0
48.56,0.0,1.0
48.56,1.0,16.0
48.57,1.0,62.0
48.58,1.0,9.0
48.59,0.0,1.0
48.59,1.0,4.0
48.6,1.0,12.0
48.61,0.0,1.0
48.61,1.0,9.0
48.62,1.0,30.0
48.63,0.0,1.0
48.63,1.0,6.0
48.64,0.0,3.0
48.64,1.0,16.0
48.65,1.0,25.0
48.66,0.0,2.0
48.66,1.0,31.0
48.67,1.0,17.0
48.68,0.0,1.0
48.68,1.0,26.0
48.69,1.0,9.0
48.7,1.0,23.0
48.71,1.0,32.0
48.72,1.0,46.0
48.73,1.0,145.0
48.74,1.0,41.0
48.75,0.0,3.0
48.75,1.0,29.0
48.76,1.0,22.0
48.77,1.0,37.0
48.78,0.0,1.0
48.78,1.0,24.0
48.79,0.0,1.0
48.79,1.0,20.0
48.8,1.0,25.0
48.81,0.0,2.0
48.81,1.0,22.0
48.82,1.0,14.0
48.83,1.0,7.0
48.84,1.0,8.0
48.85,1.0,10.0
48.86,1.0,7.0
48.87,0.0,2.0
48.87,1.0,9.0
48.88,0.0,1.0
48.88,1.0,10.0
48.89,0.0,1.0
48.89,1.0,4.0
48.9,0.0,2.0
48.9,1.0,18.0
48.91,0.0,2.0
48.91,1.0,19.0
48.92,1.0,33.0
48.93,1.0,61.0
48.94,1.0,160.0
48.95,1.0,178.0
48.96,0.0,1.0
48.96,1.0,58.0
48.97,0.0,1.0
48.97,1.0,29.0
48.98,1.0,55.0
48.99,0.0,1.0
48.99,1.0,24.0
49.0,0.0,1.0
49.0,1.0,10.0
49.01,1.0,3.0
49.02,0.0,1.0
49.02,1.0,40.0
49.03,1.0,3.0
49.04,0.0,2.0
49.04,1.0,8.0
49.05,1.0,6.0
49.06,0.0,1.0
49.06,1.0,15.0
49.07,1.0,35.0
49.08,0.0,2.0
49.08,1.0,19.0
49.09,1.0,110.0
49.1,1.0,19.0
49.11,0.0,2.0
49.11,1.0,26.0
49.12,0.0,3.0
49.12,1.0,15.0
49.13,1.0,12.0
49.14,1.0,32.0
49.15,0.0,2.0
49.15,1.0,1211.0
49.16,1.0,70.0
49.17,0.0,2.0
49.17,1.0,45.0
49.18,1.0,43.0
49.19,0.0,1.0
49.19,1.0,31.0
49.2,1.0,19.0
49.21,0.0,1.0
49.21,1.0,40.0
49.22,1.0,13.0
49.23,0.0,2.0
49.23,1.0,21.0
49.24,0.0,1.0
49.24,1.0,55.0
49.25,0.0,1.0
49.25,1.0,21.0
49.26,1.0,22.0
49.27,1.0,18.0
49.28,1.0,11.0
49.3,0.0,1.0
49.3,1.0,8.0
49.31,1.0,1.0
49.32,1.0,5.0
49.33,0.0,1.0
49.33,1.0,5.0
49.34,1.0,14.0
49.35,1.0,24.0
49.36,1.0,366.0
49.37,1.0,275.0
49.38,0.0,1.0
49.38,1.0,64.0
49.39,1.0,117.0
49.4,1.0,39.0
49.41,0.0,1.0
49.41,1.0,9.0
49.42,0.0,1.0
49.42,1.0,11.0
49.43,0.0,1.0
49.43,1.0,3.0
49.44,0.0,1.0
49.44,1.0,9.0
49.45,1.0,2.0
49.46,1.0,14.0
49.47,0.0,3.0
49.47,1.0,96.0
49.48,1.0,7.0
49.49,1.0,1.0
49.5,1.0,7.0
49.51,1.0,4.0
49.52,0.0,1.0
49.52,1.0,19.0
49.53,1.0,11.0
49.54,1.0,50.0
49.55,1.0,41.0
49.56,1.0,21.0
49.57,1.0,131.0
49.58,1.0,3249.0
49.59,1.0,28.0
49.6,0.0,1.0
49.6,1.0,30.0
49.61,1.0,2.0
49.62,0.0,1.0
49.62,1.0,6.0
49.63,0.0,1.0
49.63,1.0,10.0
49.64,1.0,13.0
49.65,1.0,4.0
49.66,0.0,2.0
49.66,1.0,3.0
49.67,0.0,1.0
49.68,1.0,5.0
49.69,1.0,26.0
49.7,1.0,16.0
49.71,0.0,2.0
49.71,1.0,5.0
49.72,0.0,3.0
49.72,1.0,4.0
49.73,0.0,1.0
49.73,1.0,35.0
49.74,1.0,31.0
49.75,1.0,2.0
49.76,1.0,11.0
49.77,1.0,7.0
49.78,0.0,1.0
49.78,1.0,21.0
49.79,1.0,557.0
49.8,1.0,25.0
49.81,0.0,1.0
49.81,1.0,4.0
49.82,0.0,1.0
49.82,1.0,2.0
49.83,0.0,1.0
49.83,1.0,4.0
49.84,0.0,1.0
49.84,1.0,6.0
49.85,1.0,27.0
49.86,1.0,3.0
49.87,0.0,1.0
49.88,1.0,2.0
49.94,1.0,1.0
49.96,0.0,1.0
50.0,0.0,14.0
50.0,1.0,910.0
50.05,0.0,1.0
50.06,0.0,1.0
50.08,1.0,1.0
50.1,0.0,1.0
50.12,0.0,1.0
50.12,1.0,1.0
50.13,1.0,1.0
50.15,0.0,1.0
50.15,1.0,19.0
50.16,1.0,1.0
50.17,1.0,1.0
50.18,1.0,1.0
50.19,1.0,5.0
50.2,0.0,1.0
50.2,1.0,9.0
50.21,1.0,135.0
50.22,1.0,31.0
50.23,1.0,6.0
50.24,1.0,5.0
50.25,1.0,2.0
50.26,1.0,29.0
50.27,1.0,25.0
50.28,0.0,2.0
50.28,1.0,1.0
50.29,0.0,2.0
50.29,1.0,2.0
50.3,0.0,1.0
50.3,1.0,4.0
50.31,1.0,8.0
50.32,1.0,1.0
50.33,1.0,2.0
50.34,1.0,3.0
50.35,1.0,2.0
50.36,1.0,1.0
50.37,1.0,3.0
50.38,1.0,1.0
50.4,1.0,3.0
50.41,1.0,9.0
50.42,1.0,51.0
50.43,1.0,49.0
50.44,1.0,9.0
50.45,1.0,15.0
50.46,0.0,1.0
50.46,1.0,10.0
50.47,0.0,1.0
50.47,1.0,7.0
50.48,1.0,2.0
50.49,1.0,4.0
50.5,0.0,1.0
50.5,1.0,2.0
50.51,1.0,2.0
50.52,0.0,1.0
50.52,1.0,4.0
50.53,1.0,23.0
50.54,1.0,10.0
50.55,1.0,2.0
50.56,1.0,2.0
50.57,0.0,1.0
50.57,1.0,1.0
50.58,0.0,1.0
50.58,1.0,3.0
50.59,0.0,2.0
50.59,1.0,1.0
50.6,0.0,1.0
50.6,1.0,2.0
50.61,1.0,3.0
50.62,0.0,2.0
50.62,1.0,9.0
50.63,0.0,1.0
50.63,1.0,16.0
50.64,1.0,17.0
50.65,1.0,6.0
50.66,0.0,1.0
50.66,1.0,3.0
50.67,0.0,1.0
50.69,0.0,1.0
50.69,1.0,2.0
50.7,1.0,3.0
50.71,1.0,2.0
50.72,1.0,1.0
50.73,0.0,2.0
50.73,1.0,2.0
50.74,0.0,1.0
50.75,0.0,1.0
50.75,1.0,4.0
50.76,1.0,1.0
50.77,0.0,1.0
50.77,1.0,3.0
50.78,1.0,2.0
50.79,1.0,6.0
50.8,0.0,1.0
50.8,1.0,1.0
50.81,1.0,2.0
50.82,0.0,1.0
50.82,1.0,8.0
50.83,1.0,11.0
50.84,1.0,3.0
50.85,0.0,1.0
50.85,1.0,9.0
50.86,0.0,1.0
50.86,1.0,3.0
50.87,1.0,5.0
50.88,0.0,1.0
50.88,1.0,3.0
50.89,1.0,5.0
50.9,1.0,2.0
50.91,1.0,9.0
50.92,0.0,1.0
50.92,1.0,1.0
50.93,0.0,2.0
50.93,1.0,6.0
50.94,0.0,2.0
50.96,0.0,1.0
50.99,1.0,3.0
51.0,1.0,2.0
51.02,1.0,2.0
51.03,0.0,1.0
51.04,1.0,1.0
51.05,0.0,1.0
51.05,1.0,4.0
51.06,1.0,6.0
51.07,1.0,3.0
51.08,1.0,6.0
51.09,1.0,3.0
51.1,1.0,2.0
51.11,1.0,2.0
51.12,0.0,1.0
51.12,1.0,3.0
51.13,1.0,1.0
51.14,1.0,3.0
51.15,0.0,1.0
51.15,1.0,1.0
51.16,1.0,1.0
51.17,1.0,1.0
51.18,0.0,1.0
51.19,0.0,2.0
51.19,1.0,1.0
51.2,1.0,2.0
51.21,0.0,2.0
51.21,1.0,1.0
51.22,1.0,3.0
51.23,0.0,1.0
51.23,1.0,1.0
51.24,1.0,2.0
51.25,1.0,1.0
51.27,1.0,1.0
51.28,0.0,2.0
51.28,1.0,1.0
51.29,1.0,2.0
51.31,1.0,2.0
51.32,1.0,2.0
51.33,1.0,1.0
51.34,0.0,1.0
51.35,0.0,2.0
51.35,1.0,3.0
51.37,0.0,2.0
51.38,0.0,1.0
51.38,1.0,6.0
51.39,1.0,1.0
51.4,0.0,1.0
51.4,1.0,2.0
51.42,0.0,1.0
51.42,1.0,1.0
51.43,1.0,1.0
51.45,0.0,1.0
51.46,0.0,2.0
51.46,1.0,2.0
51.48,1.0,1.0
51.49,0.0,1.0
51.5,0.0,1.0
51.5,1.0,2.0
51.51,1.0,1.0
51.52,1.0,2.0
51.53,1.0,2.0
51.54,0.0,1.0
51.54,1.0,1.0
51.56,0.0,1.0
51.56,1.0,1.0
51.57,1.0,1.0
51.58,0.0,1.0
51.61,0.0,1.0
51.61,1.0,1.0
51.62,1.0,2.0
51.63,1.0,1.0
51.65,0.0,1.0
51.65,1.0,1.0
51.66,0.0,1.0
51.67,0.0,1.0
51.67,1.0,5.0
51.68,0.0,2.0
51.68,1.0,1.0
51.69,1.0,2.0
51.7,1.0,1.0
51.71,1.0,3.0
51.72,0.0,1.0
51.72,1.0,2.0
51.73,0.0,2.0
51.74,1.0,1.0
51.75,0.0,2.0
51.75,1.0,1.0
51.77,1.0,1.0
51.78,1.0,1.0
51.79,0.0,1.0
51.79,1.0,3.0
51.82,1.0,1.0
51.83,0.0,1.0
51.83,1.0,1.0
51.86,1.0,1.0
51.87,0.0,2.0
51.87,1.0,2.0
51.88,1.0,2.0
51.89,0.0,1.0
51.91,1.0,2.0
51.92,0.0,1.0
51.93,0.0,1.0
51.96,0.0,1.0
51.96,1.0,1.0
51.98,1.0,1.0
52.01,1.0,2.0
52.02,1.0,1.0
52.03,0.0,1.0
52.03,1.0,1.0
52.04,0.0,1.0
52.05,1.0,2.0
52.07,0.0,1.0
52.1,1.0,1.0
52.12,0.0,1.0
52.13,0.0,1.0
52.13,1.0,1.0
52.14,1.0,1.0
52.15,1.0,1.0
52.17,1.0,2.0
52.19,1.0,1.0
52.2,1.0,3.0
52.22,0.0,1.0
52.22,1.0,2.0
52.23,0.0,1.0
52.23,1.0,2.0
52.25,0.0,1.0
52.27,1.0,2.0
52.28,1.0,1.0
52.29,0.0,1.0
52.29,1.0,2.0
52.3,1.0,1.0
52.31,1.0,1.0
52.33,1.0,1.0
52.34,1.0,1.0
52.35,1.0,1.0
52.36,0.0,1.0
52.37,0.0,1.0
52.38,1.0,4.0
52.4,1.0,1.0
52.41,1.0,1.0
52.42,1.0,2.0
52.45,0.0,1.0
52.49,1.0,1.0
52.5,0.0,1.0
52.51,1.0,2.0
52.54,1.0,1.0
52.57,1.0,1.0
52.59,1.0,1.0
52.6,1.0,1.0
52.64,1.0,1.0
52.66,1.0,2.0
52.69,0.0,1.0
52.7,0.0,1.0
52.73,1.0,1.0
52.74,0.0,1.0
52.74,1.0,1.0
52.75,0.0,1.0
52.77,1.0,2.0
52.78,0.0,2.0
52.78,1.0,2.0
52.79,0.0,1.0
52.81,1.0,1.0
52.84,1.0,1.0
52.85,1.0,2.0
52.86,0.0,1.0
52.88,1.0,1.0
52.89,1.0,1.0
52.91,1.0,1.0
52.92,0.0,4.0
52.92,1.0,1.0
52.94,1.0,1.0
52.98,1.0,1.0
53.0,1.0,1.0
53.01,1.0,1.0
53.02,1.0,1.0
53.04,1.0,1.0
53.05,1.0,2.0
53.1,1.0,2.0
53.11,1.0,3.0
53.14,0.0,1.0
53.14,1.0,1.0
53.17,0.0,1.0
53.2,1.0,1.0
53.22,1.0,1.0
53.23,1.0,1.0
53.24,1.0,5.0
53.25,1.0,1.0
53.26,1.0,1.0
53.29,1.0,1.0
53.33,0.0,3.0
53.33,1.0,1.0
53.35,0.0,1.0
53.35,1.0,1.0
53.36,0.0,1.0
53.45,1.0,2.0
53.49,0.0,1.0
53.5,1.0,2.0
53.54,0.0,1.0
53.55,1.0,1.0
53.59,1.0,2.0
53.62,0.0,1.0
53.62,1.0,1.0
53.63,0.0,1.0
53.64,1.0,1.0
53.67,0.0,1.0
53.67,1.0,1.0
53.71,0.0,1.0
53.71,1.0,2.0
53.72,0.0,1.0
53.74,1.0,1.0
53.76,0.0,1.0
53.78,0.0,1.0
53.78,1.0,1.0
53.84,0.0,1.0
53.85,0.0,1.0
53.85,1.0,1.0
53.86,0.0,1.0
53.89,1.0,1.0
53.96,0.0,1.0
53.98,1.0,1.0
54.02,1.0,1.0
54.05,0.0,1.0
54.07,0.0,1.0
54.08,0.0,1.0
54.08,1.0,1.0
54.12,0.0,1.0
54.15,1.0,1.0
54.17,0.0,1.0
54.17,1.0,1.0
54.2,0.0,1.0
54.25,0.0,2.0
54.3,0.0,1.0
54.32,0.0,1.0
54.32,1.0,1.0
54.35,0.0,1.0
54.38,1.0,1.0
54.44,1.0,1.0
54.52,0.0,1.0
54.66,0.0,1.0
54.67,0.0,2.0
54.76,0.0,1.0
54.78,1.0,1.0
54.85,1.0,1.0
54.87,0.0,2.0
54.89,0.0,1.0
54.9,0.0,1.0
54.94,0.0,1.0
54.98,0.0,1.0
55.05,0.0,1.0
55.1,1.0,1.0
55.13,0.0,1.0
55.28,0.0,1.0
55.4,0.0,1.0
55.41,1.0,1.0
55.46,0.0,1.0
55.6,0.0,1.0
55.65,0.0,1.0
55.66,0.0,1.0
55.73,0.0,1.0
55.75,0.0,1.0
55.96,0.0,1.0
55.97,0.0,1.0
56.07,0.0,1.0
56.07,1.0,1.0
56.15,0.0,1.0
56.2,1.0,1.0
56.21,1.0,1.0
56.26,0.0,1.0
56.31,0.0,1.0
56.39,1.0,2.0
56.41,1.0,1.0
56.44,1.0,1.0
56.61,0.0,1.0
56.64,1.0,1.0
56.65,0.0,1.0
56.67,0.0,1.0
56.71,0.0,1.0
56.72,0.0,1.0
56.76,0.0,1.0
56.79,0.0,1.0
56.84,1.0,1.0
57.14,0.0,1.0
57.24,0.0,2.0
57.28,0.0,1.0
57.36,0.0,1.0
57.44,0.0,1.0
57.47,1.0,1.0
57.5,1.0,1.0
57.6,1.0,1.0
57.64,1.0,1.0
57.83,0.0,2.0
57.92,1.0,1.0
57.94,0.0,1.0
58.06,0.0,1.0
58.13,1.0,1.0
58.21,0.0,1.0
58.48,0.0,1.0
58.57,0.0,1.0
58.82,0.0,1.0
58.89,0.0,1.0
58.96,0.0,1.0
58.99,0.0,1.0
59.26,1.0,2.0
59.28,0.0,1.0
59.34,1.0,1.0
59.4,0.0,1.0
59.52,1.0,1.0
59.59,0.0,1.0
59.74,0.0,1.0
59.94,0.0,1.0
60.0,1.0,1.0
60.28,0.0,2.0
60.38,0.0,1.0
60.48,0.0,1.0
60.67,0.0,1.0
60.67,1.0,1.0
60.77,0.0,1.0
60.95,0.0,1.0
61.22,1.0,1.0
61.29,1.0,1.0
61.33,0.0,1.0
61.35,0.0,1.0
61.46,1.0,1.0
61.48,0.0,2.0
61.54,0.0,1.0
61.57,0.0,1.0
61.62,0.0,1.0
61.72,1.0,1.0
61.76,1.0,1.0
61.89,0.0,1.0
61.97,1.0,1.0
62.02,1.0,1.0
62.05,1.0,1.0
62.06,1.0,1.0
62.13,1.0,2.0
62.2,1.0,1.0
62.24,1.0,2.0
62.26,1.0,1.0
62.31,1.0,3.0
62.33,1.0,1.0
62.8,1.0,1.0
63.6,0.0,1.0
63.79,0.0,1.0
63.92,0.0,1.0
64.14,0.0,2.0
64.29,0.0,1.0
64.47,0.0,1.0
64.5,0.0,1.0
64.53,0.0,1.0
64.6,0.0,2.0
64.66,0.0,1.0
64.66,1.0,1.0
64.84,1.0,1.0
64.91,0.0,1.0
65.07,0.0,1.0
65.09,0.0,1.0
65.16,0.0,1.0
65.18,0.0,1.0
65.22,0.0,1.0
65.25,0.0,2.0
65.29,0.0,1.0
65.35,0.0,2.0
65.41,0.0,1.0
65.47,0.0,1.0
65.49,0.0,1.0
65.5,0.0,1.0
65.62,0.0,1.0
65.65,0.0,2.0
65.78,0.0,1.0
65.79,0.0,2.0
65.88,0.0,1.0
65.92,0.0,2.0
65.93,0.0,1.0
65.94,0.0,2.0
66.06,0.0,1.0
66.07,0.0,3.0
66.1,0.0,1.0
66.2,0.0,1.0
66.22,0.0,1.0
66.23,0.0,1.0
66.37,0.0,4.0
66.52,0.0,2.0
66.67,0.0,3.0
66.82,0.0,1.0
66.96,0.0,1.0
66.97,0.0,1.0
67.11,0.0,1.0
67.3,0.0,1.0

