seq_score,occurence
39.34,1.0
44.14,1.0
46.28,1.0
46.8,1.0
46.88,1.0
47.0,1.0
47.12,1.0
47.27,1.0
47.46,1.0
47.48,1.0
47.54,1.0
47.65,1.0
47.93,1.0
47.95,1.0
48.52,1.0
48.73,1.0
48.82,1.0
48.99,1.0
49.07,1.0
49.1,1.0
49.38,1.0
49.39,1.0
49.81,1.0
49.84,1.0
50.04,1.0
50.1,1.0
50.25,1.0
50.48,1.0
50.49,1.0
50.55,1.0
50.59,1.0
50.6,1.0
50.68,1.0
50.71,1.0
50.81,1.0
50.9,1.0
50.93,1.0
50.97,1.0
51.05,1.0
51.08,1.0
51.17,1.0
51.18,1.0
51.21,1.0
51.27,1.0
51.28,1.0
51.3,1.0
51.33,1.0
51.36,1.0
51.5,1.0
51.51,2.0
51.68,1.0
51.84,1.0
51.92,1.0
52.13,1.0
52.15,1.0
52.18,1.0
52.23,2.0
52.26,1.0
52.27,1.0
52.28,1.0
52.29,1.0
52.31,1.0
52.35,1.0
52.38,1.0
52.39,1.0
52.41,1.0
52.47,1.0
52.59,1.0
52.61,1.0
52.63,1.0
52.67,1.0
52.71,1.0
52.74,1.0
52.76,1.0
52.89,1.0
52.93,1.0
53.04,1.0
53.09,1.0
53.15,1.0
53.18,1.0
53.19,1.0
53.25,1.0
53.27,1.0
53.48,1.0
53.5,1.0
53.52,1.0
53.58,1.0
53.61,1.0
53.63,1.0
53.74,1.0
53.82,1.0
53.89,1.0
53.94,1.0
53.97,2.0
53.99,1.0
54.01,1.0
54.05,2.0
54.06,1.0
54.07,1.0
54.08,1.0
54.09,1.0
54.11,1.0
54.15,1.0
54.16,1.0
54.27,1.0
54.33,1.0
54.35,1.0
54.37,1.0
54.4,1.0
54.53,1.0
54.72,1.0
54.82,3.0
54.84,1.0
54.85,1.0
54.89,1.0
54.91,1.0
54.93,2.0
54.94,2.0
55.01,1.0
55.05,2.0
55.12,1.0
55.16,1.0
55.18,1.0
55.22,1.0
55.23,1.0
55.25,1.0
55.26,1.0
55.28,1.0
55.3,1.0
55.35,2.0
55.47,1.0
55.48,1.0
55.5,1.0
55.52,1.0
55.6,1.0
55.63,1.0
55.65,1.0
55.66,1.0
55.67,1.0
55.75,2.0
55.87,1.0
55.92,1.0
55.93,1.0
55.96,1.0
55.98,1.0
56.0,1.0
56.03,1.0
56.07,1.0
56.08,1.0
56.09,1.0
56.15,1.0
56.17,2.0
56.18,1.0
56.25,3.0
56.28,1.0
56.3,1.0
56.38,1.0
56.39,1.0
56.41,1.0
56.42,1.0
56.44,2.0
56.46,1.0
56.48,1.0
56.49,1.0
56.5,1.0
56.51,1.0
56.57,1.0
56.59,1.0
56.6,1.0
56.61,1.0
56.66,1.0
56.67,1.0
56.69,1.0
56.71,1.0
56.74,1.0
56.78,1.0
56.79,1.0
56.84,1.0
56.85,2.0
56.88,1.0
56.89,1.0
56.9,1.0
56.91,1.0
56.94,2.0
56.95,1.0
57.05,2.0
57.09,2.0
57.13,1.0
57.16,1.0
57.21,1.0
57.24,1.0
57.27,1.0
57.31,1.0
57.33,1.0
57.34,1.0
57.35,1.0
57.37,1.0
57.41,1.0
57.43,1.0
57.46,1.0
57.47,3.0
57.48,1.0
57.52,1.0
57.53,1.0
57.55,1.0
57.56,1.0
57.57,1.0
57.58,1.0
57.6,1.0
57.62,1.0
57.64,1.0
57.65,1.0
57.67,2.0
57.7,1.0
57.72,1.0
57.74,2.0
57.76,2.0
57.79,1.0
57.81,2.0
57.85,1.0
57.86,1.0
57.87,2.0
57.88,3.0
57.9,1.0
57.94,1.0
57.95,2.0
57.97,3.0
58.03,1.0
58.05,1.0
58.08,1.0
58.1,1.0
58.11,1.0
58.14,1.0
58.15,1.0
58.17,1.0
58.23,2.0
58.24,1.0
58.3,1.0
58.33,1.0
58.34,1.0
58.36,1.0
58.37,1.0
58.4,1.0
58.41,2.0
58.42,1.0
58.44,1.0
58.47,1.0
58.49,1.0
58.52,1.0
58.53,1.0
58.54,1.0
58.58,1.0
58.59,4.0
58.61,1.0
58.62,1.0
58.65,2.0
58.67,3.0
58.68,1.0
58.69,3.0
58.7,2.0
58.73,1.0
58.74,1.0
58.75,2.0
58.76,3.0
58.77,1.0
58.79,2.0
58.82,1.0
58.83,2.0
58.84,2.0
58.87,2.0
58.88,3.0
58.89,1.0
58.92,2.0
58.94,3.0
58.99,1.0
59.0,1.0
59.03,1.0
59.04,1.0
59.06,1.0
59.07,1.0
59.09,1.0
59.1,1.0
59.11,1.0
59.14,1.0
59.15,1.0
59.17,2.0
59.18,1.0
59.2,1.0
59.25,1.0
59.27,1.0
59.28,1.0
59.3,1.0
59.33,1.0
59.34,2.0
59.35,1.0
59.36,1.0
59.38,1.0
59.41,1.0
59.43,3.0
59.44,2.0
59.47,2.0
59.49,1.0
59.5,3.0
59.53,3.0
59.54,2.0
59.55,4.0
59.56,1.0
59.6,1.0
59.61,1.0
59.62,1.0
59.65,2.0
59.66,1.0
59.68,1.0
59.69,1.0
59.7,2.0
59.72,1.0
59.73,3.0
59.74,1.0
59.75,1.0
59.76,2.0
59.78,2.0
59.83,3.0
59.85,1.0
59.86,1.0
59.87,2.0
59.89,1.0
59.9,1.0
59.91,3.0
59.92,1.0
59.93,2.0
59.94,1.0
59.95,2.0
59.98,2.0
59.99,1.0
60.0,3.0
60.01,1.0
60.03,3.0
60.05,2.0
60.06,1.0
60.08,2.0
60.09,2.0
60.1,1.0
60.11,1.0
60.13,1.0
60.16,1.0
60.17,3.0
60.19,1.0
60.2,1.0
60.23,5.0
60.24,1.0
60.25,4.0
60.26,2.0
60.27,1.0
60.28,2.0
60.29,3.0
60.31,1.0
60.32,2.0
60.33,2.0
60.34,1.0
60.35,4.0
60.36,1.0
60.38,3.0
60.39,1.0
60.4,1.0
60.42,1.0
60.43,3.0
60.44,2.0
60.49,1.0
60.51,1.0
60.52,3.0
60.54,1.0
60.55,1.0
60.56,1.0
60.57,2.0
60.58,2.0
60.61,2.0
60.62,2.0
60.63,1.0
60.64,1.0
60.65,2.0
60.66,2.0
60.67,1.0
60.68,1.0
60.69,3.0
60.7,3.0
60.72,1.0
60.75,3.0
60.76,1.0
60.78,4.0
60.79,1.0
60.8,3.0
60.81,1.0
60.82,2.0
60.83,1.0
60.84,3.0
60.85,2.0
60.86,2.0
60.87,1.0
60.88,1.0
60.9,2.0
60.91,1.0
60.92,1.0
60.93,2.0
60.94,1.0
60.96,1.0
60.97,2.0
60.99,3.0
61.01,1.0
61.02,4.0
61.03,2.0
61.05,3.0
61.06,3.0
61.07,3.0
61.08,2.0
61.1,2.0
61.11,3.0
61.12,1.0
61.13,1.0
61.14,1.0
61.15,1.0
61.17,2.0
61.18,3.0
61.19,2.0
61.2,1.0
61.21,2.0
61.22,4.0
61.23,1.0
61.25,2.0
61.27,4.0
61.29,1.0
61.3,1.0
61.32,3.0
61.34,1.0
61.36,3.0
61.37,3.0
61.38,1.0
61.39,3.0
61.4,4.0
61.41,2.0
61.42,6.0
61.43,3.0
61.44,1.0
61.45,1.0
61.46,2.0
61.47,3.0
61.48,2.0
61.49,4.0
61.51,1.0
61.52,4.0
61.53,1.0
61.54,2.0
61.55,2.0
61.56,4.0
61.57,1.0
61.58,2.0
61.59,4.0
61.61,1.0
61.62,1.0
61.64,1.0
61.65,1.0
61.66,3.0
61.67,1.0
61.68,4.0
61.69,5.0
61.7,2.0
61.71,2.0
61.72,4.0
61.74,2.0
61.75,1.0
61.76,2.0
61.77,2.0
61.78,2.0
61.8,5.0
61.82,5.0
61.83,3.0
61.84,3.0
61.85,3.0
61.86,1.0
61.87,3.0
61.88,1.0
61.89,2.0
61.9,4.0
61.91,5.0
61.92,4.0
61.93,1.0
61.94,4.0
61.97,4.0
61.98,3.0
61.99,1.0
62.0,1.0
62.01,2.0
62.02,7.0
62.03,3.0
62.04,1.0
62.05,2.0
62.06,4.0
62.07,2.0
62.08,3.0
62.09,1.0
62.1,6.0
62.11,4.0
62.12,2.0
62.13,1.0
62.14,1.0
62.15,1.0
62.16,2.0
62.17,2.0
62.18,3.0
62.19,2.0
62.21,1.0
62.22,2.0
62.23,2.0
62.24,1.0
62.25,4.0
62.26,3.0
62.27,5.0
62.29,3.0
62.31,1.0
62.32,4.0
62.33,6.0
62.34,5.0
62.35,4.0
62.36,5.0
62.37,3.0
62.38,4.0
62.39,1.0
62.4,5.0
62.41,3.0
62.42,1.0
62.43,4.0
62.44,6.0
62.45,2.0
62.46,2.0
62.48,4.0
62.49,2.0
62.5,2.0
62.51,4.0
62.52,2.0
62.53,2.0
62.54,4.0
62.55,5.0
62.56,3.0
62.57,2.0
62.58,3.0
62.59,1.0
62.6,3.0
62.61,4.0
62.62,3.0
62.63,2.0
62.64,1.0
62.65,3.0
62.66,3.0
62.67,2.0
62.68,5.0
62.69,3.0
62.7,1.0
62.71,1.0
62.72,3.0
62.73,4.0
62.74,2.0
62.75,3.0
62.76,1.0
62.78,2.0
62.79,1.0
62.8,2.0
62.81,3.0
62.82,7.0
62.83,2.0
62.84,2.0
62.85,3.0
62.86,3.0
62.87,1.0
62.88,5.0
62.89,3.0
62.9,4.0
62.91,2.0
62.92,1.0
62.93,4.0
62.94,5.0
62.95,1.0
62.96,4.0
62.97,3.0
62.98,3.0
63.0,3.0
63.01,4.0
63.02,4.0
63.03,2.0
63.05,4.0
63.06,5.0
63.07,3.0
63.08,1.0
63.09,4.0
63.1,2.0
63.11,1.0
63.12,2.0
63.13,2.0
63.14,3.0
63.15,3.0
63.16,2.0
63.17,2.0
63.18,3.0
63.19,3.0
63.2,5.0
63.21,5.0
63.22,2.0
63.23,1.0
63.24,2.0
63.26,4.0
63.28,4.0
63.29,3.0
63.3,2.0
63.31,2.0
63.32,4.0
63.33,5.0
63.34,2.0
63.35,2.0
63.36,2.0
63.37,1.0
63.38,1.0
63.39,2.0
63.4,3.0
63.41,3.0
63.42,4.0
63.44,2.0
63.46,4.0
63.47,5.0
63.48,2.0
63.49,2.0
63.5,3.0
63.51,3.0
63.52,1.0
63.53,4.0
63.54,3.0
63.55,2.0
63.56,5.0
63.57,5.0
63.58,3.0
63.59,5.0
63.6,2.0
63.61,4.0
63.62,1.0
63.63,6.0
63.64,3.0
63.65,3.0
63.66,3.0
63.67,2.0
63.68,6.0
63.69,1.0
63.7,4.0
63.71,4.0
63.72,3.0
63.73,2.0
63.74,2.0
63.75,4.0
63.76,2.0
63.77,3.0
63.78,3.0
63.79,6.0
63.8,4.0
63.81,2.0
63.82,6.0
63.83,1.0
63.84,4.0
63.86,1.0
63.87,4.0
63.88,7.0
63.9,5.0
63.91,3.0
63.92,7.0
63.93,2.0
63.94,4.0
63.95,2.0
63.96,2.0
63.97,5.0
63.98,2.0
63.99,2.0
64.0,3.0
64.01,2.0
64.02,3.0
64.03,1.0
64.04,6.0
64.05,3.0
64.06,3.0
64.07,1.0
64.08,4.0
64.09,1.0
64.1,3.0
64.11,1.0
64.12,4.0
64.13,7.0
64.14,3.0
64.15,2.0
64.16,4.0
64.17,1.0
64.18,7.0
64.19,2.0
64.2,4.0
64.21,5.0
64.22,4.0
64.23,2.0
64.24,1.0
64.25,2.0
64.26,6.0
64.27,4.0
64.28,1.0
64.29,2.0
64.3,5.0
64.31,3.0
64.32,1.0
64.33,2.0
64.34,5.0
64.35,1.0
64.38,3.0
64.4,6.0
64.41,3.0
64.42,4.0
64.43,3.0
64.44,3.0
64.45,3.0
64.46,1.0
64.47,4.0
64.48,5.0
64.49,4.0
64.5,3.0
64.51,3.0
64.52,1.0
64.53,4.0
64.54,5.0
64.55,4.0
64.56,3.0
64.57,1.0
64.58,2.0
64.59,1.0
64.6,2.0
64.61,4.0
64.62,5.0
64.63,2.0
64.64,2.0
64.66,2.0
64.67,2.0
64.68,2.0
64.69,4.0
64.7,2.0
64.71,5.0
64.72,4.0
64.73,5.0
64.74,2.0
64.75,1.0
64.76,2.0
64.77,3.0
64.78,3.0
64.79,2.0
64.8,5.0
64.81,2.0
64.82,2.0
64.83,2.0
64.84,3.0
64.85,3.0
64.86,2.0
64.87,3.0
64.88,3.0
64.89,2.0
64.9,2.0
64.91,3.0
64.92,7.0
64.93,5.0
64.95,2.0
64.96,3.0
64.97,3.0
64.98,2.0
64.99,4.0
65.0,4.0
65.01,3.0
65.02,3.0
65.03,2.0
65.04,6.0
65.05,3.0
65.06,1.0
65.07,2.0
65.08,3.0
65.09,3.0
65.1,5.0
65.11,1.0
65.12,5.0
65.13,2.0
65.14,4.0
65.15,5.0
65.16,4.0
65.17,1.0
65.18,4.0
65.19,5.0
65.2,3.0
65.21,4.0
65.22,5.0
65.23,1.0
65.24,3.0
65.25,2.0
65.26,1.0
65.27,3.0
65.29,2.0
65.3,2.0
65.31,4.0
65.32,5.0
65.33,4.0
65.34,5.0
65.35,5.0
65.37,2.0
65.38,3.0
65.39,2.0
65.4,1.0
65.41,4.0
65.42,5.0
65.43,1.0
65.44,6.0
65.45,3.0
65.46,4.0
65.47,4.0
65.48,2.0
65.49,3.0
65.5,2.0
65.51,2.0
65.52,4.0
65.53,2.0
65.54,2.0
65.55,4.0
65.56,3.0
65.57,3.0
65.58,6.0
65.59,1.0
65.6,3.0
65.61,3.0
65.62,1.0
65.63,3.0
65.64,3.0
65.65,4.0
65.66,5.0
65.67,1.0
65.68,4.0
65.69,3.0
65.7,3.0
65.71,4.0
65.72,3.0
65.73,4.0
65.74,3.0
65.75,4.0
65.76,2.0
65.78,5.0
65.79,3.0
65.8,4.0
65.81,4.0
65.82,2.0
65.83,3.0
65.84,3.0
65.85,5.0
65.86,4.0
65.87,1.0
65.88,6.0
65.89,3.0
65.9,6.0
65.91,4.0
65.92,1.0
65.93,2.0
65.94,3.0
65.95,4.0
65.96,3.0
65.97,1.0
65.98,1.0
65.99,1.0
66.0,3.0
66.01,3.0
66.02,5.0
66.03,1.0
66.04,2.0
66.05,6.0
66.06,3.0
66.07,2.0
66.08,2.0
66.09,3.0
66.1,2.0
66.11,2.0
66.12,3.0
66.13,1.0
66.14,6.0
66.15,3.0
66.16,3.0
66.17,3.0
66.18,8.0
66.19,2.0
66.2,5.0
66.21,2.0
66.22,4.0
66.23,4.0
66.24,2.0
66.25,2.0
66.26,4.0
66.27,2.0
66.28,1.0
66.29,2.0
66.3,1.0
66.31,2.0
66.32,2.0
66.33,4.0
66.34,2.0
66.35,3.0
66.36,4.0
66.37,4.0
66.38,3.0
66.39,3.0
66.4,4.0
66.41,3.0
66.42,4.0
66.43,3.0
66.44,4.0
66.45,3.0
66.46,3.0
66.47,1.0
66.48,7.0
66.49,4.0
66.5,4.0
66.51,2.0
66.52,1.0
66.53,5.0
66.54,2.0
66.55,4.0
66.56,4.0
66.57,3.0
66.58,6.0
66.59,1.0
66.6,7.0
66.61,3.0
66.62,2.0
66.63,5.0
66.64,2.0
66.65,6.0
66.66,3.0
66.67,4.0
66.68,5.0
66.69,5.0
66.7,4.0
66.71,1.0
66.72,3.0
66.73,3.0
66.74,5.0
66.75,3.0
66.76,4.0
66.77,4.0
66.78,3.0
66.79,4.0
66.81,3.0
66.82,3.0
66.83,3.0
66.84,4.0
66.85,3.0
66.86,6.0
66.87,5.0
66.88,1.0
66.89,3.0
66.9,4.0
66.91,2.0
66.92,3.0
66.93,3.0
66.94,4.0
66.95,1.0
66.96,3.0
66.97,5.0
66.98,3.0
66.99,4.0
67.0,3.0
67.01,3.0
67.02,6.0
67.03,4.0
67.04,3.0
67.05,3.0
67.06,3.0
67.07,2.0
67.08,3.0
67.09,3.0
67.1,4.0
67.11,3.0
67.12,3.0
67.13,4.0
67.14,2.0
67.15,3.0
67.16,1.0
67.17,1.0
67.18,3.0
67.19,7.0
67.2,3.0
67.21,5.0
67.22,1.0
67.23,3.0
67.24,2.0
67.25,7.0
67.26,4.0
67.27,2.0
67.28,4.0
67.29,2.0
67.3,6.0
67.31,1.0
67.32,4.0
67.33,2.0
67.34,3.0
67.35,4.0
67.36,4.0
67.37,3.0
67.38,1.0
67.39,1.0
67.4,1.0
67.41,2.0
67.42,3.0
67.43,2.0
67.44,1.0
67.45,5.0
67.46,1.0
67.47,2.0
67.48,5.0
67.49,7.0
67.5,4.0
67.51,5.0
67.52,4.0
67.53,3.0
67.54,6.0
67.55,1.0
67.56,4.0
67.57,4.0
67.59,2.0
67.6,3.0
67.61,4.0
67.62,3.0
67.63,5.0
67.64,3.0
67.65,2.0
67.66,2.0
67.67,1.0
67.68,5.0
67.69,4.0
67.7,1.0
67.71,1.0
67.72,3.0
67.73,2.0
67.74,2.0
67.75,2.0
67.77,2.0
67.78,2.0
67.79,2.0
67.8,1.0
67.81,2.0
67.82,2.0
67.83,4.0
67.84,4.0
67.85,1.0
67.86,2.0
67.87,5.0
67.88,3.0
67.89,4.0
67.9,3.0
67.91,5.0
67.92,3.0
67.93,2.0
67.94,4.0
67.95,1.0
67.96,3.0
67.97,8.0
67.98,2.0
67.99,5.0
68.0,5.0
68.01,3.0
68.02,1.0
68.03,5.0
68.04,2.0
68.05,4.0
68.06,4.0
68.08,1.0
68.09,5.0
68.1,5.0
68.11,5.0
68.12,1.0
68.13,2.0
68.14,3.0
68.15,2.0
68.16,2.0
68.17,5.0
68.18,4.0
68.19,2.0
68.2,3.0
68.21,5.0
68.22,3.0
68.23,1.0
68.24,3.0
68.25,2.0
68.26,2.0
68.27,1.0
68.28,1.0
68.3,3.0
68.31,1.0
68.32,3.0
68.33,4.0
68.34,2.0
68.35,2.0
68.36,4.0
68.37,1.0
68.38,2.0
68.39,3.0
68.4,1.0
68.41,4.0
68.42,4.0
68.43,3.0
68.44,3.0
68.45,4.0
68.46,5.0
68.47,2.0
68.48,1.0
68.49,1.0
68.5,4.0
68.51,5.0
68.52,2.0
68.53,3.0
68.54,5.0
68.55,4.0
68.56,2.0
68.57,1.0
68.58,2.0
68.59,3.0
68.6,2.0
68.61,2.0
68.62,4.0
68.63,2.0
68.64,5.0
68.65,4.0
68.66,5.0
68.67,1.0
68.68,7.0
68.69,2.0
68.7,2.0
68.71,5.0
68.72,2.0
68.73,8.0
68.74,6.0
68.75,4.0
68.76,2.0
68.77,2.0
68.78,4.0
68.79,2.0
68.8,3.0
68.81,2.0
68.82,2.0
68.83,5.0
68.84,2.0
68.85,2.0
68.86,3.0
68.87,6.0
68.88,2.0
68.89,5.0
68.9,4.0
68.91,4.0
68.92,1.0
68.94,7.0
68.95,1.0
68.96,4.0
68.97,1.0
68.98,2.0
68.99,5.0
69.0,1.0
69.01,4.0
69.02,2.0
69.03,2.0
69.04,5.0
69.05,4.0
69.06,1.0
69.07,3.0
69.08,4.0
69.09,2.0
69.1,2.0
69.11,2.0
69.12,1.0
69.13,5.0
69.14,3.0
69.15,2.0
69.16,1.0
69.18,3.0
69.19,4.0
69.2,2.0
69.21,8.0
69.22,4.0
69.23,2.0
69.24,4.0
69.25,2.0
69.26,3.0
69.27,8.0
69.28,2.0
69.29,3.0
69.3,3.0
69.31,3.0
69.32,3.0
69.33,3.0
69.34,4.0
69.35,3.0
69.36,7.0
69.37,6.0
69.38,6.0
69.39,1.0
69.4,1.0
69.41,1.0
69.42,6.0
69.43,4.0
69.44,3.0
69.45,3.0
69.46,5.0
69.47,3.0
69.48,1.0
69.49,3.0
69.5,4.0
69.51,4.0
69.52,4.0
69.53,5.0
69.54,3.0
69.55,4.0
69.56,3.0
69.57,3.0
69.58,4.0
69.59,4.0
69.6,3.0
69.61,3.0
69.62,3.0
69.63,5.0
69.64,3.0
69.65,8.0
69.66,4.0
69.67,1.0
69.68,4.0
69.69,3.0
69.7,4.0
69.71,4.0
69.72,2.0
69.73,5.0
69.74,2.0
69.75,6.0
69.76,3.0
69.77,2.0
69.78,4.0
69.79,7.0
69.8,3.0
69.81,6.0
69.82,5.0
69.83,6.0
69.84,4.0
69.85,3.0
69.86,3.0
69.87,3.0
69.88,5.0
69.89,1.0
69.9,2.0
69.91,8.0
69.92,6.0
69.93,7.0
69.94,2.0
69.95,5.0
69.96,6.0
69.97,2.0
69.98,1.0
69.99,4.0
70.0,5.0
70.01,2.0
70.02,2.0
70.03,2.0
70.04,4.0
70.05,3.0
70.07,2.0
70.08,2.0
70.09,2.0
70.1,5.0
70.11,4.0
70.12,1.0
70.13,1.0
70.14,3.0
70.15,3.0
70.16,3.0
70.17,1.0
70.18,3.0
70.19,1.0
70.2,3.0
70.21,6.0
70.22,2.0
70.23,2.0
70.24,3.0
70.25,8.0
70.26,3.0
70.27,2.0
70.28,2.0
70.3,4.0
70.31,4.0
70.32,2.0
70.33,2.0
70.34,4.0
70.35,4.0
70.36,4.0
70.37,5.0
70.38,4.0
70.39,6.0
70.4,1.0
70.41,6.0
70.42,3.0
70.43,1.0
70.44,6.0
70.45,2.0
70.46,1.0
70.47,2.0
70.48,2.0
70.49,1.0
70.5,4.0
70.51,3.0
70.52,4.0
70.53,2.0
70.54,2.0
70.55,2.0
70.56,3.0
70.57,3.0
70.58,5.0
70.59,2.0
70.6,3.0
70.61,4.0
70.63,5.0
70.64,2.0
70.65,2.0
70.66,4.0
70.67,1.0
70.68,2.0
70.69,3.0
70.7,2.0
70.71,3.0
70.72,3.0
70.73,2.0
70.74,7.0
70.75,3.0
70.76,3.0
70.77,1.0
70.78,3.0
70.79,4.0
70.8,4.0
70.81,3.0
70.82,2.0
70.84,3.0
70.85,7.0
70.86,4.0
70.87,6.0
70.88,5.0
70.89,1.0
70.9,4.0
70.91,3.0
70.92,2.0
70.93,3.0
70.94,2.0
70.95,1.0
70.96,1.0
70.97,1.0
70.98,1.0
70.99,1.0
71.0,4.0
71.01,7.0
71.02,1.0
71.03,4.0
71.04,6.0
71.05,5.0
71.06,3.0
71.07,3.0
71.08,4.0
71.09,4.0
71.1,3.0
71.11,4.0
71.12,2.0
71.13,6.0
71.14,1.0
71.15,3.0
71.16,3.0
71.17,4.0
71.18,5.0
71.19,1.0
71.2,2.0
71.21,3.0
71.22,3.0
71.23,3.0
71.24,3.0
71.25,4.0
71.26,1.0
71.27,4.0
71.29,1.0
71.3,5.0
71.31,6.0
71.32,4.0
71.33,2.0
71.34,6.0
71.35,2.0
71.36,5.0
71.37,3.0
71.38,2.0
71.39,3.0
71.4,4.0
71.42,2.0
71.43,1.0
71.44,3.0
71.45,4.0
71.46,2.0
71.47,2.0
71.48,3.0
71.49,1.0
71.5,1.0
71.51,2.0
71.53,1.0
71.54,3.0
71.55,3.0
71.56,3.0
71.57,5.0
71.58,2.0
71.59,2.0
71.6,4.0
71.61,4.0
71.62,3.0
71.63,1.0
71.64,4.0
71.65,2.0
71.66,6.0
71.67,1.0
71.68,6.0
71.69,3.0
71.7,2.0
71.71,2.0
71.72,3.0
71.73,1.0
71.74,2.0
71.75,5.0
71.76,3.0
71.77,3.0
71.78,1.0
71.79,4.0
71.8,5.0
71.81,1.0
71.82,2.0
71.83,7.0
71.84,4.0
71.85,3.0
71.86,4.0
71.87,2.0
71.88,3.0
71.89,1.0
71.9,3.0
71.91,3.0
71.92,2.0
71.93,6.0
71.95,5.0
71.96,4.0
71.97,3.0
71.98,4.0
71.99,6.0
72.0,1.0
72.01,2.0
72.02,3.0
72.03,2.0
72.04,2.0
72.05,7.0
72.06,2.0
72.07,3.0
72.08,1.0
72.09,5.0
72.1,1.0
72.11,1.0
72.12,2.0
72.13,8.0
72.14,2.0
72.15,6.0
72.16,3.0
72.18,1.0
72.19,1.0
72.2,1.0
72.21,4.0
72.22,4.0
72.23,1.0
72.24,1.0
72.25,3.0
72.26,4.0
72.27,3.0
72.28,1.0
72.31,3.0
72.32,4.0
72.33,4.0
72.35,4.0
72.36,5.0
72.37,3.0
72.38,2.0
72.39,1.0
72.4,4.0
72.41,3.0
72.42,6.0
72.43,3.0
72.44,1.0
72.45,2.0
72.46,1.0
72.47,6.0
72.48,1.0
72.49,4.0
72.5,3.0
72.51,1.0
72.52,1.0
72.53,1.0
72.54,1.0
72.55,3.0
72.56,4.0
72.59,3.0
72.6,3.0
72.61,1.0
72.62,1.0
72.63,4.0
72.64,2.0
72.66,3.0
72.67,1.0
72.68,2.0
72.69,3.0
72.7,4.0
72.71,4.0
72.72,4.0
72.73,2.0
72.74,3.0
72.75,1.0
72.76,2.0
72.77,4.0
72.78,1.0
72.79,3.0
72.8,4.0
72.81,2.0
72.82,2.0
72.83,2.0
72.84,3.0
72.86,3.0
72.87,2.0
72.88,1.0
72.89,1.0
72.9,4.0
72.91,1.0
72.92,2.0
72.93,1.0
72.94,1.0
72.95,5.0
72.96,3.0
72.97,1.0
72.98,2.0
72.99,1.0
73.0,4.0
73.02,4.0
73.03,1.0
73.04,3.0
73.05,3.0
73.06,2.0
73.07,7.0
73.08,1.0
73.09,3.0
73.1,1.0
73.11,4.0
73.12,3.0
73.13,3.0
73.14,3.0
73.16,1.0
73.17,2.0
73.18,1.0
73.19,2.0
73.2,2.0
73.21,2.0
73.23,3.0
73.24,1.0
73.25,3.0
73.26,1.0
73.27,5.0
73.28,3.0
73.3,1.0
73.31,6.0
73.32,1.0
73.33,2.0
73.35,2.0
73.36,1.0
73.37,1.0
73.38,2.0
73.39,2.0
73.4,2.0
73.42,5.0
73.43,3.0
73.44,4.0
73.45,1.0
73.46,1.0
73.47,3.0
73.48,3.0
73.49,2.0
73.5,2.0
73.51,2.0
73.52,4.0
73.53,3.0
73.54,3.0
73.55,3.0
73.57,1.0
73.58,1.0
73.59,2.0
73.6,2.0
73.61,3.0
73.63,4.0
73.64,3.0
73.66,2.0
73.67,3.0
73.68,1.0
73.69,2.0
73.7,3.0
73.71,1.0
73.72,3.0
73.73,2.0
73.74,1.0
73.75,1.0
73.76,1.0
73.77,3.0
73.78,1.0
73.79,2.0
73.8,2.0
73.81,3.0
73.82,2.0
73.83,4.0
73.85,3.0
73.86,4.0
73.87,2.0
73.88,3.0
73.89,6.0
73.9,1.0
73.91,1.0
73.92,1.0
73.93,1.0
73.94,2.0
73.95,1.0
73.96,1.0
73.97,2.0
74.0,1.0
74.01,3.0
74.02,1.0
74.04,4.0
74.06,2.0
74.07,1.0
74.09,4.0
74.1,2.0
74.12,2.0
74.13,2.0
74.14,2.0
74.15,2.0
74.16,2.0
74.17,3.0
74.18,1.0
74.19,1.0
74.2,1.0
74.21,1.0
74.22,2.0
74.23,1.0
74.24,2.0
74.26,1.0
74.27,1.0
74.28,1.0
74.29,3.0
74.3,2.0
74.31,3.0
74.32,2.0
74.33,1.0
74.34,4.0
74.35,1.0
74.36,1.0
74.37,1.0
74.39,2.0
74.41,1.0
74.42,1.0
74.46,2.0
74.48,4.0
74.51,2.0
74.52,2.0
74.53,1.0
74.55,2.0
74.56,2.0
74.57,2.0
74.59,2.0
74.6,2.0
74.62,2.0
74.64,2.0
74.65,1.0
74.66,1.0
74.68,2.0
74.69,2.0
74.7,1.0
74.71,1.0
74.73,1.0
74.74,2.0
74.75,1.0
74.76,2.0
74.77,1.0
74.78,3.0
74.79,3.0
74.8,3.0
74.81,1.0
74.82,2.0
74.83,2.0
74.86,1.0
74.87,2.0
74.91,1.0
74.92,4.0
74.93,2.0
74.94,1.0
74.95,1.0
74.96,2.0
74.97,1.0
74.99,2.0
75.0,1.0
75.01,1.0
75.06,1.0
75.08,4.0
75.09,2.0
75.1,1.0
75.11,1.0
75.13,1.0
75.15,3.0
75.16,1.0
75.19,1.0
75.23,1.0
75.24,1.0
75.28,1.0
75.3,1.0
75.31,1.0
75.33,1.0
75.34,2.0
75.36,1.0
75.37,1.0
75.38,1.0
75.39,1.0
75.42,1.0
75.44,1.0
75.45,1.0
75.46,1.0
75.48,1.0
75.49,3.0
75.52,1.0
75.53,1.0
75.55,1.0
75.56,1.0
75.59,1.0
75.6,2.0
75.62,1.0
75.64,2.0
75.66,2.0
75.7,1.0
75.72,1.0
75.73,1.0
75.74,1.0
75.75,2.0
75.78,2.0
75.79,1.0
75.8,1.0
75.83,1.0
75.86,1.0
75.89,2.0
75.9,1.0
75.91,1.0
75.92,2.0
75.95,1.0
75.99,1.0
76.0,1.0
76.01,1.0
76.03,1.0
76.04,2.0
76.06,1.0
76.07,1.0
76.08,2.0
76.1,1.0
76.11,2.0
76.12,1.0
76.17,1.0
76.24,1.0
76.26,1.0
76.27,2.0
76.28,1.0
76.29,1.0
76.37,1.0
76.41,1.0
76.43,1.0
76.47,1.0
76.48,1.0
76.5,1.0
76.51,1.0
76.53,2.0
76.54,1.0
76.56,1.0
76.66,2.0
76.67,1.0
76.69,2.0
76.72,1.0
76.75,1.0
76.85,1.0
76.86,1.0
76.92,1.0
76.96,1.0
77.01,1.0
77.05,1.0
77.16,1.0
77.3,1.0
77.4,1.0
77.54,1.0
77.55,1.0
77.57,1.0
77.59,1.0
77.61,1.0
77.69,1.0
77.79,1.0
77.88,1.0
77.95,1.0
78.1,1.0
78.46,1.0

