GC_content,occurence
18.17,1.0
24.98,1.0
27.38,1.0
29.8,1.0
30.83,1.0
30.84,1.0
30.99,1.0
31.11,1.0
31.28,1.0
31.49,2.0
31.55,1.0
31.64,1.0
31.67,1.0
31.75,1.0
31.87,1.0
32.09,1.0
32.19,1.0
32.24,1.0
32.46,1.0
33.57,1.0
33.63,1.0
33.75,1.0
33.77,1.0
33.84,1.0
33.89,1.0
33.99,1.0
34.0,1.0
34.27,1.0
34.29,1.0
34.33,1.0
34.41,1.0
34.47,1.0
34.55,1.0
34.59,1.0
34.62,3.0
34.64,2.0
34.77,1.0
34.84,1.0
35.09,1.0
35.28,1.0
35.29,1.0
35.32,1.0
35.34,1.0
35.38,1.0
35.42,1.0
35.43,1.0
35.52,1.0
35.78,1.0
35.89,1.0
35.91,1.0
35.96,1.0
35.98,1.0
36.11,1.0
36.2,1.0
36.25,1.0
36.41,1.0
36.61,1.0
36.7,1.0
36.73,1.0
36.77,1.0
36.81,1.0
36.87,1.0
36.88,1.0
36.95,1.0
37.02,1.0
37.16,1.0
37.22,1.0
37.33,1.0
37.52,1.0
37.62,1.0
37.64,1.0
37.65,1.0
37.79,1.0
37.86,1.0
37.96,1.0
38.0,3.0
38.06,1.0
38.21,1.0
38.3,1.0
38.31,1.0
38.32,1.0
38.37,1.0
38.39,3.0
38.52,1.0
38.53,2.0
38.59,1.0
38.6,1.0
38.62,1.0
38.64,1.0
38.71,1.0
38.79,2.0
38.8,1.0
38.83,1.0
38.93,1.0
38.95,1.0
39.0,1.0
39.04,1.0
39.05,2.0
39.08,1.0
39.17,2.0
39.26,1.0
39.3,1.0
39.38,1.0
39.41,1.0
39.44,1.0
39.45,1.0
39.46,3.0
39.48,2.0
39.52,3.0
39.53,1.0
39.54,1.0
39.56,4.0
39.59,1.0
39.6,1.0
39.63,5.0
39.64,2.0
39.68,1.0
39.7,1.0
39.71,1.0
39.73,1.0
39.74,5.0
39.78,1.0
39.81,1.0
39.85,2.0
39.86,1.0
39.87,1.0
39.88,1.0
39.89,1.0
39.93,1.0
39.94,1.0
39.97,1.0
39.98,1.0
40.0,3.0
40.03,1.0
40.04,1.0
40.08,2.0
40.11,1.0
40.16,1.0
40.18,1.0
40.19,1.0
40.2,1.0
40.27,1.0
40.28,2.0
40.3,3.0
40.31,1.0
40.39,1.0
40.4,1.0
40.41,1.0
40.42,1.0
40.45,1.0
40.48,3.0
40.49,1.0
40.52,1.0
40.55,2.0
40.56,1.0
40.59,1.0
40.62,1.0
40.65,1.0
40.66,1.0
40.68,1.0
40.69,1.0
40.72,1.0
40.74,4.0
40.75,1.0
40.76,2.0
40.77,1.0
40.8,1.0
40.81,1.0
40.83,2.0
40.85,3.0
40.88,2.0
40.89,1.0
40.9,1.0
40.91,3.0
40.93,2.0
40.96,1.0
40.99,3.0
41.0,2.0
41.01,3.0
41.02,1.0
41.05,2.0
41.07,2.0
41.11,1.0
41.14,1.0
41.15,1.0
41.17,1.0
41.18,2.0
41.2,1.0
41.21,2.0
41.22,1.0
41.23,1.0
41.24,2.0
41.25,4.0
41.31,1.0
41.36,3.0
41.37,1.0
41.39,1.0
41.41,2.0
41.43,1.0
41.44,3.0
41.45,1.0
41.47,1.0
41.49,1.0
41.5,1.0
41.51,2.0
41.53,1.0
41.55,1.0
41.57,2.0
41.61,2.0
41.62,2.0
41.64,2.0
41.67,1.0
41.69,1.0
41.7,2.0
41.72,2.0
41.75,2.0
41.77,1.0
41.78,1.0
41.8,1.0
41.81,1.0
41.83,1.0
41.84,1.0
41.85,2.0
41.88,3.0
41.9,2.0
41.94,2.0
41.96,1.0
41.97,2.0
42.03,2.0
42.04,1.0
42.06,2.0
42.09,1.0
42.11,1.0
42.12,2.0
42.14,18.0
42.17,2.0
42.19,1.0
42.21,2.0
42.22,1.0
42.23,1.0
42.26,2.0
42.29,2.0
42.31,2.0
42.32,1.0
42.33,2.0
42.34,1.0
42.35,2.0
42.36,3.0
42.38,1.0
42.39,2.0
42.4,1.0
42.41,4.0
42.43,2.0
42.45,3.0
42.47,4.0
42.48,2.0
42.52,1.0
42.55,1.0
42.56,2.0
42.57,2.0
42.59,1.0
42.6,1.0
42.62,6.0
42.64,1.0
42.66,1.0
42.68,3.0
42.71,2.0
42.72,3.0
42.73,3.0
42.74,2.0
42.75,1.0
42.76,4.0
42.79,5.0
42.81,2.0
42.82,1.0
42.83,1.0
42.86,6.0
42.89,1.0
42.9,2.0
42.91,1.0
42.92,2.0
42.93,2.0
42.95,14.0
42.97,2.0
42.98,1.0
42.99,2.0
43.0,1.0
43.01,2.0
43.02,1.0
43.03,3.0
43.04,4.0
43.05,2.0
43.06,2.0
43.07,4.0
43.08,3.0
43.09,5.0
43.11,1.0
43.12,4.0
43.14,1.0
43.15,1.0
43.17,2.0
43.18,2.0
43.19,3.0
43.2,2.0
43.21,1.0
43.22,2.0
43.23,4.0
43.25,2.0
43.26,1.0
43.27,1.0
43.28,21.0
43.3,1.0
43.31,3.0
43.32,6.0
43.33,2.0
43.34,1.0
43.36,1.0
43.37,3.0
43.38,6.0
43.39,1.0
43.4,3.0
43.42,10.0
43.43,1.0
43.44,1.0
43.46,1.0
43.47,2.0
43.48,1.0
43.49,1.0
43.5,1.0
43.51,3.0
43.52,5.0
43.53,3.0
43.54,4.0
43.56,5.0
43.58,5.0
43.59,3.0
43.61,7.0
43.62,1.0
43.63,1.0
43.64,3.0
43.65,2.0
43.66,2.0
43.67,5.0
43.69,1.0
43.7,1.0
43.71,2.0
43.72,1.0
43.73,3.0
43.75,7.0
43.77,2.0
43.78,3.0
43.79,2.0
43.8,3.0
43.81,1.0
43.82,2.0
43.83,1.0
43.84,2.0
43.85,4.0
43.86,1.0
43.87,2.0
43.88,3.0
43.89,6.0
43.9,1.0
43.91,3.0
43.92,1.0
43.93,9.0
43.95,3.0
43.96,1.0
43.97,1.0
43.98,1.0
43.99,1.0
44.0,4.0
44.01,2.0
44.02,1.0
44.03,2.0
44.04,2.0
44.05,1.0
44.06,1.0
44.07,1.0
44.08,2.0
44.09,2.0
44.1,1.0
44.11,3.0
44.12,3.0
44.13,1.0
44.14,5.0
44.15,2.0
44.16,1.0
44.17,2.0
44.19,3.0
44.2,2.0
44.21,1.0
44.22,2.0
44.23,4.0
44.25,1.0
44.26,6.0
44.27,1.0
44.28,1.0
44.3,1.0
44.31,2.0
44.32,3.0
44.33,1.0
44.34,1.0
44.35,1.0
44.36,1.0
44.38,2.0
44.39,3.0
44.4,3.0
44.43,2.0
44.44,6.0
44.48,3.0
44.5,1.0
44.51,2.0
44.52,3.0
44.53,2.0
44.54,1.0
44.56,2.0
44.57,2.0
44.58,2.0
44.59,3.0
44.61,1.0
44.62,1.0
44.63,5.0
44.64,2.0
44.65,1.0
44.66,2.0
44.67,1.0
44.68,2.0
44.69,2.0
44.7,1.0
44.71,2.0
44.72,4.0
44.74,1.0
44.75,3.0
44.76,3.0
44.77,2.0
44.78,1.0
44.79,1.0
44.8,1.0
44.81,2.0
44.83,2.0
44.84,1.0
44.85,1.0
44.86,2.0
44.87,2.0
44.88,1.0
44.89,2.0
44.9,1.0
44.93,3.0
44.94,1.0
44.95,1.0
44.98,3.0
44.99,1.0
45.0,4.0
45.01,1.0
45.02,1.0
45.03,3.0
45.04,2.0
45.05,1.0
45.08,2.0
45.09,6.0
45.11,2.0
45.12,1.0
45.13,1.0
45.14,2.0
45.15,1.0
45.17,2.0
45.18,1.0
45.19,3.0
45.21,3.0
45.22,3.0
45.23,2.0
45.24,3.0
45.25,1.0
45.26,3.0
45.27,3.0
45.28,1.0
45.29,1.0
45.3,1.0
45.31,2.0
45.32,1.0
45.33,1.0
45.34,1.0
45.35,2.0
45.36,5.0
45.37,1.0
45.38,5.0
45.39,1.0
45.41,1.0
45.43,2.0
45.44,1.0
45.45,2.0
45.47,3.0
45.48,1.0
45.49,1.0
45.5,1.0
45.52,2.0
45.54,2.0
45.55,1.0
45.56,2.0
45.57,4.0
45.58,1.0
45.59,1.0
45.6,4.0
45.61,2.0
45.62,1.0
45.63,1.0
45.64,1.0
45.66,1.0
45.67,1.0
45.69,3.0
45.7,3.0
45.71,2.0
45.72,2.0
45.73,3.0
45.74,2.0
45.76,2.0
45.77,1.0
45.78,1.0
45.79,2.0
45.8,3.0
45.81,3.0
45.82,1.0
45.83,4.0
45.85,3.0
45.86,1.0
45.88,1.0
45.9,1.0
45.92,1.0
45.94,1.0
45.95,2.0
45.96,7.0
45.98,5.0
45.99,1.0
46.0,2.0
46.01,2.0
46.02,2.0
46.03,1.0
46.04,1.0
46.05,4.0
46.07,1.0
46.08,1.0
46.09,3.0
46.1,1.0
46.11,1.0
46.12,3.0
46.13,2.0
46.15,2.0
46.18,1.0
46.19,7.0
46.2,2.0
46.21,2.0
46.22,4.0
46.25,5.0
46.27,1.0
46.28,2.0
46.29,5.0
46.3,1.0
46.31,1.0
46.32,1.0
46.33,1.0
46.35,4.0
46.36,1.0
46.38,7.0
46.39,2.0
46.4,3.0
46.41,5.0
46.42,2.0
46.43,3.0
46.44,1.0
46.45,1.0
46.46,1.0
46.47,4.0
46.48,4.0
46.49,7.0
46.5,3.0
46.51,2.0
46.52,2.0
46.53,3.0
46.54,1.0
46.55,2.0
46.56,4.0
46.57,2.0
46.58,6.0
46.59,1.0
46.6,1.0
46.61,29.0
46.62,2.0
46.63,1.0
46.64,4.0
46.65,2.0
46.67,4.0
46.69,4.0
46.7,1.0
46.72,1.0
46.73,2.0
46.74,2.0
46.76,3.0
46.77,1.0
46.78,4.0
46.79,2.0
46.81,4.0
46.83,1.0
46.84,6.0
46.85,2.0
46.86,7.0
46.88,2.0
46.89,2.0
46.9,1.0
46.91,2.0
46.93,4.0
46.94,3.0
46.95,4.0
46.96,5.0
46.97,3.0
46.98,1.0
47.01,5.0
47.02,2.0
47.03,57.0
47.04,4.0
47.06,4.0
47.08,2.0
47.09,2.0
47.1,2.0
47.11,3.0
47.12,6.0
47.13,2.0
47.14,3.0
47.15,1.0
47.16,1.0
47.17,3.0
47.18,4.0
47.19,1.0
47.2,1.0
47.21,4.0
47.22,3.0
47.23,11.0
47.24,1.0
47.26,8.0
47.27,4.0
47.28,3.0
47.29,3.0
47.3,4.0
47.31,7.0
47.32,1.0
47.33,2.0
47.34,2.0
47.35,2.0
47.36,3.0
47.37,3.0
47.38,1.0
47.39,1.0
47.4,3.0
47.41,2.0
47.43,2.0
47.44,11.0
47.45,2.0
47.46,9.0
47.47,2.0
47.48,1.0
47.49,3.0
47.5,3.0
47.51,2.0
47.52,3.0
47.53,4.0
47.54,2.0
47.55,2.0
47.56,3.0
47.57,3.0
47.58,2.0
47.59,5.0
47.6,3.0
47.62,5.0
47.63,6.0
47.64,3.0
47.65,2.0
47.66,4.0
47.68,3.0
47.69,4.0
47.7,8.0
47.71,2.0
47.72,4.0
47.73,3.0
47.75,1.0
47.76,1.0
47.77,3.0
47.78,3.0
47.79,4.0
47.8,4.0
47.81,5.0
47.83,4.0
47.84,2.0
47.85,1.0
47.86,1.0
47.87,1.0
47.88,8.0
47.89,3.0
47.9,2.0
47.91,3.0
47.92,1.0
47.93,3.0
47.94,3.0
47.95,2.0
47.96,2.0
47.97,2.0
47.98,3.0
47.99,4.0
48.0,2.0
48.01,3.0
48.02,3.0
48.03,3.0
48.05,1.0
48.06,6.0
48.07,1.0
48.08,5.0
48.09,1.0
48.1,5.0
48.11,1.0
48.12,7.0
48.13,3.0
48.14,2.0
48.15,2.0
48.16,3.0
48.17,1.0
48.18,3.0
48.19,3.0
48.2,5.0
48.21,4.0
48.22,3.0
48.24,3.0
48.25,1.0
48.26,6.0
48.27,1.0
48.28,4.0
48.29,3.0
48.3,1.0
48.31,8.0
48.32,3.0
48.33,1.0
48.34,5.0
48.35,3.0
48.36,3.0
48.37,2.0
48.38,3.0
48.39,3.0
48.4,3.0
48.41,1.0
48.42,2.0
48.43,3.0
48.44,1.0
48.45,1.0
48.46,3.0
48.48,1.0
48.5,1.0
48.51,6.0
48.52,2.0
48.54,1.0
48.55,1.0
48.56,1.0
48.57,3.0
48.58,3.0
48.59,2.0
48.61,3.0
48.62,4.0
48.63,6.0
48.65,5.0
48.66,2.0
48.67,7.0
48.68,1.0
48.69,2.0
48.7,8.0
48.71,3.0
48.72,2.0
48.73,3.0
48.75,2.0
48.76,3.0
48.77,2.0
48.78,2.0
48.79,3.0
48.8,1.0
48.81,2.0
48.82,3.0
48.83,1.0
48.84,1.0
48.85,4.0
48.86,8.0
48.87,2.0
48.88,2.0
48.89,4.0
48.9,1.0
48.91,3.0
48.92,5.0
48.93,3.0
48.96,3.0
48.97,2.0
48.98,2.0
48.99,7.0
49.0,1.0
49.01,2.0
49.02,3.0
49.03,1.0
49.04,4.0
49.05,7.0
49.06,1.0
49.07,2.0
49.08,1.0
49.09,2.0
49.1,3.0
49.11,7.0
49.12,4.0
49.13,2.0
49.14,1.0
49.15,5.0
49.16,3.0
49.17,2.0
49.18,3.0
49.19,3.0
49.21,4.0
49.22,7.0
49.23,1.0
49.25,6.0
49.26,5.0
49.28,1.0
49.29,1.0
49.3,2.0
49.31,3.0
49.32,3.0
49.33,5.0
49.34,1.0
49.36,3.0
49.37,2.0
49.38,1.0
49.39,3.0
49.41,4.0
49.42,4.0
49.43,2.0
49.44,1.0
49.45,16.0
49.46,12.0
49.47,1.0
49.49,4.0
49.51,3.0
49.52,2.0
49.54,8.0
49.55,4.0
49.56,13.0
49.57,1.0
49.58,5.0
49.59,2.0
49.6,3.0
49.61,1.0
49.64,4.0
49.65,1.0
49.66,2.0
49.67,8.0
49.68,3.0
49.69,1.0
49.7,5.0
49.71,3.0
49.72,2.0
49.73,1.0
49.74,5.0
49.75,1.0
49.76,1.0
49.77,2.0
49.78,6.0
49.79,3.0
49.81,7.0
49.82,10.0
49.83,1.0
49.85,2.0
49.86,1.0
49.87,2.0
49.88,1.0
49.89,2.0
49.9,2.0
49.91,2.0
49.92,1.0
49.93,1.0
49.95,1.0
50.0,25.0
50.06,3.0
50.07,2.0
50.08,1.0
50.1,3.0
50.11,2.0
50.12,1.0
50.13,1.0
50.15,2.0
50.17,2.0
50.18,7.0
50.19,2.0
50.2,3.0
50.21,2.0
50.24,1.0
50.25,3.0
50.26,1.0
50.27,3.0
50.29,1.0
50.3,4.0
50.31,1.0
50.33,2.0
50.35,2.0
50.36,4.0
50.37,1.0
50.38,3.0
50.39,1.0
50.4,1.0
50.41,2.0
50.42,1.0
50.43,3.0
50.44,2.0
50.45,1.0
50.49,1.0
50.51,1.0
50.52,4.0
50.53,5.0
50.54,2.0
50.55,3.0
50.56,2.0
50.58,2.0
50.59,1.0
50.6,2.0
50.61,1.0
50.62,1.0
50.64,2.0
50.66,1.0
50.67,2.0
50.69,2.0
50.7,1.0
50.72,2.0
50.73,1.0
50.74,3.0
50.75,4.0
50.76,4.0
50.77,4.0
50.78,2.0
50.79,4.0
50.81,3.0
50.83,3.0
50.84,4.0
50.85,1.0
50.86,1.0
50.87,1.0
50.88,1.0
50.9,1.0
50.91,1.0
50.94,1.0
50.96,1.0
50.98,1.0
51.0,3.0
51.02,3.0
51.03,1.0
51.04,2.0
51.05,1.0
51.06,2.0
51.07,1.0
51.08,1.0
51.1,3.0
51.12,1.0
51.13,1.0
51.15,1.0
51.16,2.0
51.17,3.0
51.22,1.0
51.23,7.0
51.25,2.0
51.26,2.0
51.27,4.0
51.28,4.0
51.29,1.0
51.3,2.0
51.32,4.0
51.33,1.0
51.35,3.0
51.37,1.0
51.38,3.0
51.39,2.0
51.4,1.0
51.41,1.0
51.42,2.0
51.44,2.0
51.45,2.0
51.46,1.0
51.47,1.0
51.48,1.0
51.49,1.0
51.5,1.0
51.53,3.0
51.54,1.0
51.55,1.0
51.56,2.0
51.57,4.0
51.58,1.0
51.59,2.0
51.63,2.0
51.64,2.0
51.69,1.0
51.7,1.0
51.72,5.0
51.73,1.0
51.74,2.0
51.76,4.0
51.79,1.0
51.8,1.0
51.81,3.0
51.82,1.0
51.85,1.0
51.88,2.0
51.89,2.0
51.9,2.0
51.91,3.0
51.93,1.0
51.97,1.0
51.98,4.0
52.01,1.0
52.02,2.0
52.03,1.0
52.04,2.0
52.07,1.0
52.1,2.0
52.13,1.0
52.14,1.0
52.17,1.0
52.18,1.0
52.2,2.0
52.22,7.0
52.23,1.0
52.24,3.0
52.25,1.0
52.26,2.0
52.27,2.0
52.28,1.0
52.31,1.0
52.32,2.0
52.36,1.0
52.38,1.0
52.43,3.0
52.44,1.0
52.45,2.0
52.46,2.0
52.48,3.0
52.49,3.0
52.5,2.0
52.51,1.0
52.52,1.0
52.53,2.0
52.55,3.0
52.56,2.0
52.6,1.0
52.63,1.0
52.66,1.0
52.68,1.0
52.69,3.0
52.7,1.0
52.71,3.0
52.74,2.0
52.76,2.0
52.78,1.0
52.87,2.0
52.9,1.0
52.91,2.0
52.92,1.0
52.94,2.0
52.97,2.0
53.0,2.0
53.01,1.0
53.07,1.0
53.08,3.0
53.11,1.0
53.12,1.0
53.14,2.0
53.15,1.0
53.17,1.0
53.18,2.0
53.2,1.0
53.21,1.0
53.23,1.0
53.24,1.0
53.25,1.0
53.27,2.0
53.28,1.0
53.3,2.0
53.31,1.0
53.32,1.0
53.33,1.0
53.38,2.0
53.4,2.0
53.41,1.0
53.44,1.0
53.46,1.0
53.47,1.0
53.5,2.0
53.57,2.0
53.58,1.0
53.63,1.0
53.69,2.0
53.7,1.0
53.71,2.0
53.72,1.0
53.73,1.0
53.74,2.0
53.76,1.0
53.77,1.0
53.78,1.0
53.8,1.0
53.83,1.0
53.85,1.0
53.88,2.0
53.9,1.0
53.91,1.0
53.96,1.0
53.97,1.0
53.99,2.0
54.0,2.0
54.05,1.0
54.07,1.0
54.08,2.0
54.09,2.0
54.13,1.0
54.17,3.0
54.18,2.0
54.22,1.0
54.23,2.0
54.24,2.0
54.28,1.0
54.29,1.0
54.36,2.0
54.45,1.0
54.46,1.0
54.48,1.0
54.49,1.0
54.5,1.0
54.51,1.0
54.53,1.0
54.55,1.0
54.58,2.0
54.59,1.0
54.6,1.0
54.63,2.0
54.66,1.0
54.69,1.0
54.73,1.0
54.74,1.0
54.76,2.0
54.77,1.0
54.78,1.0
54.79,1.0
54.84,1.0
54.86,2.0
54.89,1.0
54.9,1.0
54.93,2.0
55.01,1.0
55.02,1.0
55.04,1.0
55.06,1.0
55.07,1.0
55.09,1.0
55.1,1.0
55.11,1.0
55.12,2.0
55.17,1.0
55.2,1.0
55.22,1.0
55.26,1.0
55.31,1.0
55.33,1.0
55.37,1.0
55.42,1.0
55.49,4.0
55.56,1.0
55.59,1.0
55.6,2.0
55.61,1.0
55.62,4.0
55.65,1.0
55.66,2.0
55.67,1.0
55.68,1.0
55.76,1.0
55.78,1.0
55.81,1.0
55.83,1.0
55.9,1.0
55.91,1.0
55.93,1.0
55.99,2.0
56.0,1.0
56.01,1.0
56.16,1.0
56.18,2.0
56.28,1.0
56.3,1.0
56.31,1.0
56.32,1.0
56.39,1.0
56.42,1.0
56.5,2.0
56.52,1.0
56.54,1.0
56.57,1.0
56.63,1.0
56.65,1.0
56.73,1.0
56.81,1.0
56.91,1.0
56.94,1.0
57.06,1.0
57.07,1.0
57.14,1.0
57.2,1.0
57.26,1.0
57.28,1.0
57.29,1.0
57.31,1.0
57.33,1.0
57.41,1.0
57.45,1.0
57.49,2.0
57.5,1.0
57.54,1.0
57.66,1.0
57.7,1.0
57.74,1.0
57.75,1.0
57.77,1.0
57.79,1.0
57.82,1.0
57.83,1.0
57.87,1.0
57.88,1.0
58.12,1.0
58.17,1.0
58.25,1.0
58.43,1.0
58.54,1.0
58.56,1.0
58.6,1.0
58.67,1.0
58.68,1.0
58.75,1.0
58.8,1.0
58.81,1.0
58.84,1.0
58.95,1.0
58.97,2.0
59.02,1.0
59.03,1.0
59.06,1.0
59.08,1.0
59.1,1.0
59.13,1.0
59.14,1.0
59.17,1.0
59.27,2.0
59.32,1.0
59.35,1.0
59.69,1.0
59.76,1.0
59.78,1.0
59.82,1.0
59.85,1.0
59.9,1.0
59.92,1.0
60.0,1.0
60.14,1.0
60.25,1.0
60.28,1.0
60.33,1.0
60.54,1.0
60.57,1.0
60.58,1.0
60.59,1.0
60.85,1.0
60.89,1.0
61.0,1.0
61.06,1.0
61.11,1.0
61.26,1.0
61.29,1.0
61.37,1.0
61.49,1.0
61.87,2.0
62.16,1.0
62.4,1.0
62.41,2.0
62.43,1.0
62.57,1.0
62.69,1.0
62.73,1.0
62.86,1.0
62.87,1.0
62.96,1.0
63.07,1.0
63.12,1.0
63.29,1.0
63.37,1.0
63.64,1.0
63.81,1.0
63.88,1.0
63.95,1.0
64.01,1.0
64.58,1.0
64.61,1.0
64.99,1.0
65.28,1.0
65.56,1.0
65.57,1.0
65.81,1.0
65.92,1.0
66.18,1.0
66.31,1.0
66.84,1.0

